epoch	pi-loss	q-loss	average-q-values	std-q-values	max-q-values	min-q-values	average-episode-return	std-episode-return	max-episode-return	min-episode-return	episode-length	average-test-episode-return	std-test-episode-return	max-test-episode-return	min-test-episode-return	test-episode-length	total-env-interacts
1	-20.944597	2.8616261	16.616932	14.121311	101.029434	-28.284075	3.4196856	7.211916	34.694256	-9.738032	22.222221	-7.065759	2.5473256	-4.1269846	-12.0313225	68.6	4000
2	-148.68578	182.90135	131.02118	130.15855	478.26642	-314.7436	4.8054867	25.022337	274.79898	-22.171675	25.07837	-8.620999	2.3802328	-4.1269846	-12.0313225	40.3	8000
3	-256.1616	409.62488	234.57077	186.10039	806.0197	-314.7436	5.5808363	39.731453	472.15033	-93.97005	30.76923	18.920387	79.17222	265.2711	-157.28127	92.03333	12000
4	-352.1007	604.5954	328.36667	233.46419	962.0184	-314.7436	7.7528687	45.50748	472.15033	-93.97005	38.369305	22.057585	83.0847	265.2711	-157.28127	105.75	16000
5	-433.49945	791.63055	408.3743	268.18262	1051.7896	-362.18573	12.17177	57.027542	472.15033	-145.80042	44.345898	23.131042	74.7334	265.2711	-157.28127	95.82	20000
6	-505.9609	993.2222	479.91092	297.5734	1314.3007	-470.03973	16.836464	65.03193	472.15033	-145.80042	49.18033	22.281843	78.563576	265.2711	-178.32127	104.35	24000
7	-567.56305	1143.7128	541.06683	318.54562	1387.6611	-563.00085	15.330148	67.034424	472.15033	-234.60585	54.263565	17.334148	73.75455	265.2711	-178.32127	94.314285	28000
8	-619.1289	1324.3857	592.4111	332.60913	1529.6332	-563.00085	14.896006	65.89698	472.15033	-234.60585	57.24508	26.642054	78.26763	290.7614	-178.32127	105.1625	32000
9	-663.0561	1458.1407	636.234	342.35907	1634.6199	-563.00085	17.204245	66.90971	472.15033	-234.60585	60.913704	36.08613	88.56154	365.87338	-178.32127	112.28889	36000
10	-700.20074	1572.0149	673.42004	348.91415	1764.4707	-660.766	17.56264	67.71919	472.15033	-234.60585	64.308685	41.20888	91.89504	365.87338	-178.32127	122.55	40000
11	-731.29645	1650.4296	704.6628	352.56567	1858.8705	-691.71436	16.747057	68.85486	472.15033	-234.60585	68.21706	41.663136	95.50408	365.87338	-178.32127	127.045456	44000
12	-757.31976	1713.027	730.888	354.54263	1955.5813	-691.71436	15.898988	68.414246	472.15033	-234.60585	71.32243	43.016666	93.75001	365.87338	-178.32127	124.5	48000
13	-779.1644	1774.5912	752.95605	355.02393	2049.7734	-901.3336	16.986578	69.99818	472.15033	-234.60585	74.39199	46.50751	101.19386	541.63196	-178.32127	128.25385	52000
14	-797.93787	1816.5267	771.98706	354.75516	2092.1191	-901.3336	18.344244	71.21669	472.15033	-234.60585	77.24138	44.24595	102.80628	541.63196	-178.32127	129.99286	56000
15	-813.44556	1854.194	787.7815	353.54932	2092.1191	-946.56226	17.543764	71.45142	472.15033	-234.60585	79.5756	40.487705	100.433395	541.63196	-178.32127	125.16	60000
16	-825.73663	1876.1608	800.40186	351.32462	2092.1191	-946.56226	19.766161	74.92568	472.15033	-234.60585	82.15661	45.175636	111.124565	580.7742	-178.32127	132.525	64000
17	-835.96136	1893.0288	810.93317	348.79636	2092.1191	-2056.7852	22.469406	78.31336	472.15033	-234.60585	85.0	47.72794	118.996506	642.15533	-178.32127	140.47058	68000
18	-844.36395	1907.0203	819.6499	346.0758	2092.1191	-2056.7852	22.934305	79.7017	472.15033	-234.60585	86.6426	50.44285	117.98117	642.15533	-178.32127	139.10556	72000
19	-851.28033	1924.1246	826.8566	343.42667	2092.1191	-2056.7852	25.132994	80.33614	472.15033	-234.60585	87.861275	50.384666	115.88597	642.15533	-178.32127	138.07895	76000
20	-857.39453	1945.6874	833.2222	340.9134	2092.1191	-2056.7852	26.464293	80.77833	472.15033	-234.60585	88.79023	47.18359	114.982956	642.15533	-178.32127	140.78	80000
21	-863.2307	1958.6239	839.2905	338.73273	2112.0967	-2056.7852	26.925674	82.01735	472.15033	-234.60585	91.205215	44.980663	113.4144	642.15533	-178.32127	140.21428	84000
22	-868.86444	1973.6973	845.10913	336.87762	2212.6157	-2056.7852	27.47026	84.42368	614.8207	-234.60585	92.925026	48.285954	114.22684	642.15533	-178.32127	141.8091	88000
23	-874.31866	1988.172	850.74243	335.32007	2257.5676	-2056.7852	28.766954	85.56352	614.8207	-234.60585	94.06953	51.85751	114.16762	642.15533	-178.32127	141.83913	92000
24	-879.6978	2006.0868	856.2758	334.15186	2290.2893	-2056.7852	31.56238	88.72528	614.8207	-234.60585	95.9041	54.508194	112.811	642.15533	-178.32127	140.375	96000
25	-885.4006	2025.1671	862.1139	333.26724	2407.437	-2056.7852	34.28112	90.97598	614.8207	-234.60585	96.89922	56.50823	112.95061	642.15533	-178.32127	139.716	100000
26	-890.99115	2046.0345	867.8403	332.4133	2407.437	-2056.7852	36.12825	92.119644	614.8207	-234.60585	97.92844	60.983128	124.411285	904.21375	-178.32127	143.36539	104000
27	-896.5031	2066.419	873.4659	331.58035	2407.437	-2056.7852	35.888752	91.768105	614.8207	-234.60585	98.36066	59.288338	122.741516	904.21375	-178.32127	140.52592	108000
28	-902.0375	2084.7212	879.0898	330.97772	2407.437	-2056.7852	36.641537	92.521194	614.8207	-234.60585	100.26858	56.63478	121.329384	904.21375	-178.32127	137.575	112000
29	-907.3618	2100.6309	884.4987	330.4089	2407.437	-2056.7852	36.401436	92.187416	614.8207	-234.60585	100.51993	54.7313	119.64433	904.21375	-178.32127	134.08621	116000
30	-912.3284	2117.6282	889.57025	329.71426	2407.437	-2056.7852	36.16439	92.60569	614.8207	-234.60585	100.50251	58.452866	120.57238	904.21375	-178.32127	138.24667	120000
31	-916.41614	2128.383	893.77045	328.7098	2407.437	-2056.7852	37.179405	93.29023	614.8207	-234.60585	102.47934	59.59593	120.65562	904.21375	-178.32127	143.37419	124000
32	-919.62286	2132.069	897.11523	327.4099	2407.437	-2056.7852	39.52626	97.239006	816.47644	-234.60585	104.23453	65.13575	130.52248	935.9569	-178.32127	146.6875	128000
33	-922.04956	2131.9822	899.68005	325.94266	2407.437	-2056.7852	41.595966	100.321915	831.002	-234.60585	104.845116	64.866264	129.09518	935.9569	-178.32127	145.12424	132000
34	-923.6866	2127.7715	901.46826	324.3828	2407.437	-2056.7852	41.960514	101.08734	831.002	-328.83105	106.25	63.304688	127.50981	935.9569	-178.32127	142.4147	136000
35	-924.6626	2125.6167	902.5777	322.76767	2407.437	-2056.7852	41.686893	100.80994	831.002	-328.83105	106.5449	63.217323	125.71992	935.9569	-178.32127	140.46571	140000
36	-924.96216	2120.1611	903.0356	320.98972	2407.437	-2056.7852	42.199764	101.48133	831.002	-328.83105	107.78443	64.83713	124.99743	935.9569	-178.32127	140.54167	144000
37	-924.41156	2110.476	902.65814	319.03378	2407.437	-2056.7852	42.981922	101.96297	831.002	-328.83105	108.66373	68.517296	127.18978	935.9569	-178.32127	142.22162	148000
38	-922.8961	2096.9973	901.3296	317.00775	2407.437	-2056.7852	44.513203	104.09877	831.002	-328.83105	109.906	71.38929	131.10768	935.9569	-178.32127	142.41579	152000
39	-920.49194	2080.7253	899.1308	315.07834	2407.437	-2056.7852	47.45303	106.251045	831.002	-328.83105	110.55988	73.937416	132.82207	935.9569	-178.32127	142.04616	156000
40	-917.318	2062.5693	896.16504	313.37747	2407.437	-2056.7852	50.16808	111.021866	1075.8582	-328.83105	111.73184	73.61119	132.45282	935.9569	-178.32127	141.875	160000
41	-913.6815	2043.4031	892.7364	311.88416	2407.437	-2056.7852	51.342007	111.76716	1075.8582	-328.83105	112.48286	72.3243	132.48398	935.9569	-178.32127	143.04146	164000
42	-909.9508	2024.661	889.1804	310.55884	2407.437	-2056.7852	51.842278	111.63412	1075.8582	-328.83105	113.51351	70.9583	131.70505	935.9569	-178.32127	143.7738	168000
43	-906.3546	2005.466	885.7579	309.2897	2407.437	-2056.7852	52.248444	112.30649	1075.8582	-328.83105	114.59027	71.221146	131.08458	935.9569	-178.32127	144.28372	172000
44	-902.5663	1985.4384	882.16095	308.10214	2407.437	-2056.7852	52.996357	114.39572	1075.8582	-328.83105	115.63732	75.33244	136.81787	935.9569	-178.32127	147.16818	176000
45	-898.3826	1965.6201	878.1727	307.1395	2407.437	-2056.7852	54.354614	115.27949	1075.8582	-328.83105	116.580315	73.90563	136.3278	935.9569	-178.32127	147.61333	180000
46	-893.95544	1944.749	873.9443	306.3301	2407.437	-2056.7852	54.119583	114.65358	1075.8582	-328.83105	117.12285	73.87514	135.64673	935.9569	-178.32127	146.75435	184000
47	-889.354	1925.0496	869.52625	305.68533	2407.437	-2056.7852	54.56696	114.50823	1075.8582	-328.83105	117.426605	74.82535	136.82469	935.9569	-178.32127	146.3851	188000
48	-884.6237	1904.567	864.9882	305.16278	2407.437	-2056.7852	55.032578	115.51855	1075.8582	-328.83105	118.37238	74.81271	135.69551	935.9569	-178.32127	147.69792	192000
49	-879.6768	1883.808	860.2333	304.82028	2407.437	-2056.7852	55.48652	115.5232	1075.8582	-328.83105	119.00425	75.95099	136.99678	935.9569	-178.32127	148.17755	196000
50	-874.5189	1862.7472	855.2682	304.66342	2407.437	-2056.7852	55.947575	116.689354	1075.8582	-328.83105	119.976006	74.54719	136.22159	935.9569	-178.32127	148.986	200000
51	-869.24164	1841.1881	850.1787	304.63126	2407.437	-2056.7852	56.459965	117.02165	1075.8582	-328.83105	120.85308	74.46064	135.78236	935.9569	-178.32127	149.6353	204000
52	-863.813	1820.2988	844.9435	304.7372	2407.437	-2056.7852	56.876392	117.45457	1075.8582	-328.83105	121.49533	76.15877	137.75717	935.9569	-178.32127	150.66731	208000
53	-858.1222	1798.5853	839.4495	305.10052	2407.437	-2056.7852	57.79539	118.43912	1075.8582	-328.83105	122.40185	79.35383	141.43756	935.9569	-178.32127	151.98491	212000
54	-852.18665	1776.8578	833.71	305.74704	2407.437	-2056.7852	59.184956	119.68376	1075.8582	-328.83105	123.07692	81.46332	143.06227	935.9569	-178.32127	152.6	216000
55	-846.1166	1755.1223	827.8316	306.58432	2407.437	-2056.7852	60.45457	121.07562	1075.8582	-328.83105	123.595505	83.622246	144.4914	935.9569	-178.32127	153.48	220000
56	-839.9609	1733.9828	821.86426	307.56403	2407.437	-2056.7852	61.636604	122.11912	1075.8582	-328.83105	124.44444	86.3516	148.94312	935.9569	-178.32127	155.92322	224000
57	-833.7041	1712.7252	815.7966	308.69168	2407.437	-2056.7852	62.35383	122.19377	1075.8582	-328.83105	125.068565	87.90914	148.93602	935.9569	-178.32127	156.28772	228000
58	-827.38434	1691.6287	809.6647	309.9258	2407.437	-2056.7852	62.872383	122.06158	1075.8582	-328.83105	126.08696	89.90195	151.10275	935.9569	-178.32127	157.18275	232000
59	-821.05457	1670.6656	803.5186	311.22238	2407.437	-2056.7852	63.596226	122.57252	1075.8582	-328.83105	126.74544	91.45084	153.07962	935.9569	-178.32127	158.35085	236000
60	-814.7155	1650.0507	797.3622	312.57513	2407.437	-2056.7852	64.54299	124.78604	1075.8582	-328.83105	127.52391	94.796295	160.49022	1112.3827	-178.32127	160.61	240000
61	-808.3983	1629.49	791.2234	313.9574	2407.437	-2056.7852	65.23946	125.6397	1075.8582	-328.83105	128.01678	94.390465	159.4224	1112.3827	-178.32127	161.87376	244000
62	-802.0829	1609.6594	785.0858	315.38763	2407.437	-2056.7852	65.73334	125.5128	1075.8582	-328.83105	128.76428	95.105545	158.9845	1112.3827	-178.32127	163.76291	248000
63	-795.77655	1589.8226	778.9541	316.8562	2407.437	-2056.7852	67.45854	127.92698	1075.8582	-328.83105	129.76314	96.202576	160.16814	1112.3827	-178.32127	165.21906	252000
64	-789.4495	1570.1903	772.8019	318.3844	2407.437	-2056.7852	68.3866	128.2496	1075.8582	-328.83105	130.67892	95.88065	160.07034	1112.3827	-227.249	165.70157	256000
65	-783.1154	1550.93	766.6405	319.9604	2407.437	-2056.7852	69.59384	129.44237	1075.8582	-328.83105	131.64557	97.32894	160.07701	1112.3827	-227.249	164.88	260000
66	-776.7726	1531.7678	760.46924	321.58093	2407.437	-2056.7852	71.67961	132.4069	1075.8582	-328.83105	132.33083	99.887146	163.61807	1112.3827	-227.249	166.11667	264000
67	-770.4291	1512.8702	754.2949	323.24872	2407.437	-2056.7852	73.37222	135.27907	1075.8582	-328.83105	133.06853	100.0807	163.2869	1112.3827	-227.249	166.44775	268000
68	-764.0879	1494.2649	748.1225	324.95602	2407.437	-2056.7852	74.43441	136.25185	1075.8582	-328.83105	133.79242	98.801	162.9264	1112.3827	-227.249	166.9147	272000
69	-757.7547	1475.9197	741.9558	326.69995	2407.437	-2056.7852	75.0574	136.21883	1075.8582	-328.83105	134.37196	101.17197	168.78224	1112.3827	-227.249	169.83623	276000
70	-751.42065	1457.8955	735.78796	328.49268	2407.437	-2056.7852	76.70189	137.31488	1075.8582	-328.83105	135.00482	100.868614	167.79646	1112.3827	-227.249	169.62714	280000
71	-745.06946	1440.1299	729.6015	330.35345	2407.437	-2056.7852	76.86524	138.10675	1075.8582	-328.83105	135.56085	100.505844	167.61314	1112.3827	-227.249	170.59296	284000
72	-738.72485	1422.683	723.41754	332.25317	2407.437	-2056.7852	77.42743	139.18611	1075.8582	-328.83105	136.17021	102.44483	168.2182	1112.3827	-227.249	169.95972	288000
73	-732.3944	1405.5013	717.2473	334.17554	2407.437	-2056.7852	78.86255	141.66672	1075.8582	-328.83105	137.02487	104.83071	171.48785	1112.3827	-227.249	172.01643	292000
74	-726.0968	1388.66	711.1067	336.09955	2407.437	-2056.7852	80.06025	143.20857	1075.8582	-328.83105	137.80261	109.02716	176.33192	1112.3827	-227.249	174.65945	296000
75	-719.8505	1372.1542	705.0139	338.00443	2407.437	-2056.7852	82.420494	147.83858	1301.709	-328.83105	138.44025	109.51041	176.452	1112.3827	-227.249	174.88	300000
76	-713.67267	1355.9336	698.9873	339.86377	2407.437	-2056.7852	84.43518	150.47481	1301.709	-328.83105	138.93967	112.90072	179.8781	1112.3827	-227.249	175.19342	304000
77	-707.5847	1340.0432	693.04706	341.65378	2407.437	-2056.7852	86.04914	152.00897	1301.709	-328.83105	139.17758	114.03223	181.69789	1112.3827	-227.249	176.03247	308000
78	-701.5987	1324.5848	687.20483	343.3582	2407.437	-2056.7852	87.583305	153.1833	1301.709	-328.83105	139.78494	117.578186	187.26685	1376.7832	-227.249	176.98975	312000
79	-695.7322	1309.4819	681.4788	344.95596	2407.437	-2056.7852	89.44047	154.82895	1301.709	-328.83105	140.5694	119.0377	187.9303	1376.7832	-227.249	177.7886	316000
80	-689.9798	1294.672	675.8628	346.45752	2407.437	-2056.7852	90.06252	155.57835	1301.709	-328.83105	141.40521	119.8521	187.99481	1376.7832	-227.249	178.0725	320000
81	-684.3695	1280.268	670.38513	347.82712	2407.437	-2056.7852	91.14748	156.53697	1301.709	-328.83105	142.16762	121.25541	188.65091	1376.7832	-227.249	178.3963	324000
82	-678.8886	1266.1948	665.03394	349.08478	2407.437	-2056.7852	92.56832	157.51062	1301.709	-328.83105	142.73282	123.86833	190.31793	1376.7832	-227.249	179.26219	328000
83	-673.5349	1252.4415	659.8072	350.23343	2407.437	-2056.7852	94.16752	159.26678	1301.709	-328.83105	143.22691	125.62598	192.01021	1376.7832	-227.249	179.23132	332000
84	-668.2919	1239.0164	654.69	351.29266	2407.437	-2056.7852	95.91835	161.06349	1301.709	-328.83105	143.77406	129.019	195.51402	1376.7832	-227.249	179.99881	336000
85	-663.1507	1225.7994	649.6716	352.27576	2407.437	-2056.7852	97.478615	161.87996	1301.709	-328.83105	144.3124	130.7714	195.40863	1376.7832	-227.249	179.82118	340000
86	-658.0886	1212.9109	644.73114	353.20984	2407.437	-2056.7852	99.6997	164.54807	1301.709	-328.83105	144.72023	134.50775	201.07573	1376.7832	-227.249	180.92674	344000
87	-653.11194	1200.2703	639.87317	354.08878	2407.437	-2056.7852	101.10821	165.11526	1301.709	-328.83105	144.81897	141.56798	215.3361	1677.7401	-227.249	182.60805	348000
88	-648.2213	1187.8691	635.0997	354.9118	2407.437	-2056.7852	103.75334	168.92972	1301.709	-328.83105	145.33443	143.09204	215.60762	1677.7401	-227.249	182.50455	352000
89	-643.4282	1175.7577	630.4204	355.66647	2407.437	-2056.7852	105.90442	173.66481	1616.6558	-328.83105	145.84187	146.47702	217.78758	1677.7401	-227.249	183.41573	356000
90	-638.73535	1163.8881	625.8391	356.35153	2407.437	-2056.7852	108.1283	175.54457	1616.6558	-328.83105	146.282	148.95853	221.51787	1677.7401	-227.249	183.92223	360000
91	-634.16046	1152.3081	621.3718	356.94894	2407.437	-2056.7852	109.4733	176.2903	1616.6558	-328.83105	146.59686	153.44289	226.52231	1677.7401	-227.249	185.64395	364000
92	-629.6875	1140.9874	617.005	357.4755	2407.437	-2056.7852	110.96525	178.02205	1616.6558	-328.83105	146.90619	162.05067	250.53528	2216.808	-227.249	187.91847	368000
93	-625.3072	1129.9266	612.72906	357.94025	2407.437	-2056.7852	114.371	188.86978	2460.8164	-328.83105	147.7363	164.90253	251.71613	2216.808	-227.249	188.33118	372000
94	-621.0195	1119.0719	608.5437	358.3459	2407.437	-2056.7852	116.892746	192.00282	2460.8164	-328.83105	148.14815	166.74937	252.0027	2216.808	-227.249	188.16914	376000
95	-616.8221	1108.4493	604.44696	358.6948	2407.437	-2056.7852	119.616356	199.49385	2460.8164	-328.83105	148.4955	168.03741	254.96072	2216.808	-227.249	187.79369	380000
96	-612.7283	1098.0562	600.4512	358.97446	2407.437	-2056.7852	122.23616	203.1955	2460.8164	-328.83105	148.89493	170.42366	256.24112	2216.808	-227.249	187.90312	384000
97	-608.7507	1087.8969	596.5689	359.1749	2407.437	-2056.7852	124.717545	206.24664	2460.8164	-328.83105	149.34566	175.08264	263.08932	2216.808	-227.249	188.09073	388000
98	-604.8938	1078.0258	592.8042	359.29285	2407.437	-2056.7852	127.18822	212.76036	2460.8164	-328.83105	149.61832	179.92513	275.33524	2349.1812	-227.249	188.83571	392000
99	-601.1588	1068.4403	589.15936	359.32764	2407.437	-2056.7852	129.91208	218.10275	2460.8164	-328.83105	149.9432	180.08899	274.4995	2349.1812	-227.249	188.75757	396000
100	-597.5419	1059.0934	585.62933	359.2868	2407.437	-2056.7852	132.79073	225.91104	2717.69	-328.83105	150.37595	180.48119	273.67847	2349.1812	-227.249	188.059	400000
101	-594.0598	1050.0171	582.2313	359.15833	2407.437	-2056.7852	134.54373	227.54721	2717.69	-328.83105	150.5216	182.51863	273.8825	2349.1812	-227.249	188.06831	404000
102	-590.7055	1041.1534	578.9588	358.94913	2407.437	-2056.7852	136.46646	230.63405	2717.69	-328.83105	150.72035	182.22197	272.83646	2349.1812	-227.249	187.57843	408000
103	-587.4601	1032.5251	575.79297	358.67682	2407.437	-2056.7852	138.92003	232.93456	2717.69	-328.83105	150.97105	187.31253	278.67368	2349.1812	-227.249	188.24757	412000
104	-584.3103	1024.1438	572.72174	358.3526	2407.437	-2056.7852	141.61536	237.55101	2717.69	-328.83105	151.32776	191.73906	288.6505	2560.2234	-227.249	188.70192	416000
105	-581.2529	1015.89465	569.7415	357.983	2407.437	-2056.7852	145.10059	245.56995	2717.69	-328.83105	151.95369	200.83269	315.6254	3290.5913	-227.249	190.13239	420000
106	-578.2871	1007.8417	566.8501	357.57037	2407.437	-2056.7852	148.48112	254.1486	2794.9978	-328.83105	152.57286	206.35294	331.15967	3290.5913	-227.249	191.46603	424000
107	-575.41907	999.9637	564.0549	357.10834	2407.437	-2056.7852	151.38052	263.1402	3210.461	-328.83105	153.13058	208.68059	331.9425	3290.5913	-227.249	191.68504	428000
108	-572.6569	992.28644	561.3632	356.59506	2407.437	-2056.7852	153.90541	266.34402	3210.461	-328.83105	153.73665	211.14143	333.38828	3290.5913	-227.249	192.24445	432000
109	-570.00543	984.86194	558.7794	356.0266	2407.437	-2056.7852	157.28683	278.2073	3541.0723	-328.83105	154.50035	222.64664	371.50412	3290.5913	-227.249	195.18532	436000
110	-567.4497	977.65216	556.29047	355.41742	2407.437	-2056.7852	160.85522	288.59747	3541.0723	-328.83105	155.25758	232.1872	407.69818	4657.9473	-227.249	196.57909	440000
111	-565.00354	970.6597	553.90875	354.75833	2407.437	-2056.7852	163.60907	293.54636	3541.0723	-328.83105	155.78947	238.99327	422.13297	4657.9473	-227.249	197.71892	444000
112	-562.66626	963.79663	551.63324	354.05124	2407.437	-2056.7852	167.05453	306.8802	3541.0723	-328.83105	156.64336	245.014	429.06476	4657.9473	-227.249	198.16786	448000
113	-560.44617	957.1732	549.47375	353.29285	2407.437	-2056.7852	170.50246	314.95154	3541.0723	-328.83105	157.21739	254.99179	457.26996	4657.9473	-227.249	199.84602	452000
114	-558.3217	950.7298	547.4072	352.50064	2407.437	-2056.7852	174.52167	331.18393	3909.9949	-328.83105	158.05893	262.06433	472.68564	4657.9473	-227.249	201.1114	456000
115	-556.2828	944.4625	545.42505	351.68127	2407.437	-2056.7852	178.67213	342.93652	3909.9949	-328.83105	158.89465	280.77274	530.4427	4657.9473	-227.249	204.99217	460000
116	-554.338	938.3877	543.53516	350.83005	2407.437	-2056.7852	182.17485	355.98306	3970.7222	-328.83105	159.72461	292.90787	555.90027	4657.9473	-227.249	208.37585	464000
117	-552.49866	932.45953	541.74915	349.9435	2407.437	-2056.7852	185.67265	368.3427	3970.7222	-328.83105	160.71428	304.0868	573.5532	4657.9473	-227.249	211.91368	468000
118	-550.7556	926.7372	540.05743	349.0276	2407.437	-2056.7852	189.39581	381.92477	3970.7222	-328.83105	161.69922	319.07068	603.2092	4657.9473	-227.249	215.00339	472000
119	-549.1141	921.1853	538.46545	348.08322	2407.437	-2056.7852	193.12628	393.99124	3970.7222	-328.83105	162.67943	334.36383	639.3443	4657.9473	-227.249	218.17395	476000
120	-547.5764	915.87683	536.97577	347.1085	2407.437	-2056.7852	197.27281	408.42917	3970.7222	-328.83105	163.59918	339.7617	649.5314	4657.9473	-227.249	219.34334	480000
121	-546.12537	910.6833	535.57184	346.11407	2407.437	-2056.7852	201.35686	421.47247	4168.782	-328.83105	164.45804	358.65097	686.4394	4657.9473	-227.249	224.14629	484000
122	-544.75323	905.6682	534.2447	345.10196	2407.437	-2056.7852	205.31555	429.94855	4168.782	-328.83105	165.19972	383.74728	737.68256	4657.9473	-227.249	230.50574	488000
123	-543.46704	900.77716	533.00275	344.07623	2407.437	-2056.7852	208.95052	434.85144	4168.782	-328.83105	165.87997	384.70026	735.38947	4657.9473	-227.249	230.10812	492000
124	-542.2541	896.0178	531.83356	343.0393	2407.437	-2056.7852	212.0816	439.71936	4168.782	-328.83105	166.38712	397.11176	762.27545	4657.9473	-227.249	232.19678	496000
125	-541.0862	891.4127	530.7087	342.00473	2407.437	-2056.7852	214.77081	443.5334	4168.782	-328.83105	166.94492	404.69717	774.4765	4657.9473	-227.249	233.6712	500000
126	-539.96313	886.8642	529.62885	340.97107	2407.437	-2056.7852	217.8614	449.02707	4168.782	-328.83105	167.72046	407.55975	774.26154	4657.9473	-227.249	234.21587	504000
127	-538.87286	882.4129	528.58136	339.94077	2407.437	-2056.7852	221.51758	455.24963	4168.782	-328.83105	168.49088	420.50153	793.111	4657.9473	-227.249	236.5811	508000
128	-537.8112	878.01465	527.56134	338.9198	2407.437	-2056.7852	225.60564	466.09952	4168.782	-328.83105	169.2562	429.3199	799.7938	4657.9473	-227.249	237.91484	512000
129	-536.7831	873.7653	526.57446	337.90363	2407.437	-2056.7852	230.19125	478.84537	4413.1553	-328.83105	170.12859	443.01334	818.8733	4657.9473	-227.249	240.24031	516000
130	-535.7969	869.4791	525.62854	336.8884	2407.437	-2056.7852	234.69913	491.49857	4413.1553	-328.83105	170.94017	453.2028	826.2223	4657.9473	-227.249	242.26616	520000
131	-534.8456	865.3363	524.7166	335.87897	2407.437	-2056.7852	238.2253	495.84036	4413.1553	-328.83105	171.57826	457.7256	828.4734	4657.9473	-227.249	242.93283	524000
132	-533.91425	861.20135	523.8254	334.8765	2407.437	-2056.7852	242.39687	505.6072	4413.1553	-328.83105	172.32376	468.1358	842.7656	4657.9473	-227.249	244.70454	528000
133	-533.02386	857.12646	522.9726	333.87875	2407.437	-2056.7852	245.87064	512.6	4413.1553	-328.83105	172.78337	470.65384	840.7261	4657.9473	-227.249	244.82857	532000
134	-532.17474	853.1792	522.1614	332.88318	2407.437	-2056.7852	250.07655	519.0576	4413.1553	-328.83105	173.40666	480.415	852.88385	4657.9473	-227.249	246.17836	536000
135	-531.3529	849.35004	521.37714	331.88998	2407.437	-2056.7852	253.14265	523.9481	4413.1553	-328.83105	173.91304	485.57324	853.7499	4657.9473	-227.249	246.76	540000
136	-530.55115	845.5487	520.6128	330.9061	2407.437	-2056.7852	257.32886	532.50757	4413.1553	-328.83105	174.63884	492.09195	858.2143	4657.9473	-227.249	247.38455	544000
137	-529.75977	841.8878	519.8583	329.93335	2407.437	-2056.7852	261.85913	543.9921	4413.1553	-328.83105	175.5285	507.3322	879.8214	5360.5244	-227.249	249.82117	548000
138	-528.991	838.27704	519.12585	328.96835	2407.437	-2056.7852	265.91074	548.76605	4413.1553	-328.83105	176.24521	516.8906	888.30145	5360.5244	-227.249	251.33623	552000
139	-528.24005	834.6836	518.41046	328.01364	2407.437	-2056.7852	270.42554	560.3812	4519.4146	-328.83105	177.12648	518.72	887.2359	5360.5244	-227.249	251.12878	556000
140	-527.5221	831.1648	517.7274	327.06458	2407.437	-2056.7852	274.7335	571.5705	4519.4146	-328.83105	177.94725	531.0204	898.8637	5360.5244	-227.249	252.95071	560000
141	-526.8258	827.72235	517.06635	326.123	2407.437	-2056.7852	278.84512	578.08636	4519.4146	-328.83105	178.70723	536.9915	900.2928	5360.5244	-227.249	253.72198	564000
142	-526.15045	824.33234	516.42523	325.1866	2407.437	-2056.7852	283.4725	589.4139	4519.4146	-328.83105	179.46288	538.1378	897.9636	5360.5244	-227.249	253.4655	568000
143	-525.4986	821.0352	515.8073	324.25525	2407.437	-2056.7852	287.0216	593.45184	4519.4146	-328.83105	179.98741	545.9219	906.3002	5360.5244	-227.249	254.33426	572000
144	-524.85016	817.79376	515.1936	323.33493	2407.437	-2056.7852	290.7907	599.76996	4519.4146	-328.83105	180.62088	550.72394	908.32574	5360.5244	-227.249	255.10486	576000
145	-524.2014	814.5656	514.57874	322.4266	2407.437	-2056.7852	294.20074	605.29474	4519.4146	-328.83105	181.1368	558.74664	913.851	5360.5244	-227.249	256.26	580000
146	-523.56226	811.3619	513.9734	321.53012	2407.437	-2056.7852	298.00266	613.26575	4519.4146	-328.83105	181.81818	565.4121	915.1434	5360.5244	-227.249	257.1096	584000
147	-522.93475	808.1874	513.37915	320.63742	2407.437	-2056.7852	301.9961	620.0611	4519.4146	-328.83105	182.60869	567.69525	915.9562	5360.5244	-227.249	257.05783	588000
148	-522.3086	805.1151	512.786	319.75763	2407.437	-2056.7852	306.68115	632.03827	4854.632	-328.83105	183.45212	571.6297	915.10065	5360.5244	-227.249	257.26553	592000
149	-521.6949	802.0314	512.2042	318.88895	2407.437	-2056.7852	309.85867	634.6879	4854.632	-328.83105	183.83714	570.9432	913.2782	5360.5244	-227.249	256.62015	596000
150	-521.1139	799.0335	511.6545	318.0199	2407.437	-2056.7852	314.4091	643.0423	4854.632	-328.83105	184.44513	592.0698	952.6073	5360.5244	-227.249	260.55267	600000
151	-520.55835	796.04596	511.13092	317.15408	2407.437	-2056.7852	319.53952	659.62067	5083.4507	-328.83105	185.27608	595.56024	955.5297	5360.5244	-227.249	260.62915	604000
152	-520.0174	793.0758	510.6214	316.2964	2407.437	-2056.7852	323.6572	665.3554	5083.4507	-328.83105	185.81908	599.2508	955.17377	5360.5244	-227.249	260.79276	608000
153	-519.4918	790.241	510.12598	315.44943	2407.437	-2056.7852	327.50986	672.34924	5127.216	-328.83105	186.41487	604.7631	961.3631	5360.5244	-227.249	261.36145	612000
154	-519.00446	787.4661	509.6678	314.60287	2407.437	-2056.7852	332.08102	681.37823	5127.216	-328.83105	187.00668	615.025	973.6315	5360.5244	-227.249	262.73767	616000
155	-518.55	784.64404	509.243	313.76053	2407.437	-2056.7852	336.2142	687.37946	5127.216	-328.83105	187.65134	624.6555	984.00653	5360.5244	-227.249	264.64838	620000
156	-518.115	781.9728	508.8369	312.92133	2407.437	-2056.7852	340.38724	697.27673	5127.216	-328.83105	188.34892	631.5903	992.2245	5360.5244	-227.249	265.4404	624000
157	-517.6916	779.29724	508.44208	312.09485	2407.437	-2056.7852	343.79645	699.7821	5127.216	-328.83105	188.8154	637.00464	992.92224	5360.5244	-227.249	266.0465	628000
158	-517.2708	776.7169	508.05063	311.2752	2407.437	-2056.7852	347.44348	704.66675	5127.216	-328.83105	189.39166	646.497	1001.2614	5360.5244	-227.249	267.28036	632000
159	-516.8718	774.09656	507.67975	310.46365	2407.437	-2056.7852	351.7757	710.99536	5127.216	-328.83105	190.0777	650.3796	1000.5813	5360.5244	-227.249	267.53586	636000
160	-516.4889	771.5984	507.3243	309.66052	2407.437	-2056.7852	355.9226	715.6506	5127.216	-328.83105	190.76006	656.32135	1003.50635	5360.5244	-227.249	268.08875	640000
161	-516.13043	769.09204	506.99307	308.86176	2407.437	-2056.7852	361.16376	725.44415	5127.216	-328.83105	191.49568	670.0563	1025.2983	5891.9233	-227.249	269.92734	644000
162	-515.7914	766.6108	506.6814	308.0686	2407.437	-2056.7852	364.2099	726.96375	5127.216	-328.83105	191.82948	682.4819	1043.7234	5891.9233	-227.249	271.55246	648000
163	-515.4686	764.2165	506.38614	307.2824	2407.437	-2056.7852	368.17215	733.06165	5127.216	-328.83105	192.55759	686.3902	1044.0219	5891.9233	-227.249	271.85336	652000
164	-515.1522	761.873	506.09595	306.50827	2407.437	-2056.7852	371.63132	738.3052	5127.216	-328.83105	193.05473	691.3867	1046.0472	5891.9233	-227.249	272.40305	656000
165	-514.85175	759.5899	505.82092	305.73938	2407.437	-2056.7852	375.0745	741.29395	5127.216	-328.83105	193.66197	704.8369	1064.1226	5891.9233	-227.249	274.53333	660000
166	-514.57654	757.32446	505.57108	304.9777	2407.437	-2056.7852	378.72214	746.82904	5127.216	-328.83105	194.20883	709.39124	1065.2853	5891.9233	-227.249	274.93073	664000
167	-514.3072	755.15546	505.32724	304.22784	2407.437	-2056.7852	382.52454	752.43097	5127.216	-328.83105	194.86581	715.95337	1069.2557	5891.9233	-227.249	275.77844	668000
168	-514.0489	752.9701	505.09387	303.48383	2407.437	-2056.7852	385.69626	753.92	5127.216	-328.83105	195.23532	719.77795	1070.6196	5891.9233	-227.249	276.06668	672000
169	-513.80457	750.8816	504.874	302.74283	2407.437	-2056.7852	388.39395	754.1661	5127.216	-328.83105	195.54527	723.4121	1069.8352	5891.9233	-227.249	276.46982	676000
170	-513.5706	748.78503	504.6651	302.0079	2407.437	-2056.7852	392.70755	760.891	5127.216	-328.83105	196.19157	731.0148	1073.7119	5891.9233	-227.249	277.98117	680000
171	-513.3489	746.6807	504.46722	301.2765	2407.437	-2056.7852	396.38147	765.2112	5127.216	-328.83105	196.72131	734.22266	1073.8955	5891.9233	-227.249	278.069	684000
172	-513.1404	744.7118	504.2825	300.55203	2407.437	-2056.7852	400.04413	768.44275	5127.216	-328.83105	197.19118	733.2538	1071.0292	5891.9233	-227.249	277.475	688000
173	-512.9467	742.732	504.1125	299.836	2407.437	-2056.7852	403.74365	774.04486	5127.216	-328.83105	197.7708	741.1103	1078.9287	5891.9233	-227.249	278.626	692000
174	-512.76556	740.73035	503.95505	299.12863	2407.437	-2056.7852	407.49405	778.6941	5127.216	-328.83105	198.2906	751.5322	1091.1919	5891.9233	-227.249	280.5224	696000
175	-512.59174	738.8015	503.80447	298.42706	2407.437	-2056.7852	411.32776	783.34357	5127.216	-328.83105	198.92015	754.2016	1089.1122	5891.9233	-227.249	280.62344	700000
176	-512.42633	736.8058	503.6623	297.73175	2407.437	-2056.7852	415.12585	788.23956	5127.216	-328.83105	199.48994	758.027	1088.493	5891.9233	-227.249	281.0699	704000
177	-512.2576	734.9718	503.5166	297.04413	2407.437	-2056.7852	418.9736	792.015	5127.216	-328.83105	200.05652	762.8955	1092.0735	5891.9233	-227.249	281.56836	708000
178	-512.09143	733.1199	503.37308	296.36008	2407.437	-2056.7852	422.86023	797.6812	5127.216	-328.83105	200.61989	767.9085	1093.8761	5891.9233	-227.249	282.0382	712000
179	-511.9239	731.201	503.22784	295.68134	2407.437	-2056.7852	427.25223	807.2094	5127.216	-328.83105	201.34984	773.4411	1098.5477	5891.9233	-227.249	282.7838	716000
180	-511.76212	729.3799	503.08878	295.01135	2407.437	-2056.7852	431.69662	816.5347	5127.216	-328.83105	202.13364	790.10944	1123.9265	5891.9233	-227.249	285.30444	720000
181	-511.599	727.5651	502.94772	294.34772	2407.437	-2056.7852	434.82764	821.4951	5127.216	-328.83105	202.57414	796.55896	1127.9429	5891.9233	-227.249	286.33093	724000
182	-511.45203	725.8012	502.822	293.6893	2407.437	-2056.7852	438.42322	826.26025	5127.216	-328.83105	203.23842	808.8724	1139.9407	5891.9233	-227.249	288.3665	728000
183	-511.30798	724.04626	502.70007	293.0368	2407.437	-2056.7852	442.29285	831.141	5127.216	-328.83105	203.84294	816.8109	1145.8223	5891.9233	-227.249	289.5754	732000
184	-511.16757	722.237	502.58185	292.38596	2407.437	-2056.7852	444.95016	832.0029	5127.216	-328.83105	204.16089	822.68024	1149.068	5891.9233	-227.249	290.36197	736000
185	-511.02023	720.49445	502.45657	291.7424	2407.437	-2056.7852	448.00287	834.165	5127.216	-328.83105	204.58943	830.76886	1154.8837	5891.9233	-227.249	291.46594	740000
186	-510.86908	718.7741	502.32736	291.10645	2407.437	-2056.7852	451.8007	838.5273	5127.216	-328.83105	205.24138	834.97955	1155.8439	5891.9233	-227.249	292.02042	744000
187	-510.72385	717.01044	502.20337	290.47458	2407.437	-2056.7852	454.94485	841.0997	5127.216	-328.83105	205.77716	839.18976	1155.4359	5891.9233	-227.249	292.45508	748000
188	-510.58365	715.2178	502.08475	289.84564	2407.437	-2056.7852	458.25983	845.6009	5127.216	-328.83105	206.42328	844.6877	1158.455	5891.9233	-227.249	293.1266	752000
189	-510.45172	713.4642	501.97397	289.22144	2407.437	-2056.7852	462.04788	850.41077	5127.216	-328.83105	207.00986	848.1177	1161.1749	5891.9233	-227.249	293.48624	756000
190	-510.33008	711.792	501.87286	288.6024	2407.437	-2056.7852	465.97852	856.9904	5127.216	-328.83105	207.65027	849.68176	1160.0863	5891.9233	-227.249	293.62842	760000
191	-510.218	710.1345	501.7815	287.98914	2407.437	-2056.7852	468.70474	857.5791	5127.216	-328.83105	208.00435	850.25146	1161.0609	5891.9233	-227.249	293.4356	764000
192	-510.1061	708.49817	501.6909	287.37927	2407.437	-2056.7852	472.01813	861.8735	5127.216	-328.83105	208.52567	849.94763	1158.6055	5891.9233	-227.249	292.96564	768000
193	-509.9924	706.8184	501.59818	286.77347	2407.437	-2056.7852	474.93393	862.97565	5127.216	-328.83105	209.04414	855.5446	1162.2555	5891.9233	-227.249	293.8171	772000
194	-509.87543	705.2287	501.50217	286.1744	2407.437	-2056.7852	477.55185	864.87006	5127.216	-328.83105	209.39018	857.44257	1161.8612	5891.9233	-227.249	293.99948	776000
195	-509.75253	703.63214	501.40015	285.5805	2407.437	-2056.7852	479.82388	865.7005	5127.216	-328.83105	209.7338	866.74304	1170.4038	5891.9233	-227.249	295.6723	780000
196	-509.62534	702.01434	501.2937	284.9926	2407.437	-2056.7852	482.43832	866.8946	5127.216	-328.83105	210.18767	871.9423	1172.6641	5891.9233	-227.249	296.65765	784000
197	-509.5099	700.4061	501.19766	284.40695	2407.437	-2056.7852	485.49304	869.5752	5127.216	-328.83105	210.58258	878.8394	1177.8496	5891.9233	-227.249	297.64618	788000
198	-509.39313	698.75226	501.10135	283.82733	2407.437	-2056.7852	488.90707	872.31915	5127.216	-328.83105	211.08742	878.9669	1176.4144	5891.9233	-227.249	297.3389	792000
199	-509.27405	697.11523	501.0023	283.2516	2407.437	-2056.7852	491.26312	874.9688	5127.216	-328.83105	211.36484	883.9993	1178.555	5891.9233	-227.249	298.35025	796000
200	-509.15854	695.54596	500.90628	282.67944	2407.437	-2056.7852	494.56476	878.30316	5127.216	-328.83105	211.92053	888.6231	1180.0989	5891.9233	-227.249	298.896	800000
201	-509.0581	694.0184	500.82483	282.111	2407.437	-2056.7852	497.59283	882.29694	5127.216	-328.83105	212.36133	901.2393	1195.4099	5891.9233	-227.249	300.82837	804000
202	-508.9585	692.4356	500.7451	281.54633	2407.437	-2056.7852	501.17728	886.89404	5127.216	-328.83105	212.91173	907.0827	1197.2834	5891.9233	-227.249	301.73663	808000
203	-508.85056	690.8978	500.65704	280.9902	2407.437	-2056.7852	503.70355	887.9115	5127.216	-328.83105	213.23529	913.56085	1202.2288	5891.9233	-227.249	302.60345	812000
204	-508.7358	689.3795	500.5618	280.44443	2407.437	-2056.7852	505.82358	888.55505	5127.216	-328.83105	213.44493	921.69965	1207.257	5891.9233	-227.249	303.73578	816000
205	-508.62558	687.90735	500.47064	279.90335	2407.437	-2056.7852	509.23584	890.8215	5127.216	-328.83105	213.93164	927.0397	1208.0281	5891.9233	-227.249	304.48682	820000
206	-508.5206	686.48505	500.38403	279.36496	2407.437	-2056.7852	512.22687	893.0937	5127.216	-328.83105	214.41582	934.25415	1215.6396	5891.9233	-227.249	305.4602	824000
207	-508.42722	685.1086	500.30878	278.82996	2407.437	-2056.7852	514.7404	894.2284	5127.216	-328.83105	214.786	934.20514	1214.4011	5891.9233	-227.249	305.07343	828000
208	-508.33755	683.6761	500.23755	278.3005	2407.437	-2056.7852	516.3872	894.2828	5127.216	-328.83105	214.98708	934.68567	1212.3845	5891.9233	-227.249	305.11395	832000
209	-508.25275	682.29144	500.1711	277.7753	2407.437	-2056.7852	517.82263	894.4384	5127.216	-328.83105	215.0759	934.89777	1210.7579	5891.9233	-227.249	304.82965	836000
210	-508.17264	680.93176	500.1089	277.2533	2407.437	-2056.7852	519.1207	894.5392	5127.216	-328.83105	215.05376	934.8004	1208.8717	5891.9233	-227.249	304.6662	840000
211	-508.08856	679.5981	500.0434	276.73688	2407.437	-2056.7852	520.9424	896.3219	5127.216	-328.83105	215.08664	935.04144	1208.1403	5891.9233	-227.249	304.3455	844000
212	-508.005	678.2601	499.97775	276.22333	2407.437	-2056.7852	523.94403	898.9595	5127.216	-328.83105	215.5019	937.1673	1207.5728	5891.9233	-227.249	304.5217	848000
213	-507.92947	676.929	499.9195	275.71313	2407.437	-2056.7852	527.84735	906.25726	5552.922	-328.83105	216.13394	943.0251	1211.4712	5891.9233	-227.249	305.4911	852000
214	-507.8571	675.62524	499.865	275.2059	2407.437	-2056.7852	531.2362	910.74756	5552.922	-328.83105	216.654	946.8278	1210.8877	5891.9233	-227.249	305.81448	856000
215	-507.786	674.32324	499.8119	274.70685	2407.437	-2056.7852	534.39105	913.8777	5552.922	-328.83105	217.11688	949.7101	1211.2811	5891.9233	-227.249	306.0121	860000
216	-507.7188	673.0093	499.7625	274.2141	2407.437	-2056.7852	537.5596	916.2578	5552.922	-328.83105	217.57744	955.8392	1217.1516	5891.9233	-227.249	306.80695	864000
217	-507.65533	671.7718	499.71683	273.72653	2407.437	-2056.7852	540.9193	919.68335	5552.922	-328.83105	218.09045	960.766	1217.8367	5891.9233	-227.249	307.4576	868000
218	-507.591	670.6126	499.6694	273.24942	2407.437	-2056.7852	543.34924	920.4497	5552.922	-328.83105	218.43687	968.0194	1224.0725	5891.9233	-227.249	308.6023	872000
219	-507.5324	669.4384	499.62793	272.77637	2407.437	-2056.7852	547.1256	924.54095	5552.922	-328.83105	219.0	976.14087	1230.2324	5891.9233	-227.249	309.863	876000
220	-507.47974	668.2011	499.59198	272.30295	2407.437	-2056.7852	550.267	927.56665	5552.922	-328.83105	219.50612	981.3409	1231.7565	5891.9233	-227.249	310.495	880000
221	-507.431	667.08813	499.56024	271.83517	2407.437	-2056.7852	554.5381	936.66815	5552.922	-328.83105	220.17435	985.5363	1233.004	5891.9233	-227.249	310.91537	884000
222	-507.38675	665.81616	499.5322	271.37042	2407.437	-2056.7852	558.0378	941.96826	5552.922	-328.83105	220.78568	998.37286	1247.9248	5891.9233	-227.249	313.09683	888000
223	-507.3538	664.5755	499.51596	270.91	2407.437	-2056.7852	561.85345	949.6732	5603.8276	-328.83105	221.39488	1012.8122	1271.839	6213.6045	-227.249	314.95383	892000
224	-507.31717	663.3971	499.49585	270.4552	2407.437	-2056.7852	565.05963	953.202	5603.8276	-328.83105	221.94699	1025.5692	1289.485	6213.6045	-227.249	316.8799	896000
225	-507.28995	662.25745	499.48444	270.0089	2407.437	-2056.7852	568.08563	955.77875	5603.8276	-328.83105	222.38695	1028.3119	1290.9602	6213.6045	-227.249	317.432	900000
226	-507.27917	661.1951	499.48834	269.57092	2407.437	-2056.7852	570.0789	955.684	5603.8276	-328.83105	222.71495	1033.6409	1292.7404	6213.6045	-227.249	318.1606	904000
227	-507.3035	660.2109	499.5265	269.14407	2407.437	-2056.7852	572.93085	958.664	5603.8276	-328.83105	223.2055	1042.8491	1301.2357	6213.6045	-227.249	319.93393	908000
228	-507.3547	659.2575	499.59174	268.72003	2407.437	-2056.7852	576.789	964.3213	5603.8276	-328.83105	223.85861	1053.6671	1312.3325	6213.6045	-227.249	322.02676	912000
229	-507.4253	658.29144	499.67624	268.29764	2407.437	-2056.7852	580.3779	969.225	5603.8276	-328.83105	224.45479	1064.8556	1323.7716	6213.6045	-227.249	324.0319	916000
230	-507.50558	657.2278	499.77097	267.8769	2407.437	-2056.7852	583.52185	972.94135	5603.8276	-328.83105	224.8839	1075.3986	1333.9275	6213.6045	-227.249	325.63654	920000
231	-507.57907	656.2861	499.8589	267.46204	2407.437	-2056.7852	586.74493	976.81586	5603.8276	-328.83105	225.3109	1086.4889	1344.6995	6213.6045	-227.249	327.28268	924000
232	-507.6443	655.26215	499.9391	267.05093	2407.437	-2056.7852	590.37317	981.32697	5603.8276	-328.83105	225.90068	1095.9113	1354.8925	6213.6045	-227.249	328.8358	928000
233	-507.70395	654.3319	500.0132	266.64163	2407.437	-2056.7852	593.699	986.08264	5603.8276	-328.83105	226.48846	1098.2659	1353.1124	6213.6045	-227.249	329.14594	932000
234	-507.76907	653.3765	500.09232	266.2321	2407.437	-2056.7852	597.5592	991.35504	5603.8276	-328.83105	227.07423	1103.6483	1357.1011	6213.6045	-227.249	329.96497	936000
235	-507.82877	652.5036	500.1665	265.82562	2407.437	-2056.7852	601.19653	996.2417	5603.8276	-328.83105	227.71318	1112.1777	1363.6241	6213.6045	-227.249	331.27277	940000
236	-507.8836	651.50446	500.23602	265.42288	2407.437	-2056.7852	605.0194	1001.7592	5603.8276	-328.83105	228.29504	1119.1464	1369.0643	6213.6045	-227.249	332.28262	944000
237	-507.9352	650.5509	500.30197	265.02258	2407.437	-2056.7852	608.52454	1006.32837	5603.8276	-328.83105	228.87494	1126.6202	1375.7892	6213.6045	-227.249	333.28564	948000
238	-507.9849	649.61725	500.3663	264.62473	2407.437	-2056.7852	611.98236	1010.55994	5603.8276	-328.83105	229.39758	1140.6924	1392.4491	6213.6045	-227.249	335.342	952000
239	-508.0259	648.60034	500.42172	264.2332	2407.437	-2056.7852	615.9661	1017.9586	5603.8276	-328.83105	230.02887	1144.8907	1392.6046	6213.6045	-227.249	336.02344	956000
240	-508.06912	647.6858	500.4791	263.84268	2407.437	-2056.7852	619.7597	1023.52924	5603.8276	-328.83105	230.65834	1150.7606	1394.4652	6213.6045	-227.249	337.0804	960000
241	-508.1186	646.73846	500.5426	263.45667	2407.437	-2056.7852	623.16724	1028.5317	5603.8276	-328.83105	231.23051	1154.4332	1393.2487	6213.6045	-227.249	337.37054	964000
242	-508.17365	645.77094	500.6114	263.07324	2407.437	-2056.7852	626.7323	1033.0902	5603.8276	-328.83105	231.80077	1159.3435	1394.191	6213.6045	-227.249	338.01404	968000
243	-508.22952	644.884	500.68118	262.69824	2407.437	-2056.7852	629.4132	1035.4775	5603.8276	-328.83105	232.20258	1164.2161	1396.0258	6213.6045	-227.249	338.7642	972000
244	-508.29086	643.9581	500.75595	262.32864	2407.437	-2056.7852	632.85236	1040.2943	5603.8276	-328.83105	232.82443	1171.9429	1401.3167	6213.6045	-227.249	339.97745	976000
245	-508.36484	643.0303	500.84335	261.9565	2407.437	-2056.7852	636.10266	1044.0455	5603.8276	-328.83105	233.4445	1184.8771	1416.0029	6213.6045	-227.249	341.8849	980000
246	-508.43906	642.1327	500.93118	261.58673	2407.437	-2056.7852	639.38477	1048.758	5603.8276	-328.83105	233.95149	1193.8837	1423.7474	6213.6045	-227.249	343.10974	984000
247	-508.52188	641.24164	501.02722	261.21994	2407.437	-2056.7852	643.5721	1057.14	5603.8276	-328.83105	234.62361	1200.6727	1426.1566	6213.6045	-227.249	344.13806	988000
248	-508.60706	640.3603	501.12613	260.85883	2407.437	-2056.7852	647.5135	1063.1727	5641.491	-328.83105	235.23833	1211.053	1436.337	6213.6045	-227.249	345.77136	992000
249	-508.68655	639.4493	501.219	260.50217	2407.437	-2056.7852	651.6558	1070.4714	5641.491	-328.83105	235.90715	1223.7848	1450.8336	6213.6045	-227.249	347.8482	996000
250	-508.76407	638.59845	501.31015	260.1444	2407.437	-2056.7852	655.33295	1076.1224	5641.491	-328.83105	236.46252	1232.7714	1458.2847	6213.6045	-227.249	349.344	1000000
