epoch	pi-loss	v-loss	average-v-values	std-v-values	max-v-values	min-v-values	kl	average-episode-return	std-episode-return	max-episode-return	min-episode-return	episode-length	total-env-interacts
1	-0.04967791	308.64417	4.729247	0.4778316	5.0994077	-0.06323386	0.0088474015	19.66233	18.634226	129.0739	4.7550564	20.957672	4000
2	-0.0478872	714.5924	6.9219356	2.2219172	9.1624775	-0.06323386	0.008836186	28.727875	30.426651	200.786	4.7550564	25.695082	8000
3	-0.042384844	1330.228	9.086547	3.558442	13.423747	-0.06323386	0.008324612	40.970993	44.52779	229.98169	4.7550564	31.77628	12000
4	-0.03925034	1504.7587	10.97884	4.498801	16.65876	-0.06323386	0.008334193	49.518032	48.705666	241.21768	4.7550564	35.577274	16000
5	-0.03708958	1825.5977	12.829392	5.4671364	20.23304	-0.06323386	0.008082568	58.40124	56.09706	243.7306	4.7550564	39.969135	20000
6	-0.034341972	2186.5852	14.685368	6.4908543	23.966045	-0.06323386	0.007786823	67.47171	63.849754	243.7306	4.7550564	44.23238	24000
7	-0.032730613	2388.9197	16.482647	7.4494114	27.26689	-0.06323386	0.0077600693	75.37227	69.13342	246.00372	4.7550564	47.97509	28000
8	-0.031129012	2555.3384	18.226728	8.357615	30.435715	-0.06323386	0.0076172925	82.91974	73.76944	247.98889	4.7550564	51.51591	32000
9	-0.029947363	2650.1692	19.906279	9.200855	33.343018	-0.06323386	0.007531397	89.57682	76.80603	247.98889	4.7550564	54.56872	36000
10	-0.029303178	2740.788	21.538609	10.008533	36.229897	-0.06323386	0.00741169	95.888695	79.49422	247.98889	4.7550564	57.252617	40000
11	-0.028195215	2815.5276	23.131416	10.79049	39.059772	-0.06323386	0.007329415	101.991264	81.82308	247.98889	4.7550564	59.747517	44000
12	-0.02827289	2857.5635	24.678854	11.535683	41.700897	-0.06323386	0.007308545	107.392	83.23662	247.98889	4.7550564	61.837364	48000
13	-0.027629491	2902.2517	26.193686	12.262636	44.371845	-0.06323386	0.007255234	112.513176	84.653435	247.98889	4.7550564	63.81818	52000
14	-0.027098477	2926.5164	27.674612	12.966968	46.926815	-0.06323386	0.007150087	117.09268	85.67554	254.65979	4.7550564	65.6071	56000
15	-0.026659088	2932.5417	29.119738	13.64442	49.35164	-0.06323386	0.0071066013	121.55651	86.52825	254.65979	4.7550564	67.377495	60000
16	-0.026463958	2937.7798	30.534712	14.302685	51.75947	-0.06323386	0.0069724033	125.73832	87.34346	262.27396	4.7550564	69.07658	64000
17	-0.026651502	2930.5073	31.917162	14.936944	54.036545	-0.06323386	0.006964416	129.4954	87.76554	262.27396	4.7550564	70.58722	68000
18	-0.026371516	2921.7087	33.271507	15.553115	56.29548	-0.06323386	0.006927898	133.12108	88.15916	262.27396	4.7550564	71.98643	72000
19	-0.026098082	2910.1226	34.599506	16.15278	58.503597	-0.06323386	0.006888454	136.53362	88.446594	262.27396	4.7550564	73.337364	76000
20	-0.026092913	2888.4915	35.857338	16.735518	60.584957	-40.472034	0.0069256723	139.41815	88.581474	269.59915	4.7550564	74.50633	80000
21	-0.026216317	2852.0806	36.850163	17.188164	62.63372	-40.472034	0.006928074	142.41895	88.60006	269.59915	4.7550564	75.67262	84000
22	-0.0258561	2822.1448	37.825993	17.669842	65.095795	-40.472034	0.0069575505	145.34125	88.77278	278.80286	4.7550564	76.78487	88000
23	-0.025921	2803.6548	38.835003	18.204176	67.72378	-40.472034	0.0069860984	148.30536	89.24848	283.5402	4.7550564	77.8698	92000
24	-0.025745288	2782.1204	39.853413	18.764555	70.25454	-40.472034	0.006989509	151.13377	89.65645	283.5402	4.7550564	78.885445	96000
25	-0.025578227	2761.2393	40.86752	19.343527	72.76656	-40.472034	0.006938322	154.07492	90.29306	283.5402	4.7550564	79.9606	100000
26	-0.025290517	2734.5186	41.87256	19.919912	75.16705	-40.472034	0.006858419	156.78084	90.697235	294.44794	4.7550564	80.94041	104000
27	-0.025089825	2705.4832	42.875805	20.515415	77.48983	-40.472034	0.006826899	159.35513	91.026276	294.44794	4.7550564	81.86317	108000
28	-0.025170447	2681.6306	43.878986	21.123108	79.891556	-40.472034	0.0068776165	162.03342	91.501854	294.44794	4.7550564	82.77502	112000
29	-0.024968717	2647.9087	44.856552	21.705933	82.11887	-40.472034	0.006872734	164.41017	91.69006	307.751	4.7550564	83.6109	116000
30	-0.025076289	2620.413	45.841835	22.310568	84.39312	-40.472034	0.0068767318	166.88765	92.069885	307.751	4.7550564	84.44568	120000
31	-0.025233062	2601.0886	46.84812	22.928493	86.775795	-40.472034	0.0068795057	169.53595	92.72381	337.62277	4.7550564	85.31119	124000
32	-0.025523733	2588.5986	47.883366	23.554285	89.201004	-40.472034	0.006926829	171.95482	93.50489	343.90564	4.7550564	86.09965	128000
33	-0.025596423	2581.2822	48.926014	24.21806	91.92027	-40.472034	0.006917568	174.68271	94.58527	349.25977	4.7550564	86.9536	132000
34	-0.025684906	2580.0813	49.98591	24.91601	94.78405	-40.472034	0.0069234595	177.6284	96.0707	361.09906	4.7550564	87.86889	136000
35	-0.025644392	2581.1152	51.060173	25.636774	97.69247	-40.472034	0.0069440478	180.55154	97.544464	390.71317	4.7550564	88.728	140000
36	-0.025672317	2585.6506	52.165848	26.388552	100.56034	-40.472034	0.006926222	183.33263	98.951454	396.38745	4.7550564	89.50851	144000
37	-0.02570936	2585.5625	53.263683	27.14226	103.379	-40.472034	0.006889916	186.27968	100.48966	396.38745	4.7550564	90.33997	148000
38	-0.02579784	2592.7368	54.371952	27.916155	106.31602	-40.472034	0.006863965	189.31645	102.217	402.14993	4.7550564	91.140785	152000
39	-0.026146702	2601.0742	55.502064	28.705198	109.10159	-40.472034	0.0068406723	192.07964	103.817535	570.58417	4.7550564	91.86539	156000
40	-0.026153136	2612.7231	56.62506	29.490202	112.05699	-40.472034	0.0068537467	195.14723	105.85158	607.3294	4.7550564	92.68639	160000
41	-0.0262993	2626.5176	57.7635	30.299604	115.0432	-40.472034	0.0068593663	198.1427	107.74818	607.3294	4.7550564	93.430374	164000
42	-0.026291896	2639.7192	58.899292	31.107222	117.94	-40.472034	0.0068469075	201.17065	109.90124	634.33966	4.7550564	94.197876	168000
43	-0.026337404	2643.541	60.03128	31.912535	120.64763	-40.472034	0.0068330322	203.92966	111.48061	634.33966	4.7550564	94.86803	172000
44	-0.0263958	2632.1646	61.13018	32.688858	123.11589	-40.472034	0.0068495483	206.60814	112.68749	634.33966	4.7550564	95.54608	176000
45	-0.026386896	2617.879	62.22529	33.454063	125.486336	-40.472034	0.006839027	209.22876	113.8178	634.33966	4.7550564	96.2221	180000
46	-0.026384301	2604.8604	63.307213	34.209736	127.88026	-40.472034	0.006847277	211.96608	115.03811	634.33966	4.7550564	96.905106	184000
47	-0.026319372	2590.371	64.38231	34.952583	130.25824	-40.472034	0.0068113212	214.67183	116.218285	634.33966	4.7550564	97.5776	188000
48	-0.02629588	2576.7258	65.47201	35.701	132.47368	-40.472034	0.0068065897	217.07425	117.20688	634.33966	4.7550564	98.16909	192000
49	-0.02635368	2574.8767	66.554276	36.442265	135.03491	-40.472034	0.0068108365	219.82246	118.8539	743.8583	4.7550564	98.825905	196000
50	-0.026445331	2579.994	67.67389	37.208187	137.45094	-40.472034	0.006805793	222.40034	120.6367	743.8583	4.7550564	99.469635	200000
51	-0.026510071	2585.2305	68.8002	37.971706	139.7889	-40.472034	0.006809894	224.85657	122.36553	774.20026	4.7550564	100.12403	204000
52	-0.026703341	2572.0972	69.86226	38.671856	141.8148	-40.472034	0.006811762	226.93633	123.14941	774.20026	4.7550564	100.58716	208000
53	-0.026661841	2552.2458	70.889885	39.345337	143.52573	-40.472034	0.006803007	229.10838	123.835365	774.20026	4.7550564	101.12412	212000
54	-0.02672391	2529.0615	71.89949	39.999184	145.55403	-40.472034	0.0068224855	231.38179	124.55253	774.20026	4.7550564	101.65344	216000
55	-0.026895666	2510.9885	72.91413	40.65838	147.75613	-40.472034	0.0068201735	233.63576	125.28589	774.20026	4.7550564	102.17319	220000
56	-0.026907984	2489.8633	73.92178	41.30388	149.63687	-40.472034	0.0068382234	235.6939	125.862854	774.20026	4.7550564	102.655235	224000
57	-0.026943801	2471.998	74.92776	41.94916	151.82364	-40.472034	0.0068410896	237.87166	126.83839	774.20026	4.7550564	103.16937	228000
58	-0.026912836	2451.244	75.93689	42.597694	153.88373	-40.472034	0.0068414323	240.04279	127.72088	774.20026	4.7550564	103.68081	232000
59	-0.027006269	2453.394	77.0244	43.29134	155.86887	-40.472034	0.006847149	242.23131	129.11441	774.20026	4.7550564	104.286514	236000
60	-0.026986146	2453.5662	78.0567	43.948288	158.5362	-40.472034	0.0068639936	244.76328	131.56425	971.5394	4.7550564	104.95427	240000
61	-0.026981842	2467.953	79.154526	44.66089	161.4305	-40.472034	0.006859004	247.06007	133.77954	971.5394	4.7550564	105.57712	244000
62	-0.027061585	2481.4402	80.24887	45.375134	164.45181	-40.472034	0.0068663675	249.5238	136.63351	971.5394	4.7550564	106.214966	248000
63	-0.027082682	2491.3403	81.35458	46.114536	167.64429	-40.472034	0.006861816	252.23053	139.67978	971.5394	4.7550564	106.91772	252000
64	-0.027253184	2512.2363	82.54161	46.910885	170.05585	-40.472034	0.0068710735	254.74002	142.36137	971.5394	4.7550564	107.637825	256000
65	-0.02731321	2521.565	83.670555	47.65759	172.57973	-40.472034	0.0068581617	257.17825	144.98169	971.5394	4.7550564	108.29235	260000
66	-0.0274757	2518.8765	84.77727	48.395634	175.13777	-40.472034	0.0068616583	259.73236	147.46089	971.5394	4.7550564	108.96886	264000
67	-0.027600223	2523.7183	85.88627	49.13359	178.12935	-40.472034	0.0068627405	262.30716	150.2857	971.5394	4.7550564	109.65825	268000
68	-0.027671194	2519.887	86.963104	49.848835	180.68774	-40.472034	0.006882224	264.9042	152.77136	971.5394	4.7550564	110.3306	272000
69	-0.027668154	2528.9746	88.09592	50.60499	183.46297	-40.472034	0.006896026	267.51575	155.66145	971.5394	4.7550564	111.008995	276000
70	-0.027811874	2522.9575	89.19233	51.340767	186.08119	-40.472034	0.0069029927	270.0889	157.88074	971.5394	4.7550564	111.64826	280000
71	-0.027829135	2528.2876	90.32947	52.093834	187.91068	-40.472034	0.0068969526	272.36276	159.93481	971.5394	4.7550564	112.253265	284000
72	-0.027819458	2518.677	91.39824	52.78986	190.29176	-40.472034	0.006904645	274.9119	162.29248	971.5394	4.7550564	112.9151	288000
73	-0.027843423	2515.91	92.5212	53.534176	192.9044	-40.472034	0.006905577	277.46692	164.92374	971.5394	4.7550564	113.583885	292000
74	-0.027889477	2504.2083	93.61606	54.25432	195.42639	-40.472034	0.0069119856	279.91858	167.23772	971.5394	4.7550564	114.2434	296000
75	-0.027885297	2502.9346	94.734665	55.001766	198.42119	-40.472034	0.0069364402	282.72733	170.4418	971.5394	4.7550564	114.97582	300000
76	-0.027875988	2494.6592	95.86158	55.751812	200.83302	-40.472034	0.0069384496	285.3276	173.00372	971.5394	4.7550564	115.67264	304000
77	-0.027826333	2479.6335	96.90076	56.421867	202.50702	-40.472034	0.0069513754	287.71893	174.65245	971.5394	4.7550564	116.29616	308000
78	-0.027875718	2469.9143	98.011024	57.135975	204.21913	-40.472034	0.006949499	290.045	176.69957	971.5394	4.7550564	116.930954	312000
79	-0.0282299	2458.8975	99.09883	57.840626	206.65572	-40.472034	0.006965991	292.62552	179.13838	971.5394	4.7550564	117.59992	316000
80	-0.028307581	2445.765	100.14846	58.5039	208.45056	-40.472034	0.0069804117	294.93802	181.08965	1009.6207	4.7550564	118.22504	320000
81	-0.028425394	2430.7803	101.137695	59.102108	209.38078	-40.472034	0.006985539	296.90585	182.0632	1009.6207	4.7550564	118.72642	324000
82	-0.028465083	2416.8003	102.119705	59.696198	210.47011	-40.472034	0.0069831945	298.9204	183.27888	1009.6207	4.7550564	119.254776	328000
83	-0.02849947	2399.066	103.08966	60.268394	212.06367	-40.472034	0.006992891	301.12653	184.87196	1009.6207	4.7550564	119.83069	332000
84	-0.02848905	2388.641	104.11895	60.89249	214.5897	-40.472034	0.0069984132	303.50665	187.35919	1165.1245	4.7550564	120.44723	336000
85	-0.028516848	2377.6626	105.157646	61.52855	217.18164	-40.472034	0.0070018135	305.83875	189.91393	1288.3215	4.7550564	121.06935	340000
86	-0.028511018	2360.558	106.14477	62.12656	219.16512	-40.472034	0.0070111626	307.89508	191.16302	1288.3215	4.7550564	121.582794	344000
87	-0.028478807	2345.1182	107.1491	62.735394	221.28859	-40.472034	0.0070143933	310.2581	193.18832	1288.3215	4.7550564	122.18918	348000
88	-0.028506737	2327.9978	108.1576	63.353954	223.39258	-40.472034	0.0070260842	312.55374	194.90526	1288.3215	4.7550564	122.76871	352000
89	-0.028503241	2317.26	109.19212	63.990543	225.96649	-40.472034	0.0070181484	315.06555	198.06306	1505.1896	4.7550564	123.431725	356000
90	-0.028565677	2307.7422	110.25378	64.65593	228.7667	-40.472034	0.007031234	317.6322	201.35744	1505.1896	4.7550564	124.12174	360000
91	-0.028666398	2292.573	111.287254	65.30011	230.98334	-40.472034	0.0070518903	320.07214	203.94797	1505.1896	4.7550564	124.78407	364000
92	-0.028652329	2279.397	112.31889	65.939896	233.33527	-40.472034	0.0070582065	322.61877	206.91188	1505.1896	4.7550564	125.48102	368000
93	-0.028735787	2265.386	113.3617	66.5913	235.6478	-40.472034	0.0070700115	325.18332	210.0214	1505.1896	4.7550564	126.19076	372000
94	-0.028797619	2252.9065	114.40996	67.22471	237.54338	-40.472034	0.00709124	327.37793	212.78168	1669.527	4.7550564	126.794815	376000
95	-0.028743673	2233.8535	115.36618	67.79699	238.84671	-40.472034	0.007090639	329.64212	214.29663	1669.527	4.7550564	127.37822	380000
96	-0.028820941	2214.2708	116.30913	68.353226	240.02942	-40.472034	0.0070893094	331.702	215.46956	1669.527	4.7550564	127.89715	384000
97	-0.028812688	2198.3386	117.30489	68.9496	241.86928	-40.472034	0.00710248	334.06772	217.69328	1669.527	4.7550564	128.51884	388000
98	-0.028782493	2182.369	118.286835	69.5316	243.7206	-40.472034	0.0071123242	336.43207	219.99733	1669.527	4.7550564	129.14934	392000
99	-0.02875838	2165.0134	119.208275	70.06384	245.11853	-40.472034	0.007118539	338.76288	221.78448	1669.527	4.7550564	129.7595	396000
100	-0.028719798	2147.2432	120.12788	70.59094	246.41498	-40.472034	0.0071236617	340.8773	223.07101	1669.527	4.7550564	130.28859	400000
101	-0.028722363	2132.8093	121.08311	71.14272	248.2401	-40.472034	0.0071276557	342.91666	224.98343	1669.527	4.7550564	130.82138	404000
102	-0.028763628	2118.585	122.083786	71.723526	250.38075	-40.472034	0.0071323775	345.0097	227.26224	1669.527	4.7550564	131.3972	408000
103	-0.028828928	2104.906	123.089455	72.31639	252.47885	-40.472034	0.0071390667	347.2636	230.62836	1669.527	4.7550564	132.02966	412000
104	-0.028872816	2093.2947	124.035095	72.84644	253.7815	-40.472034	0.0071421666	349.4023	232.32434	1669.527	4.7550564	132.59792	416000
105	-0.028902022	2079.6987	125.031136	73.4252	255.85353	-40.472034	0.007153223	351.83527	236.30629	2010.636	4.7550564	133.28018	420000
106	-0.0289162	2065.384	125.978264	73.96579	257.60468	-40.472034	0.007163485	354.05032	238.43274	2010.636	4.7550564	133.86604	424000
107	-0.028948976	2049.0894	126.88708	74.47683	258.87744	-40.472034	0.007173196	356.17422	239.97824	2010.636	4.7550564	134.42015	428000
108	-0.028964868	2036.7167	127.798096	74.9736	260.16776	-40.472034	0.0071799182	358.45105	242.03491	2010.636	4.7550564	135.0232	432000
109	-0.029029775	2022.7953	128.78763	75.5333	260.91968	-40.472034	0.0071829553	360.29437	244.02728	2010.636	4.7550564	135.51869	436000
110	-0.029044205	2019.5321	129.68643	75.98344	260.91968	-40.472034	0.007194921	361.969	245.12306	2010.636	4.7550564	135.95906	440000
111	-0.02906435	2008.6058	130.63211	76.50537	263.09683	-40.472034	0.007202632	364.35474	248.45071	2010.636	4.7550564	136.60735	444000
112	-0.029143622	1992.2999	131.5087	76.96693	263.832	-40.472034	0.00721464	366.11993	249.50758	2010.636	4.7550564	137.06812	448000
113	-0.02918091	1978.6469	132.41325	77.43961	265.08908	-40.472034	0.007222975	367.88766	250.95276	2010.636	4.7550564	137.5423	452000
114	-0.029188901	1964.3647	133.29747	77.8993	266.23212	-40.472034	0.00723135	369.93936	252.97668	2010.636	4.7550564	138.10756	456000
115	-0.029171249	1951.1019	134.16786	78.34446	267.63916	-40.472034	0.0072348914	371.93573	255.24579	2010.636	4.7550564	138.64743	460000
116	-0.029169358	1947.7795	135.02777	78.763885	267.63916	-40.472034	0.0072413157	373.8449	256.85135	2010.636	4.7550564	139.18764	464000
117	-0.02917361	1933.1165	135.82683	79.146255	268.09882	-40.472034	0.0072525935	375.67575	257.83746	2010.636	4.7550564	139.66426	468000
118	-0.029284142	1919.5652	136.69666	79.57032	269.6676	-40.472034	0.007260948	377.8106	260.39447	2010.636	4.7550564	140.26712	472000
119	-0.029317724	1918.7506	137.59224	80.00216	269.6676	-40.472034	0.0072736843	380.0619	264.5719	2232.8652	4.7550564	141.01013	476000
120	-0.029331442	1905.4073	138.40536	80.37603	269.6676	-40.472034	0.007281277	382.14185	266.64694	2232.8652	4.7550564	141.5843	480000
121	-0.029369907	1898.7789	139.10318	80.642876	269.6676	-40.472034	0.0072857626	383.76648	267.08615	2232.8652	4.7550564	142.01166	484000
122	-0.029448912	1884.4373	139.81082	80.926384	269.6676	-40.472034	0.0072937272	385.6153	267.8185	2232.8652	4.7550564	142.4905	488000
123	-0.029465532	1877.716	140.62305	81.256035	269.6676	-40.472034	0.0072984784	387.16605	269.43823	2232.8652	4.7550564	142.9351	492000
124	-0.029451445	1865.5854	141.39302	81.57182	269.6676	-40.472034	0.0073042074	389.4086	272.50928	2232.8652	4.7550564	143.57747	496000
125	-0.02944511	1855.0752	142.16689	81.8902	270.0515	-40.472034	0.0073096007	391.52298	275.32626	2232.8652	4.7550564	144.18054	500000
126	-0.029466089	1842.7357	142.87688	82.17481	270.4864	-40.472034	0.0073210206	393.30396	276.20483	2232.8652	4.7550564	144.64243	504000
127	-0.029480938	1830.1897	143.53676	82.41926	270.4864	-40.472034	0.0073293797	394.91675	276.69434	2232.8652	4.7550564	145.04773	508000
128	-0.029512644	1817.9851	144.20175	82.659515	270.6793	-40.472034	0.007337814	396.74902	278.14438	2232.8652	4.7550564	145.52957	512000
129	-0.029503444	1806.0656	144.92499	82.93995	271.68082	-40.472034	0.0073481495	398.49374	279.51425	2232.8652	4.7550564	146.00032	516000
130	-0.029497623	1794.3519	145.54231	83.14945	271.68082	-40.472034	0.007360003	400.08838	280.09592	2232.8652	4.7550564	146.40031	520000
131	-0.0294977	1783.0549	146.18828	83.36024	271.68082	-40.472034	0.007364341	401.41556	280.49323	2232.8652	4.7550564	146.73244	524000
132	-0.029539458	1771.126	146.79819	83.562546	271.68082	-40.472034	0.0073709046	403.14465	281.2088	2232.8652	4.7550564	147.17755	528000
133	-0.029541787	1759.1344	147.40086	83.75501	271.68082	-40.472034	0.0073747495	404.65994	281.531	2232.8652	4.7550564	147.56958	532000
134	-0.029531537	1750.0013	148.01385	83.94746	271.68082	-40.472034	0.0073816543	406.2523	282.3706	2232.8652	4.7550564	148.00398	536000
135	-0.02965299	1738.9661	148.65363	84.14959	271.68082	-40.472034	0.0073850076	408.04544	283.81958	2232.8652	4.7550564	148.49893	540000
136	-0.029702092	1728.6194	149.30876	84.37182	273.08188	-40.472034	0.007395215	409.98996	285.50238	2232.8652	4.7550564	149.03409	544000
137	-0.029708382	1718.0261	150.0097	84.62436	274.75333	-40.472034	0.007404766	411.6934	287.27466	2232.8652	4.7550564	149.51411	548000
138	-0.02975391	1727.1698	150.72644	84.84673	274.75333	-40.472034	0.007418387	413.47086	290.248	2232.8652	4.7550564	150.13318	552000
139	-0.029852789	1716.8658	151.35855	85.02791	274.75333	-40.472034	0.007429886	415.27524	291.8155	2232.8652	4.7550564	150.63892	556000
140	-0.02986351	1707.735	152.06105	85.25438	274.75333	-40.472034	0.007438686	417.34552	295.30374	2287.8057	4.7550564	151.25339	560000
141	-0.029838031	1709.2406	152.73586	85.45459	274.75333	-40.472034	0.0074475817	418.7911	296.38892	2287.8057	4.7550564	151.69058	564000
142	-0.029840307	1700.7109	153.44896	85.685555	274.75333	-40.472034	0.0074534197	420.6487	299.86502	2287.8057	4.7550564	152.24828	568000
143	-0.029856972	1709.872	154.14082	85.88791	274.75333	-40.472034	0.0074593406	422.53442	303.50867	2385.662	4.7550564	152.8635	572000
144	-0.029834867	1709.0698	154.77406	86.04576	274.75333	-40.472034	0.007463632	424.0363	304.95917	2385.662	4.7550564	153.29303	576000
145	-0.029864823	1712.0143	155.36647	86.140854	274.75333	-40.472034	0.007475243	425.77893	307.50266	2385.662	4.7550564	153.82803	580000
146	-0.029926982	1703.1218	156.03008	86.32193	274.75333	-40.472034	0.0074823303	427.60626	310.09387	2385.662	4.7550564	154.35684	584000
147	-0.029916497	1695.65	156.67775	86.50876	277.75146	-40.472034	0.007485975	429.3049	312.4653	2385.662	4.7550564	154.84447	588000
148	-0.029969651	1686.0646	157.33678	86.70335	280.54132	-40.472034	0.007496642	430.89676	314.70837	2385.662	4.7550564	155.30098	592000
149	-0.029971853	1690.6447	157.84198	86.74467	280.54132	-40.472034	0.007503895	432.276	316.28217	2385.662	4.7550564	155.76346	596000
150	-0.029976234	1682.3671	158.46426	86.91015	282.14847	-40.472034	0.0075089266	434.08655	318.68912	2385.662	4.7550564	156.27032	600000
151	-0.029981222	1675.2411	159.04294	87.072044	284.64774	-40.472034	0.007517943	436.1106	320.8418	2385.662	4.7550564	156.83119	604000
152	-0.029951	1666.5573	159.55974	87.19912	286.019	-40.472034	0.007527905	437.9002	322.13324	2385.662	4.7550564	157.30983	608000
153	-0.029972693	1658.7194	160.12047	87.3287	286.89822	-40.472034	0.007534704	439.48932	323.49908	2385.662	4.7550564	157.78198	612000
154	-0.029994568	1659.3013	160.66034	87.4054	286.9229	-40.472034	0.0075364443	441.43048	326.55838	2385.662	4.7550564	158.4607	616000
155	-0.03001909	1656.0842	161.21445	87.48838	287.84772	-40.472034	0.00754543	443.3519	330.98184	2385.662	4.7550564	159.1657	620000
156	-0.030054502	1646.7689	161.7965	87.65703	290.00793	-40.472034	0.0075518955	445.0704	332.2016	2385.662	4.7550564	159.62622	624000
157	-0.030247847	1637.748	162.34875	87.8072	291.89255	-40.472034	0.0075603183	446.85068	333.70538	2385.662	4.7550564	160.1106	628000
158	-0.030220266	1631.7645	162.91545	87.96522	293.63882	-40.472034	0.0075608357	448.7129	335.60123	2385.662	4.7550564	160.6324	632000
159	-0.030244611	1622.4312	163.49782	88.12278	294.75867	-40.472034	0.0075612217	450.5879	338.6529	2385.662	4.7550564	161.17192	636000
160	-0.030216256	1615.6077	163.99597	88.204834	294.75867	-40.472034	0.007559414	451.68527	338.92746	2385.662	4.7550564	161.47658	640000
161	-0.030292246	1606.3118	164.58263	88.37862	295.50217	-40.472034	0.0075676455	453.06097	339.7867	2385.662	4.7550564	161.83841	644000
162	-0.03028208	1600.1954	165.12978	88.48698	295.87314	-40.472034	0.0075663966	454.73563	342.23523	2385.662	4.7550564	162.3559	648000
163	-0.030251268	1592.3503	165.74135	88.67614	297.84363	-40.472034	0.0075708586	456.6049	344.74524	2385.662	4.7550564	162.88731	652000
164	-0.03026611	1583.878	166.29005	88.802345	299.3823	-40.472034	0.0075776707	458.6421	347.39032	2385.662	4.7550564	163.50496	656000
165	-0.030325616	1575.5975	166.82791	88.94401	300.06235	-40.472034	0.0075824354	460.31927	348.90308	2385.662	4.7550564	163.9647	660000
166	-0.030324068	1571.2585	167.33708	89.05236	300.06235	-40.472034	0.0075815255	462.18317	352.02704	3025.8252	4.7550564	164.54169	664000
167	-0.03031415	1568.5797	167.90382	89.164536	300.77692	-40.472034	0.0075875055	463.69315	354.94666	3025.8252	4.7550564	165.03658	668000
168	-0.030334046	1560.9713	168.47559	89.31148	303.4383	-40.472034	0.007597677	465.61386	360.55585	3291.7197	4.7550564	165.644	672000
169	-0.030383997	1563.4468	168.89203	89.294266	303.4383	-40.472034	0.007602614	467.58344	364.6643	3291.7197	4.7550564	166.36903	676000
170	-0.030386748	1556.4255	169.37262	89.39247	303.4383	-40.472034	0.00761069	469.2276	365.65424	3291.7197	4.7550564	166.85011	680000
171	-0.030407526	1547.8827	169.8527	89.50526	303.4383	-40.472034	0.0076194047	470.68954	366.3163	3291.7197	4.7550564	167.22136	684000
172	-0.030505907	1540.7556	170.33365	89.612015	303.4383	-40.472034	0.007624963	472.04138	367.06262	3291.7197	4.7550564	167.59189	688000
173	-0.030523658	1533.8297	170.81519	89.7148	304.13635	-40.472034	0.0076345303	473.56134	368.10342	3291.7197	4.7550564	168.00305	692000
174	-0.030511692	1528.1528	171.27133	89.80906	304.635	-40.472034	0.007639072	474.96085	368.64258	3291.7197	4.7550564	168.35645	696000
175	-0.030520821	1525.37	171.78067	89.89368	305.0788	-40.472034	0.007646877	476.75992	371.65363	3291.7197	4.7550564	168.91644	700000
176	-0.030565988	1518.0929	172.23816	89.98416	305.0788	-40.472034	0.0076512354	478.11575	371.95987	3291.7197	4.7550564	169.26147	704000
177	-0.030558549	1515.2408	172.81152	90.14603	305.53748	-40.472034	0.007661598	479.84595	374.4468	3291.7197	4.7550564	169.7544	708000
178	-0.030567871	1507.2147	173.36899	90.31656	306.5903	-40.472034	0.0076662796	481.7858	377.10727	3291.7197	4.7550564	170.29108	712000
179	-0.030581655	1500.9193	173.83272	90.42196	307.60043	-40.472034	0.0076747914	483.2891	378.2545	3291.7197	4.7550564	170.68979	716000
180	-0.030571513	1493.3693	174.2739	90.51399	308.02863	-40.472034	0.007681986	484.79477	378.7877	3291.7197	4.7550564	171.06314	720000
181	-0.030557495	1493.9445	174.67516	90.55484	308.55853	-40.472034	0.0076855575	486.11145	379.9322	3291.7197	4.7550564	171.42052	724000
182	-0.03057701	1488.4979	175.05682	90.59298	308.63773	-40.472034	0.0076866136	487.42667	380.06122	3291.7197	4.7550564	171.74155	728000
183	-0.030618636	1481.2406	175.53423	90.69287	308.63773	-40.472034	0.0076909326	489.01727	381.99536	3291.7197	4.7550564	172.20125	732000
184	-0.030628359	1474.1957	175.97728	90.78914	308.8419	-40.472034	0.007698442	490.52722	382.58313	3291.7197	4.7550564	172.58795	736000
185	-0.03062007	1468.2858	176.4141	90.87775	308.8419	-40.472034	0.007701919	492.1252	383.88052	3291.7197	4.7550564	173.0322	740000
186	-0.030695166	1465.3695	176.79503	90.92524	309.40482	-40.472034	0.0077038137	492.9094	383.92813	3291.7197	4.7550564	173.22948	744000
187	-0.03072045	1463.9333	177.20793	90.982796	310.05817	-40.472034	0.007706581	494.33466	384.79633	3291.7197	4.7550564	173.61456	748000
188	-0.030728055	1456.5436	177.63014	91.06588	311.2599	-40.472034	0.0077123553	495.6873	385.1703	3291.7197	4.7550564	173.95372	752000
189	-0.030761542	1450.2278	178.0494	91.155205	312.502	-40.472034	0.0077191633	497.0642	385.73758	3291.7197	4.7550564	174.30841	756000
190	-0.030737564	1443.3723	178.389	91.1759	312.502	-40.472034	0.00772232	498.45065	385.91425	3291.7197	4.7550564	174.65591	760000
191	-0.030730834	1436.2062	178.7422	91.21547	312.76312	-40.472034	0.0077289175	499.83234	386.2241	3291.7197	4.7550564	174.99869	764000
192	-0.030732589	1430.1749	179.16978	91.29342	312.76312	-40.472034	0.0077275657	501.60574	388.6412	3291.7197	4.7550564	175.50656	768000
193	-0.030806422	1427.1692	179.66858	91.38731	312.76312	-40.472034	0.007732539	503.47977	393.32986	3291.7197	4.7550564	176.10417	772000
194	-0.030833047	1420.2786	180.0372	91.43335	312.76312	-40.472034	0.007738467	504.9759	393.75995	3291.7197	4.7550564	176.48444	776000
195	-0.030820783	1417.569	180.42542	91.46843	312.76312	-40.472034	0.0077406974	506.7307	395.8858	3291.7197	4.7550564	176.98747	780000
196	-0.030844606	1411.1542	180.82089	91.535065	312.76312	-40.472034	0.007745646	508.3776	396.88577	3291.7197	4.7550564	177.41597	784000
197	-0.030864503	1411.2374	181.2536	91.5785	312.76312	-40.472034	0.007752236	510.1087	400.56485	3291.7197	4.7550564	177.97325	788000
198	-0.030881213	1406.7635	181.63245	91.622696	312.76312	-40.472034	0.0077575236	511.61597	402.30338	3291.7197	4.7550564	178.39948	792000
199	-0.030904578	1400.2933	182.04263	91.69668	313.0304	-40.472034	0.0077625853	513.2355	404.4658	3291.7197	4.7550564	178.8457	796000
200	-0.030920802	1397.7572	182.45673	91.750275	313.4725	-40.472034	0.00776479	514.736	406.99457	3291.7197	4.7550564	179.31346	800000
201	-0.030948987	1391.4314	182.89365	91.84925	315.23965	-40.472034	0.0077690673	516.1273	408.04834	3291.7197	4.7550564	179.67946	804000
202	-0.030972853	1388.5768	183.28532	91.884995	315.23965	-40.472034	0.0077754664	517.59546	410.26654	3291.7197	4.7550564	180.11948	808000
203	-0.03103436	1382.4016	183.6766	91.956154	315.687	-40.472034	0.007783125	519.0954	411.06696	3291.7197	4.7550564	180.5118	812000
204	-0.031013902	1382.9711	184.08873	91.991844	315.687	-40.472034	0.007784135	521.1105	414.96655	3291.7197	4.7550564	181.13661	816000
205	-0.030981837	1376.8804	184.51906	92.078	315.687	-40.472034	0.0077925776	522.395	415.8033	3291.7197	4.7550564	181.47614	820000
206	-0.030983277	1375.3062	184.92926	92.11867	315.687	-40.472034	0.0077918386	523.8511	417.9264	3291.7197	4.7550564	181.9052	824000
207	-0.031007025	1370.2322	185.28218	92.16319	315.687	-40.472034	0.0077980626	525.38214	418.856	3291.7197	4.7550564	182.33578	828000
208	-0.031022212	1364.2023	185.64769	92.2184	315.687	-40.472034	0.0078041116	526.64484	419.29755	3291.7197	4.7550564	182.66405	832000
209	-0.031086737	1358.1349	186.03357	92.284996	316.10535	-40.472034	0.0078078234	528.0219	420.4013	3291.7197	4.7550564	183.03415	836000
210	-0.031051345	1357.2909	186.41241	92.314644	316.10535	-40.472034	0.0078078997	529.86414	423.96835	3291.7197	4.7550564	183.59354	840000
211	-0.03108134	1356.9338	186.82195	92.37026	316.10535	-40.472034	0.00781175	531.2687	426.26974	3291.7197	4.7550564	184.00807	844000
212	-0.031079154	1353.5171	187.12964	92.3752	316.10535	-40.472034	0.0078123044	532.5192	427.09415	3291.7197	4.7550564	184.365	848000
213	-0.031092193	1349.5267	187.43358	92.38368	316.10535	-40.472034	0.007813968	533.94586	428.5723	3291.7197	4.7550564	184.77081	852000
214	-0.031080522	1343.9115	187.76886	92.41749	316.10535	-40.472034	0.00781528	534.8354	428.48825	3291.7197	4.7550564	184.98549	856000
215	-0.03107094	1342.2257	188.11172	92.42846	316.10535	-40.472034	0.007818413	536.5294	430.58597	3291.7197	4.7550564	185.48964	860000
216	-0.031121148	1336.6234	188.3941	92.42895	316.10535	-40.472034	0.007821317	537.8529	431.06836	3291.7197	4.7550564	185.83578	864000
217	-0.031142985	1331.1625	188.78183	92.48776	316.10535	-40.472034	0.00782282	538.73773	431.28058	3291.7197	4.7550564	186.06433	868000
218	-0.031112036	1327.1696	189.17232	92.542885	316.10535	-40.472034	0.007827485	540.61914	434.13116	3291.7197	4.7550564	186.61766	872000
219	-0.031092884	1327.5454	189.48161	92.51958	316.10535	-40.472034	0.007830845	542.47485	437.12415	3291.7197	4.7550564	187.25476	876000
220	-0.0311278	1326.7662	189.76993	92.49854	316.10535	-40.472034	0.007830298	543.34283	437.26587	3291.7197	4.7550564	187.53224	880000
221	-0.031099759	1324.8369	190.04987	92.4617	316.10535	-40.472034	0.0078340145	544.31165	438.03882	3291.7197	4.7550564	187.8564	884000
222	-0.031084465	1319.7369	190.44177	92.53156	316.10535	-40.472034	0.00783864	545.8791	440.04892	3291.7197	4.7550564	188.30542	888000
223	-0.031081289	1318.8201	190.81454	92.556656	316.10535	-40.472034	0.007845545	547.6028	442.79895	3291.7197	4.7550564	188.8485	892000
224	-0.031056391	1313.4928	191.11668	92.57372	316.10535	-40.472034	0.007850955	549.07806	443.9424	3291.7197	4.7550564	189.25768	896000
225	-0.03111467	1308.07	191.41267	92.59451	316.10535	-40.472034	0.00785444	550.2562	444.12463	3291.7197	4.7550564	189.56549	900000
226	-0.031164227	1303.5171	191.72336	92.60433	316.10535	-40.472034	0.007860154	551.43146	444.75653	3291.7197	4.7550564	189.90422	904000
227	-0.0311875	1298.2723	192.04239	92.61729	316.10535	-40.472034	0.007861718	552.69855	445.65588	3291.7197	4.7550564	190.25366	908000
228	-0.031219786	1292.8389	192.29077	92.612305	316.10535	-40.472034	0.007864159	553.7462	445.5343	3291.7197	4.7550564	190.51678	912000
229	-0.031236311	1287.5726	192.59283	92.627975	316.10535	-40.472034	0.007866178	555.1274	446.6129	3291.7197	4.7550564	190.90875	916000
230	-0.03125214	1282.2451	192.93147	92.6691	316.10535	-40.472034	0.0078675905	556.38824	447.2688	3291.7197	4.7550564	191.25333	920000
231	-0.031298615	1279.3657	193.26508	92.686516	316.10535	-40.472034	0.007869202	557.4174	447.8996	3291.7197	4.7550564	191.55174	924000
232	-0.0313065	1278.6809	193.51418	92.657585	316.10535	-40.472034	0.007871812	558.69916	448.41705	3291.7197	4.7550564	191.92668	928000
233	-0.03129339	1273.8407	193.78342	92.6568	316.10535	-40.472034	0.007874366	560.07825	448.94278	3291.7197	4.7550564	192.30968	932000
234	-0.03127953	1272.2385	194.04068	92.63904	316.10535	-40.472034	0.007877884	561.3686	449.62823	3291.7197	4.7550564	192.71518	936000
235	-0.031293273	1267.6295	194.3071	92.6388	316.10535	-40.472034	0.007881491	562.3542	449.68762	3291.7197	4.7550564	192.9631	940000
236	-0.03131106	1265.3887	194.59825	92.64274	316.10535	-40.472034	0.007886482	563.3885	450.2134	3291.7197	4.7550564	193.23787	944000
237	-0.031300593	1262.072	194.89595	92.62369	316.10535	-40.472034	0.007889907	564.0885	450.6006	3291.7197	4.7550564	193.46394	948000
238	-0.031291954	1257.3329	195.19994	92.63867	316.10535	-40.472034	0.007893157	565.70123	452.81418	3291.7197	4.7550564	193.9409	952000
239	-0.031269647	1256.5225	195.47136	92.627594	316.10535	-40.472034	0.007894636	567.2718	454.3438	3291.7197	4.7550564	194.405	956000
240	-0.031241119	1258.4333	195.78174	92.58312	316.10535	-40.472034	0.007900692	568.59607	457.02676	3291.7197	4.7550564	194.84581	960000
241	-0.03124611	1256.9274	196.04329	92.550964	316.10535	-40.472034	0.0079008015	569.86884	458.29138	3291.7197	4.7550564	195.23003	964000
242	-0.031262707	1255.1903	196.27763	92.53665	316.10535	-40.472034	0.007900718	570.65076	458.16464	3291.7197	4.7550564	195.43306	968000
243	-0.031243965	1251.2905	196.55243	92.54823	316.10535	-40.472034	0.007900813	571.98096	458.99106	3291.7197	4.7550564	195.80481	972000
244	-0.031282775	1246.4698	196.79216	92.539955	316.10535	-40.472034	0.007906214	573.018	458.8943	3291.7197	4.7550564	196.06073	976000
245	-0.03125003	1241.9288	196.96059	92.50272	316.10535	-40.472034	0.007906326	573.7811	458.4513	3291.7197	4.7550564	196.23398	980000
246	-0.03124389	1237.4425	197.14882	92.48282	316.10535	-40.472034	0.007904598	574.644	458.12955	3291.7197	4.7550564	196.4387	984000
247	-0.0312705	1233.0668	197.37862	92.472855	316.10535	-40.472034	0.007910562	575.3605	458.06494	3291.7197	4.7550564	196.6139	988000
248	-0.0312613	1230.0309	197.6343	92.46087	316.10535	-40.472034	0.007910608	576.6074	458.66934	3291.7197	4.7550564	196.9646	992000
249	-0.031278223	1225.6095	197.89728	92.46623	316.10535	-40.472034	0.007914206	577.5775	458.64505	3291.7197	4.7550564	197.198	996000
250	-0.031306274	1221.1324	198.12502	92.458855	316.10535	-40.472034	0.007906317	578.73895	458.7611	3291.7197	4.7550564	197.48772	1000000
