epoch	pi-loss	q-loss	average-q1-values	std-q1-values	max-q1-values	min-q1-values	average-q2-values	std-q2-values	max-q2-values	min-q2-values	average-episode-return	std-episode-return	max-episode-return	min-episode-return	episode-length	average-test-episode-return	std-test-episode-return	max-test-episode-return	min-test-episode-return	test-episode-length	entropy-coeff	total-env-interacts	entropy-coeff-loss
1	-15.720479	3.529225	13.698295	9.254125	79.181274	-6.0263596	13.699479	9.261859	78.30074	-9.161775	17.628893	15.060962	119.46798	3.5826879	21.052631	63.440918	2.7541194	65.99966	56.959923	36.6	0.3562165	4000	-2.1884139
2	-47.729477	40.16945	43.394257	38.5062	226.88066	-28.47275	43.396534	38.52127	226.23111	-32.532974	30.58682	45.58644	227.15886	3.5826879	26.490067	134.044	70.64788	208.41397	56.959923	63.1	0.2718598	8000	-0.8605237
3	-81.391495	61.897564	76.40583	60.09632	226.88066	-53.556267	76.409966	60.114075	226.23111	-50.92196	52.481907	72.8313	227.15886	3.5826879	34.782608	156.75699	66.103516	210.3848	56.959923	72.1	0.25145513	12000	-0.5520184
4	-100.98217	67.638985	96.06904	68.179756	226.88066	-53.556267	96.07296	68.20006	226.23111	-52.57549	69.730286	84.92802	238.53801	3.5826879	41.34367	174.19048	64.754326	233.85936	56.959923	79.25	0.22832434	16000	-0.42139998
5	-111.75068	73.5101	107.109474	70.609024	250.16318	-162.13425	107.11213	70.629974	246.81204	-163.7075	72.65149	92.95184	693.8065	2.0233822	46.728973	236.74698	162.1439	846.6504	56.959923	151.22	0.20834652	20000	-0.34350568
6	-118.53286	75.286575	114.1143	70.633995	253.02171	-162.13425	114.1166	70.652855	250.41663	-163.7075	83.41715	116.44045	1057.8169	2.0233822	54.42177	316.8849	243.58733	1155.467	56.959923	215.93333	0.19145107	24000	-0.29032588
7	-124.43018	74.46017	120.13997	70.26003	253.02171	-162.13425	120.14164	70.28006	250.41663	-163.7075	92.338936	144.95377	1063.6808	2.0233822	62.78027	421.7313	341.91354	1155.467	56.959923	324.65714	0.18087587	28000	-0.24013984
8	-130.07887	72.274826	125.97725	69.25747	253.02171	-162.13425	125.9789	69.27684	250.41663	-163.7075	100.130035	161.05339	1063.6808	2.0233822	70.17544	427.57062	325.38803	1155.467	56.959923	322.5875	0.16933806	32000	-0.22151075
9	-133.79161	69.633484	129.90834	67.818184	253.02171	-162.13425	129.90976	67.83646	250.41663	-163.7075	111.1038	173.96564	1063.6808	2.0233822	76.59574	419.13443	307.72766	1155.467	56.959923	305.33334	0.15956067	36000	-0.19418237
10	-136.0613	66.44419	132.37553	66.31142	253.02171	-162.13425	132.37682	66.32875	250.41663	-163.7075	121.112885	185.1156	1063.6808	2.0233822	82.64463	415.2765	292.26102	1155.467	56.959923	294.13	0.15196352	40000	-0.17691551
11	-137.47423	63.222168	133.97342	64.77708	253.02171	-162.13425	133.97456	64.79292	250.41663	-163.7075	129.90196	204.7518	1162.4287	2.0233822	89.79592	413.73486	278.7344	1155.467	56.959923	285.71817	0.14378174	44000	-0.1665974
12	-138.24101	60.27776	134.9145	63.24318	253.02171	-162.13425	134.91545	63.25799	250.41663	-163.7075	139.25475	212.62767	1162.4287	2.0233822	95.2381	431.49603	277.22513	1155.467	56.959923	298.575	0.13568074	48000	-0.1585986
13	-138.46419	57.503223	135.30142	61.784637	253.02171	-162.13425	135.30229	61.798267	250.41663	-163.7075	148.58405	213.78734	1162.4287	2.0233822	98.859314	425.78366	267.08752	1155.467	56.959923	288.57693	0.12882301	52000	-0.14275816
14	-138.39624	55.126686	135.37758	60.485157	253.02171	-162.13425	135.37834	60.49737	250.41663	-163.7075	157.23279	213.5049	1162.4287	2.0233822	101.63339	421.67108	257.88193	1155.467	56.959923	279.85715	0.12310615	56000	-0.1373293
15	-138.18613	52.800606	135.29941	59.33094	253.02171	-162.13425	135.3002	59.341606	250.41663	-163.7075	165.48456	212.6235	1162.4287	2.0233822	104.166664	420.29486	249.44176	1155.467	56.959923	273.20667	0.117736906	60000	-0.12118233
16	-137.91852	50.72954	135.1511	58.31413	253.02171	-162.13425	135.15186	58.323505	250.41663	-163.7075	173.73872	213.81662	1162.4287	2.0233822	107.023415	416.31464	242.0149	1155.467	56.959923	266.6125	0.11318412	64000	-0.12002806
17	-137.6369	48.866383	134.97513	57.390842	253.02171	-162.13425	134.97585	57.399242	250.41663	-163.7075	181.224	214.60982	1162.4287	2.0233822	109.67742	423.12665	237.86641	1155.467	56.959923	266.41177	0.1088559	68000	-0.11363865
18	-137.37585	47.16959	134.81567	56.544807	253.02171	-162.13425	134.81642	56.551964	250.41663	-163.7075	189.08516	218.45616	1162.4287	2.0233822	113.02983	439.27908	241.49106	1155.467	56.959923	271.38333	0.10489113	72000	-0.10695583
19	-137.17926	45.771286	134.71158	55.769955	253.02171	-162.13425	134.71233	55.776424	250.41663	-163.7075	195.39548	218.20241	1162.4287	2.0233822	114.97731	431.27985	237.4949	1155.467	56.959923	263.59473	0.10149833	76000	-0.098443486
20	-137.00761	44.459175	134.62584	55.101902	253.02171	-162.13425	134.62648	55.107784	250.41663	-211.74802	203.58362	219.66316	1162.4287	2.0233822	116.78832	430.28445	231.54555	1155.467	56.959923	258.375	0.09833205	80000	-0.09474526
21	-136.9387	43.321243	134.62968	54.54072	253.02171	-182.30148	134.63031	54.54582	250.41663	-211.74802	209.38287	217.56732	1162.4287	2.0233822	117.812065	428.51495	226.23497	1155.467	56.959923	253.4619	0.09564297	84000	-0.08513848
22	-137.03355	42.261154	134.78789	54.08608	253.02171	-182.30148	134.78856	54.0907	250.41663	-211.74802	216.82202	218.08263	1162.4287	2.0233822	119.241196	437.22815	224.88756	1155.467	56.959923	251.97273	0.09324622	88000	-0.08699388
23	-137.28508	41.41172	135.0942	53.72532	253.02171	-211.5162	135.09491	53.729774	250.41663	-211.74802	224.09404	220.37805	1162.4287	2.0233822	121.052635	452.35068	231.98683	1155.467	56.959923	253.6	0.09133754	92000	-0.07821306
24	-137.7331	40.78383	135.59137	53.43929	257.56232	-226.53754	135.59207	53.443035	258.6366	-216.16081	235.17752	232.89221	1162.4287	2.0233822	123.870964	459.051	230.67152	1155.467	56.959923	251.93333	0.08983649	96000	-0.07496632
25	-138.4054	40.233036	136.30536	53.29562	269.83145	-226.53754	136.30608	53.29891	270.0425	-216.16081	243.66565	236.95049	1162.4287	2.0233822	125.62814	470.74704	233.28322	1155.467	56.959923	251.128	0.08862394	100000	-0.07293632
26	-139.31201	39.843105	137.24507	53.35807	274.08228	-226.53754	137.2458	53.361057	275.0511	-216.16081	253.52783	244.74304	1162.4287	2.0233822	127.76413	484.0335	238.39223	1155.467	56.959923	251.82692	0.087733515	104000	-0.06896225
27	-140.39427	39.437077	138.36223	53.566483	276.70187	-226.53754	138.36298	53.568962	279.60278	-216.16081	263.47488	254.63759	1162.4287	2.0233822	130.27744	489.6485	235.97087	1155.467	56.959923	250.14444	0.08671455	108000	-0.06647585
28	-141.55103	39.08286	139.5539	53.87256	280.47705	-226.53754	139.55463	53.87474	279.60278	-216.16081	273.53476	264.29556	1162.4287	2.0233822	132.54437	510.77466	256.88434	1296.4525	56.959923	253.23572	0.08574031	112000	-0.062750876
29	-142.792	38.725952	140.82535	54.299225	288.75574	-288.84015	140.82607	54.3012	286.12408	-243.02411	284.0888	276.83478	1368.2809	2.0233822	135.04074	524.78925	263.3714	1296.4525	56.959923	254.14137	0.08494684	116000	-0.06088587
30	-144.12227	38.48268	142.18445	54.863308	302.90845	-288.84015	142.18517	54.864964	302.15735	-263.02295	294.3472	288.14163	1508.8491	2.0233822	137.61469	532.8094	262.67413	1296.4525	56.959923	253.27333	0.0842461	120000	-0.0596883
31	-145.5112	38.28751	143.60109	55.543766	308.38315	-288.84015	143.60176	55.54511	309.03232	-263.02295	303.5816	294.58395	1508.8491	2.0233822	139.63963	548.4377	278.3566	1713.9293	56.959923	256.6	0.08356777	124000	-0.05693444
32	-146.96489	38.100765	145.07942	56.310066	308.38315	-299.84418	145.08003	56.311275	309.88992	-263.51733	313.74643	308.54474	1634.3906	2.0233822	142.22223	559.1735	280.90503	1713.9293	56.959923	256.7	0.083088934	128000	-0.054766435
33	-148.4431	37.93904	146.58257	57.130733	308.38315	-299.84418	146.58315	57.13175	309.88992	-278.98367	324.1229	323.3944	2223.064	2.0233822	144.89572	607.94476	408.08032	3045.6492	56.959923	271.02728	0.08250983	132000	-0.05386812
34	-149.94827	37.823025	148.11166	57.99024	308.38315	-317.02158	148.11223	57.99107	310.875	-329.24615	334.82306	351.88348	3056.2239	2.0233822	148.14815	641.75793	459.9577	3122.923	56.959923	278.5794	0.08208385	136000	-0.05150267
35	-151.46956	37.775597	149.65642	58.864677	310.86523	-318.0121	149.65701	58.865227	311.13434	-329.24615	345.99838	374.5865	3056.2239	2.0233822	151.18791	670.9915	492.31476	3147.3198	56.959923	285.00858	0.08171294	140000	-0.050089855
36	-152.99829	37.69929	151.20708	59.748558	310.86523	-363.95496	151.20772	59.74895	311.13434	-363.35443	356.51587	391.5361	3056.2239	2.0233822	153.84616	693.0608	504.5681	3147.3198	56.959923	289.14722	0.0812962	144000	-0.049071353
37	-154.50816	37.615593	152.73979	60.617577	310.86523	-363.95496	152.74051	60.617588	312.95538	-363.35443	368.14008	425.78738	3209.1018	2.0233822	157.2795	708.6588	506.70627	3147.3198	56.959923	291.7	0.0808758	148000	-0.048256665
38	-156.01286	37.446877	154.26636	61.463787	310.86523	-363.95496	154.26704	61.463703	312.95538	-363.35443	377.78442	441.18127	3209.1018	2.0233822	159.83176	715.88806	503.69778	3147.3198	56.959923	292.00262	0.080451615	152000	-0.045856558
39	-157.49184	37.3048	155.76674	62.279835	310.86523	-363.95496	155.76747	62.279243	312.95538	-363.35443	385.9137	449.82437	3209.1018	2.0233822	161.82573	752.7917	551.2436	3231.0083	56.959923	301.0487	0.080026105	156000	-0.045477916
40	-158.93713	37.1705	157.23306	63.05072	310.86523	-363.95496	157.23383	63.050034	312.95538	-363.35443	395.835	461.2932	3209.1018	2.0233822	164.43988	762.76984	548.0364	3231.0083	56.959923	302.14	0.07959201	160000	-0.04388874
41	-160.33739	37.129417	158.65489	63.78425	310.86523	-363.95496	158.65567	63.78337	312.95538	-363.35443	406.4196	483.2512	3213.4502	2.0233822	167.51787	793.0347	587.16785	3231.0083	56.959923	310.49268	0.07912015	164000	-0.043552473
42	-161.70229	36.987232	160.04028	64.48356	310.86523	-363.95496	160.041	64.482574	312.95538	-363.35443	416.03262	496.72513	3213.4502	2.0233822	170.21277	843.5401	669.3044	3231.0083	56.959923	325.51428	0.078706264	168000	-0.04263346
43	-163.0292	36.96173	161.38756	65.1532	310.86523	-363.95496	161.3883	65.152115	312.95538	-363.35443	424.02106	506.06097	3213.4502	2.0233822	172.51755	860.65576	672.12396	3231.0083	56.959923	328.94186	0.078194655	172000	-0.0413898
44	-164.33308	36.99307	162.7109	65.78248	311.845	-363.95496	162.71164	65.78128	312.95538	-363.35443	434.11087	521.2257	3213.4502	2.0233822	175.2988	881.20575	679.4636	3231.0083	56.959923	333.40454	0.077709965	176000	-0.041178886
45	-165.60905	36.92252	164.00653	66.4026	313.64212	-363.95496	164.00726	66.401375	312.95538	-363.35443	444.46573	538.55414	3213.4502	2.0233822	178.21782	913.8587	713.7832	3299.2317	56.959923	341.49554	0.07720722	180000	-0.039624196
46	-166.87747	36.897137	165.2942	67.01291	316.34354	-363.95496	165.29495	67.011475	314.52478	-363.35443	454.62457	560.81244	3294.7014	2.0233822	181.10236	963.2139	779.76263	3299.2317	56.959923	355.81088	0.07678931	184000	-0.03931321
47	-168.13199	36.879948	166.56653	67.60381	316.34354	-363.95496	166.5672	67.60248	314.52478	-363.35443	464.92838	582.7532	3294.7014	2.0233822	184.13321	1010.567	835.6107	3299.2317	56.959923	369.51703	0.076315016	188000	-0.03827713
48	-169.37875	36.877083	167.83	68.19021	319.21188	-363.95496	167.83066	68.188774	317.73904	-363.35443	473.77097	594.8095	3294.7014	2.0233822	186.40776	1051.9451	878.5689	3362.905	56.959923	381.27292	0.07586972	192000	-0.037165184
49	-170.62302	36.833477	169.09001	68.78717	321.05264	-363.95496	169.09064	68.78569	320.3716	-363.35443	482.81598	602.9114	3294.7014	2.0233822	188.64293	1056.4528	870.2286	3362.905	56.959923	380.67142	0.07549951	196000	-0.03635748
50	-171.8575	36.773186	170.34055	69.384254	321.05264	-363.95496	170.34117	69.38257	322.24503	-363.35443	492.56265	616.1948	3294.7014	2.0233822	191.20459	1057.109	861.52795	3362.905	56.959923	379.29	0.07515718	200000	-0.035734087
51	-173.08972	36.745975	171.5877	69.97864	322.45724	-363.95496	171.58838	69.97684	324.1314	-363.35443	500.64026	622.6972	3294.7014	2.0233822	193.18182	1081.0535	878.1439	3362.905	56.959923	385.29803	0.07487544	204000	-0.03475503
52	-174.30176	36.675385	172.81522	70.554085	323.80783	-363.95496	172.81589	70.55222	326.06564	-363.35443	508.01416	628.30676	3294.7014	2.0233822	194.93909	1080.8507	869.8305	3362.905	56.959923	383.7846	0.07451575	208000	-0.034657124
53	-175.48634	36.68921	174.01442	71.1052	324.5576	-363.95496	174.01505	71.103386	326.06564	-363.35443	514.38513	630.3952	3294.7014	2.0233822	196.2963	1078.9564	861.7576	3362.905	56.959923	381.9566	0.074216574	212000	-0.03386266
54	-176.6457	36.729115	175.18904	71.63653	324.5576	-363.95496	175.18968	71.63475	326.06564	-363.35443	521.5876	632.84985	3294.7014	2.0233822	197.9835	1082.9359	856.403	3362.905	56.959923	381.76297	0.073890604	216000	-0.03330423
55	-177.78047	36.691044	176.33734	72.13764	325.13397	-363.95496	176.33792	72.13581	326.06564	-363.35443	528.1412	634.7084	3294.7014	2.0233822	199.45602	1093.375	855.6603	3362.905	56.959923	383.9218	0.073636405	220000	-0.032335706
56	-178.88615	36.690163	177.45709	72.61415	325.13397	-363.95496	177.45772	72.61235	326.06564	-363.35443	534.8047	636.33044	3294.7014	2.0233822	201.0772	1107.2422	861.5626	3362.905	56.959923	386.9018	0.073340274	224000	-0.032029077
57	-179.95381	36.69342	178.53923	73.056114	325.13397	-363.95496	178.53989	73.05418	326.06564	-363.35443	542.66876	645.943	3294.7014	2.0233822	203.20856	1115.3616	859.8011	3362.905	56.959923	388.23508	0.07304125	228000	-0.031181699
58	-180.992	36.676334	179.59187	73.46924	326.04733	-363.95496	179.59247	73.46741	326.1923	-363.35443	549.6874	650.9293	3294.7014	2.0233822	204.94699	1116.7938	853.6611	3362.905	56.959923	387.6431	0.07276947	232000	-0.03057545
59	-182.00359	36.634483	180.61687	73.85472	326.04733	-400.70078	180.61746	73.852715	326.1923	-390.82367	556.33844	655.28094	3294.7014	2.0233822	206.655	1114.7233	846.5819	3362.905	56.959923	386.17117	0.07249946	236000	-0.030201316
60	-182.9992	36.63185	181.62503	74.22995	326.04733	-400.70078	181.62558	74.22781	326.1923	-390.82367	561.4563	664.54443	3294.7014	2.0233822	207.7922	1120.0569	844.258	3362.905	56.959923	386.70667	0.07222446	240000	-0.029791309
61	-183.97844	36.559452	182.61739	74.58386	326.04733	-400.70078	182.6179	74.58176	326.1923	-390.82367	569.44275	675.1411	3294.7014	2.0233822	209.98279	1144.7087	872.01135	3362.905	56.959923	393.91312	0.0718993	244000	-0.0292195
62	-184.93774	36.55443	183.58966	74.91299	326.04733	-400.70078	183.59012	74.910805	326.1923	-390.82367	577.06226	686.7635	3294.7014	2.0233822	212.14714	1167.0414	891.98126	3362.905	56.959923	400.17096	0.07157727	248000	-0.028854722
63	-185.87968	36.50542	184.54388	75.2274	328.04483	-400.70078	184.54434	75.22527	326.5401	-390.82367	584.51434	695.3442	3294.7014	2.0233822	214.10365	1190.4049	907.5208	3362.905	56.959923	406.6016	0.07130589	252000	-0.028481241
64	-186.80508	36.483486	185.48164	75.53185	328.04483	-400.70078	185.48218	75.5296	327.08038	-390.82367	592.08374	704.8677	3294.7014	2.0233822	216.21622	1211.7877	920.54803	3362.905	56.959923	412.50156	0.07100056	256000	-0.02760526
65	-187.7068	36.46853	186.39558	75.81908	328.07977	-590.22736	186.39616	75.81684	327.08038	-530.9289	598.4901	709.4491	3294.7014	2.0233822	217.75545	1233.9485	937.0615	3362.905	56.959923	418.74155	0.07071541	260000	-0.027325487
66	-188.58714	36.46954	187.28836	76.09011	328.07977	-590.22736	187.28902	76.08785	327.08038	-530.9289	606.56244	719.347	3294.7014	2.0233822	220.0	1230.8102	930.3274	3362.905	56.959923	417.10605	0.07041719	264000	-0.027022647
67	-189.44771	36.42905	188.16093	76.35149	328.07977	-590.22736	188.16158	76.34917	327.08038	-530.9289	613.98773	726.191	3294.7014	2.0233822	222.03812	1255.8348	948.87476	3362.905	56.959923	424.11044	0.07010466	268000	-0.026690619
68	-190.30147	36.366245	189.02634	76.604774	328.07977	-590.22736	189.027	76.60238	327.08038	-530.9289	621.624	737.0302	3294.7014	2.0233822	224.23743	1263.1204	946.6956	3428.6287	56.959923	425.19412	0.069827415	272000	-0.02703582
69	-191.15178	36.314068	189.88802	76.85487	328.07977	-590.22736	189.88864	76.85249	327.60913	-530.9289	629.8123	747.25415	3294.7014	2.0233822	226.60098	1291.9496	969.4128	3428.6287	56.959923	433.52463	0.06950694	276000	-0.026235333
70	-191.99161	36.261574	190.73883	77.098015	328.07977	-590.22736	190.73943	77.09563	327.60913	-530.9289	638.4214	761.0072	3294.7014	2.0233822	229.13257	1319.817	989.9255	3428.6287	56.959923	441.54	0.06921571	280000	-0.025775734
71	-192.82895	36.17783	191.58682	77.33628	330.89026	-590.22736	191.5874	77.33381	329.29242	-530.9289	646.04895	771.01184	3308.839	2.0233822	231.27036	1346.7996	1008.52203	3428.6287	56.959923	449.40564	0.068905696	284000	-0.02552061
72	-193.66032	36.109535	192.42859	77.5676	331.30795	-590.22736	192.42911	77.56511	329.29242	-530.9289	654.00287	781.6553	3308.839	2.0233822	233.57664	1341.8893	1002.3554	3428.6287	56.959923	447.04028	0.06863318	288000	-0.024883794
73	-194.4826	36.04122	193.26161	77.79237	331.30795	-590.22736	193.26213	77.78985	329.29242	-530.9289	660.5658	785.8191	3308.839	2.0233822	235.29411	1365.1	1017.2457	3428.6287	56.959923	453.74384	0.06835407	292000	-0.024672039
74	-195.28972	36.011364	194.07956	78.00842	331.30795	-590.22736	194.08002	78.00592	329.29242	-530.9289	667.9874	793.5881	3328.4426	2.0233822	237.36969	1389.3086	1031.3053	3428.6287	56.959923	461.12567	0.06805337	296000	-0.02471704
75	-196.08438	35.951283	194.88461	78.21725	331.88672	-590.22736	194.88503	78.214516	337.04153	-530.9289	676.16626	802.7732	3339.9668	2.0233822	239.61661	1412.6509	1045.2631	3428.6287	56.959923	467.36267	0.067765	300000	-0.024294514
76	-196.86981	35.85406	195.6803	78.41965	341.05753	-590.22736	195.68071	78.41706	341.7042	-530.9289	683.887	811.6204	3466.04	2.0233822	241.65341	1420.1483	1043.4238	3428.6287	56.959923	468.73685	0.067487985	304000	-0.023857318
77	-197.64536	35.77278	196.46622	78.61712	341.05753	-590.22736	196.46661	78.61458	341.7042	-530.9289	690.5183	818.8512	3466.04	2.0233822	243.47826	1432.2533	1044.7745	3444.0427	56.959923	471.57404	0.06719434	308000	-0.023798857
78	-198.40271	35.672005	197.23337	78.8097	341.05753	-590.22736	197.23378	78.80715	341.7042	-530.9289	697.57904	827.05414	3466.04	2.0233822	245.476	1453.7993	1055.7465	3444.0427	56.959923	477.69232	0.06693366	312000	-0.023335317
79	-199.15779	35.587166	197.99844	78.99378	341.05753	-590.22736	197.99884	78.991234	341.7042	-530.9289	705.7147	838.4002	3466.04	2.0233822	247.84314	1477.6134	1070.3865	3600.8345	56.959923	483.92404	0.066653386	316000	-0.023078507
80	-199.89673	35.499588	198.74704	79.16466	341.05753	-590.22736	198.74739	79.16203	341.7042	-530.9289	712.24817	845.21405	3466.04	2.0233822	249.60999	1488.5175	1070.0826	3600.8345	56.959923	486.32626	0.066389546	320000	-0.022881085
81	-200.62549	35.40936	199.48486	79.33191	341.05753	-590.22736	199.48529	79.329315	341.7042	-530.9289	718.0441	846.4816	3466.04	2.0233822	250.96825	1505.0223	1075.3138	3600.8345	56.959923	490.62964	0.06612755	324000	-0.022593398
82	-201.34627	35.322166	200.21446	79.495346	341.05753	-590.22736	200.21489	79.49269	341.7042	-530.9289	725.5961	854.43536	3466.04	2.0233822	253.08643	1527.0851	1087.0297	3600.8345	56.959923	496.84146	0.06586843	328000	-0.0222267
83	-202.05774	35.278393	200.93497	79.65132	341.05753	-590.22736	200.93538	79.64882	341.7042	-530.9289	732.28436	858.656	3466.04	2.0233822	254.79662	1547.4911	1096.1497	3600.8345	56.959923	502.90363	0.065625854	332000	-0.021718044
84	-202.7621	35.228863	201.64772	79.80797	341.05753	-590.22736	201.64815	79.80542	341.7042	-530.9289	738.7242	862.596	3466.04	2.0233822	256.48856	1567.7645	1105.1489	3600.8345	56.959923	508.82144	0.065427154	336000	-0.021751575
85	-203.45747	35.13267	202.3515	79.96119	341.05753	-590.22736	202.35197	79.958664	341.7042	-530.9289	744.1937	862.8472	3466.04	2.0233822	257.77103	1587.2622	1113.0695	3600.8345	56.959923	514.6	0.06523631	340000	-0.021190945
86	-204.14659	35.050842	203.04921	80.11306	341.05753	-590.22736	203.04974	80.11049	342.3166	-530.9289	751.18335	868.49713	3466.04	2.0233822	259.62265	1602.0026	1117.2548	3600.8345	56.959923	518.48254	0.06501462	344000	-0.021190953
87	-204.82083	34.97858	203.73225	80.2605	341.3957	-590.22736	203.73277	80.25792	342.3166	-530.9289	758.3569	876.3885	3466.04	2.0233822	261.65414	1620.6888	1124.2507	3600.8345	56.959923	524.0172	0.064763114	348000	-0.02078787
88	-205.48555	34.948776	204.40526	80.40286	341.3957	-590.22736	204.40576	80.40038	342.3166	-530.9289	765.10504	882.08655	3466.04	2.0233822	263.47305	1639.1008	1130.9603	3600.8345	56.959923	529.42615	0.06458081	352000	-0.020361546
89	-206.14452	34.88233	205.07227	80.53671	341.3957	-590.22736	205.07275	80.53422	343.25336	-530.9289	771.0715	888.0213	3466.04	2.0233822	265.0782	1650.099	1133.0868	3600.8345	56.959923	532.03485	0.06436951	356000	-0.020460945
90	-206.79567	34.833412	205.73126	80.6655	341.3957	-590.22736	205.73174	80.663	343.25336	-530.9289	776.48535	892.63806	3466.04	2.0233822	266.46927	1643.2478	1129.018	3600.8345	56.959923	529.3467	0.06412843	360000	-0.020174388
91	-207.43889	34.791447	206.3819	80.79734	343.32388	-590.22736	206.38232	80.79474	343.25336	-530.9289	781.226	892.0825	3466.04	2.0233822	267.4504	1660.4557	1134.712	3600.8345	56.959923	534.3077	0.063930295	364000	-0.019681623
92	-208.07426	34.701443	207.02507	80.925644	343.32388	-590.22736	207.02551	80.92309	343.25336	-530.9289	788.1422	899.0331	3466.04	2.0233822	269.39972	1667.7732	1133.2488	3600.8345	56.959923	535.23584	0.06372292	368000	-0.020022634
93	-208.69768	34.620155	207.65611	81.04538	343.32388	-590.22736	207.65652	81.04274	343.25336	-530.9289	791.2259	897.30005	3466.04	2.0233822	269.95645	1677.9758	1135.3812	3600.8345	56.959923	537.6419	0.06349514	372000	-0.019154985
94	-209.31488	34.537743	208.28119	81.16043	343.32388	-590.22736	208.28159	81.15784	343.25336	-530.9289	796.1621	899.00867	3466.04	2.0233822	271.08868	1694.9316	1141.1041	3600.8345	56.959923	542.5606	0.06327486	376000	-0.019486055
95	-209.91629	34.50962	208.89041	81.26671	343.32388	-590.22736	208.89081	81.26405	343.833	-530.9289	802.4748	904.08167	3466.04	2.0233822	272.79254	1700.7816	1138.7415	3600.8345	56.959923	543.37897	0.06306936	380000	-0.019227464
96	-210.50845	34.43527	209.4899	81.36724	343.32388	-590.22736	209.49033	81.3646	344.3396	-530.9289	809.1936	908.68567	3466.04	2.0233822	274.48178	1711.1293	1140.1941	3600.8345	56.959923	545.79895	0.06286854	384000	-0.019032357
97	-211.09988	34.39157	210.0884	81.465065	346.3405	-590.22736	210.08879	81.462456	345.7969	-530.9289	815.52747	914.3489	3466.04	2.0233822	276.1566	1715.3247	1138.1731	3600.8345	56.959923	546.59796	0.06269559	388000	-0.018948965
98	-211.68134	34.33457	210.67697	81.561516	346.3405	-590.22736	210.67737	81.55902	345.92798	-530.9289	821.51605	918.6713	3678.7856	2.0233822	277.6204	1725.9739	1140.2208	3600.8345	56.959923	549.22144	0.062500484	392000	-0.018897247
99	-212.25815	34.279278	211.2607	81.6582	346.3405	-590.22736	211.26112	81.65562	345.92798	-530.9289	827.1937	923.43695	3678.7856	2.0233822	279.06976	1735.2064	1141.5957	3600.8345	56.959923	551.3717	0.062308975	396000	-0.018154526
100	-212.83252	34.218845	211.8419	81.751526	346.3405	-590.22736	211.8423	81.74887	345.92798	-530.9289	833.86694	929.9054	3678.7856	2.0233822	280.89886	1733.2428	1140.4753	3600.8345	56.959923	550.355	0.062128082	400000	-0.018412523
101	-213.39348	34.1369	212.40984	81.8374	346.3405	-590.22736	212.41017	81.83478	345.92798	-530.9289	840.6703	936.7591	3678.7856	2.0233822	282.71518	1738.2305	1137.1183	3600.8345	56.959923	550.9505	0.06192917	404000	-0.01813376
102	-213.94757	34.085293	212.971	81.91885	346.3405	-590.22736	212.97137	81.91628	347.4548	-530.9289	845.7779	938.3595	3678.7856	2.0233822	283.92484	1733.4349	1134.5951	3600.8345	56.959923	549.0716	0.06172177	408000	-0.017823718
103	-214.48695	34.018936	213.51747	81.995865	346.3405	-590.22736	213.51796	81.99325	347.4548	-530.9289	850.065	940.16486	3678.7856	2.0233822	284.92392	1731.1102	1129.9193	3600.8345	56.959923	547.9864	0.06152345	412000	-0.017900666
104	-215.01819	33.955086	214.0553	82.07186	347.59628	-590.22736	214.05582	82.06923	347.4548	-530.9289	854.908	942.3695	3678.7856	2.0233822	286.1073	1745.4475	1133.9979	3600.8345	56.959923	552.1298	0.06134731	416000	-0.017647943
105	-215.54813	33.87745	214.59184	82.14874	347.59628	-590.22736	214.59233	82.146164	347.4548	-530.9289	860.3573	946.7445	3678.7856	2.0233822	287.47433	1751.0448	1132.6674	3600.8345	56.959923	553.07715	0.061157018	420000	-0.01736429
106	-216.07613	33.82422	215.126	82.2222	347.7225	-590.22736	215.12648	82.21961	347.4548	-530.9289	866.2461	952.44385	3678.7856	2.0233822	289.0252	1765.6349	1137.1829	3600.8345	56.959923	557.2934	0.06099809	424000	-0.017373238
107	-216.6019	33.74717	215.65855	82.29412	350.1075	-590.22736	215.659	82.291374	351.66528	-530.9289	872.3954	958.39813	3678.7856	2.0233822	290.76086	1772.5468	1138.2906	3600.8345	56.959923	558.92804	0.060804795	428000	-0.01726332
108	-217.11789	33.649994	216.18117	82.362114	350.16467	-590.22736	216.18166	82.359406	351.66528	-530.9289	879.21576	966.00726	3678.7856	2.0233822	292.68292	1786.1863	1142.6276	3600.8345	56.959923	562.53796	0.060624585	432000	-0.017210223
109	-217.6348	33.612385	216.70424	82.42958	350.16467	-590.22736	216.70474	82.42688	351.70364	-530.9289	885.48883	970.96436	3678.7856	2.0233822	294.3957	1785.5452	1140.2476	3600.8345	56.959923	561.7578	0.06043481	436000	-0.016902152
110	-218.14653	33.54548	217.22232	82.49305	350.16467	-590.22736	217.22278	82.490486	351.70364	-530.9289	891.6454	975.92346	3678.7856	2.0233822	296.0969	1799.6471	1144.5637	3600.8345	56.959923	565.7418	0.060259677	440000	-0.016751718
111	-218.65541	33.49553	217.73677	82.55574	350.16467	-590.22736	217.73727	82.55307	351.70364	-530.9289	896.88416	979.26776	3678.7856	2.0233822	297.38782	1812.1989	1147.9746	3600.8345	56.959923	569.15857	0.060102478	444000	-0.016624467
112	-219.1631	33.47221	218.25037	82.615875	350.16467	-590.22736	218.25085	82.61325	353.72116	-530.9289	902.91187	984.20715	3678.7856	2.0233822	299.06543	1826.0835	1152.1699	3600.8345	56.959923	572.98035	0.05991413	448000	-0.016686017
113	-219.66978	33.411724	218.76277	82.676346	350.16467	-590.22736	218.76323	82.673805	353.72116	-530.9289	909.2628	989.8935	3678.7856	2.0233822	300.73187	1837.6201	1154.4236	3600.8345	56.959923	576.19116	0.05974259	452000	-0.016455045
114	-220.17433	33.377556	219.27309	82.738045	350.16467	-590.22736	219.27354	82.735344	353.72116	-530.9289	914.2396	993.1768	3678.7856	2.0233822	301.98676	1851.022	1158.182	3642.4514	56.959923	579.90875	0.0595702	456000	-0.016339531
115	-220.67557	33.312496	219.78004	82.79518	350.16467	-590.22736	219.78053	82.79259	353.72116	-530.9289	919.54	996.1848	3678.7856	2.0233822	303.23007	1844.1957	1155.4716	3642.4514	56.959923	577.4435	0.059371006	460000	-0.016134003
116	-221.17184	33.24394	220.28185	82.8503	350.16467	-590.22736	220.28233	82.84767	353.72116	-530.9289	925.159	1000.78186	3678.7856	2.0233822	304.66187	1846.3	1151.8932	3642.4514	56.959923	577.219	0.05920458	464000	-0.01605075
117	-221.65834	33.237095	220.77379	82.9034	350.16467	-590.22736	220.7743	82.90086	353.72116	-530.9289	928.3333	999.27155	3678.7856	2.0233822	305.28375	1849.3466	1148.7478	3642.4514	56.959923	577.2547	0.059021898	468000	-0.015893184
118	-222.13922	33.18831	221.2602	82.95404	350.34406	-590.22736	221.26067	82.95153	353.72116	-530.9289	934.73206	1004.7343	3678.7856	2.0233822	306.89206	1847.9491	1145.1024	3642.4514	56.959923	576.13306	0.05885866	472000	-0.015969245
119	-222.61635	33.13686	221.74277	83.005196	351.24765	-590.22736	221.74318	83.00258	353.72116	-530.9289	940.01434	1007.70013	3678.7856	2.0233822	308.0906	1857.1807	1146.0729	3642.4514	56.959923	578.1622	0.058703143	476000	-0.015637236
120	-223.08614	33.07546	222.21802	83.053734	351.24765	-590.22736	222.21843	83.05117	353.72116	-530.9289	944.24744	1008.4147	3678.7856	2.0233822	309.0792	1857.4208	1141.5287	3642.4514	56.959923	577.5867	0.058525573	480000	-0.015886893
121	-223.55273	33.03277	222.69012	83.10028	351.24765	-590.22736	222.69046	83.09772	353.72116	-530.9289	948.35443	1010.7232	3678.7856	2.0233822	310.05765	1861.9901	1145.6793	3642.4514	56.959923	578.80164	0.05835392	484000	-0.015070807
122	-224.01424	32.97777	223.15683	83.14565	351.24765	-590.22736	223.15721	83.143166	353.72116	-530.9289	954.68555	1017.1533	3678.7856	2.0233822	311.82108	1862.7627	1141.7692	3642.4514	56.959923	578.3754	0.058206312	488000	-0.015485275
123	-224.47173	32.938423	223.61937	83.19139	354.4639	-590.22736	223.61972	83.18886	356.41266	-530.9289	959.942	1020.16174	3678.7856	2.0233822	313.17633	1863.7665	1137.8107	3642.4514	56.959923	578.13574	0.058049873	492000	-0.015223907
124	-224.92459	32.893585	224.07747	83.23466	354.4639	-590.22736	224.07784	83.23221	356.41266	-530.9289	963.6056	1019.2843	3678.7856	2.0233822	313.92404	1857.5275	1135.3619	3642.4514	56.959923	575.82825	0.05789148	496000	-0.015319182
125	-225.36948	32.870823	224.5276	83.27617	354.4639	-590.22736	224.52802	83.273575	356.41266	-530.9289	967.599	1021.48456	3678.7856	2.0233822	314.86145	1853.9276	1132.7308	3642.4514	56.959923	574.2736	0.05771106	500000	-0.015277525
126	-225.81093	32.82053	224.9742	83.315735	354.4639	-590.22736	224.97462	83.31329	356.41266	-530.9289	971.73944	1022.43225	3678.7856	2.0233822	315.78946	1864.4718	1134.7706	3642.4514	56.959923	577.0103	0.05754608	504000	-0.014711852
127	-226.24759	32.782425	225.4159	83.35384	355.30023	-590.22736	225.41629	83.35148	356.41266	-530.9289	977.16455	1025.2457	3678.7856	2.0233822	317.1036	1859.327	1131.8114	3642.4514	56.959923	574.9921	0.05738833	508000	-0.014940495
128	-226.68211	32.764687	225.85529	83.391884	355.30023	-590.22736	225.85568	83.38921	356.41266	-530.9289	982.9486	1029.7822	3678.7856	2.0233822	318.6061	1853.264	1129.4589	3642.4514	56.959923	572.7969	0.057231396	512000	-0.014525135
129	-227.10976	32.73319	226.2877	83.42635	355.30023	-590.22736	226.2881	83.42384	356.41266	-530.9289	987.0822	1029.4717	3678.7856	2.0233822	319.50464	1851.9407	1126.4442	3642.4514	56.959923	571.73645	0.05708261	516000	-0.01455564
130	-227.53415	32.692028	226.71687	83.458984	355.30023	-590.22736	226.71727	83.4564	356.41266	-530.9289	990.5969	1029.2184	3678.7856	2.0233822	320.19705	1849.3115	1123.0823	3642.4514	56.959923	570.4	0.056926552	520000	-0.01435045
131	-227.95686	32.637665	227.14429	83.490105	355.30023	-590.22736	227.14471	83.48751	356.41266	-530.9289	994.57086	1029.3566	3678.7856	2.0233822	321.07843	1846.5378	1119.5258	3642.4514	56.959923	569.2221	0.056783374	524000	-0.014209672
132	-228.37111	32.61912	227.56328	83.518364	355.30023	-590.22736	227.5637	83.515724	356.41266	-530.9289	997.687	1029.0059	3678.7856	2.0233822	321.75504	1841.0051	1117.247	3642.4514	56.959923	567.181	0.05666146	528000	-0.0141333155
133	-228.7804	32.567863	227.97722	83.54419	355.30023	-590.22736	227.9777	83.541565	356.41266	-530.9289	1002.43604	1031.648	3678.7856	2.0233822	323.01154	1850.1366	1119.5511	3642.4514	56.959923	569.2256	0.056528527	532000	-0.013791643
134	-229.1886	32.546715	228.39005	83.56998	355.64124	-590.22736	228.39052	83.56748	356.41266	-530.9289	1008.1013	1035.6237	3678.7856	2.0233822	324.4552	1861.7239	1123.3484	3642.4514	56.959923	572.4403	0.05640744	536000	-0.014137483
135	-229.59003	32.49553	228.79623	83.59467	356.82968	-590.22736	228.79669	83.59199	356.41266	-530.9289	1012.71075	1036.8977	3678.7856	2.0233822	325.49728	1866.4052	1122.1361	3642.4514	56.959923	573.22076	0.056267172	540000	-0.013676072
136	-229.98726	32.477486	229.19803	83.61848	356.82968	-590.22736	229.19843	83.61587	356.56412	-530.9289	1017.55896	1039.5684	3678.7856	2.0233822	326.7267	1867.6522	1121.0161	3642.4514	56.959923	573.07794	0.05614093	544000	-0.013662286
137	-230.38321	32.413822	229.5983	83.64284	356.91544	-590.22736	229.5987	83.64033	358.20477	-530.9289	1020.87134	1038.4669	3678.7856	2.0233822	327.35962	1866.8931	1119.4026	3642.4514	56.959923	572.35034	0.056011777	548000	-0.013412324
138	-230.77365	32.372654	229.9934	83.66612	389.18704	-590.22736	229.9938	83.66349	389.32715	-530.9289	1023.247	1037.9578	3678.7856	2.0233822	327.791	1866.2076	1116.9258	3642.4514	56.959923	571.70215	0.05588024	552000	-0.013629268
139	-231.16205	32.35439	230.38591	83.6903	423.04187	-590.22736	230.38626	83.68772	431.15726	-530.9289	1019.81226	1037.7397	3678.7856	2.0233822	326.6745	1863.6025	1113.4193	3642.4514	56.959923	570.67194	0.05577265	556000	-0.013216075
140	-231.55513	32.31098	230.78288	83.71652	423.04187	-590.22736	230.78322	83.71389	431.15726	-530.9289	1023.38043	1038.582	3678.7856	2.0233822	327.48538	1863.6318	1109.8348	3642.4514	56.959923	570.2764	0.05570422	560000	-0.0130311
141	-231.94493	32.280136	231.17671	83.73913	423.04187	-590.22736	231.17705	83.73663	431.15726	-530.9289	1025.8472	1036.5958	3678.7856	2.0233822	327.90698	1862.4491	1107.3087	3642.4514	56.959923	569.5	0.05562432	564000	-0.013049695
142	-232.32132	32.24949	231.55766	83.75756	423.04187	-590.22736	231.55792	83.754875	431.15726	-530.9289	1030.4128	1039.9922	3678.7856	2.0233822	329.0846	1873.7118	1111.5426	3642.4514	56.959923	572.4035	0.05551907	568000	-0.01328654
143	-232.68799	32.210625	231.92873	83.76993	423.04187	-590.22736	231.92905	83.76726	431.15726	-530.9289	1034.7455	1042.2997	3678.7856	2.0233822	330.06348	1872.0619	1108.4369	3642.4514	56.959923	571.4322	0.055410724	572000	-0.012943003
144	-233.04504	32.16459	232.29025	83.782425	423.04187	-590.22736	232.29059	83.779655	431.15726	-530.9289	1037.7462	1043.2213	3678.7856	2.0233822	330.65442	1869.2573	1106.8652	3642.4514	56.959923	570.21875	0.055311147	576000	-0.012670669
145	-233.39763	32.106766	232.64716	83.79332	423.04187	-590.22736	232.64743	83.79084	431.15726	-530.9289	1041.0675	1043.4315	3678.7856	2.0233822	331.42856	1877.9319	1108.6212	3642.4514	56.959923	572.3359	0.055196133	580000	-0.012909378
146	-233.74846	32.057426	233.00209	83.80508	423.04187	-590.22736	233.00233	83.80245	431.15726	-530.9289	1044.6403	1044.179	3678.7856	2.0233822	332.19568	1875.1918	1105.5908	3642.4514	56.959923	571.163	0.055069022	584000	-0.012902971
147	-234.09904	32.020496	233.3567	83.817154	423.04187	-590.22736	233.35693	83.81449	431.15726	-530.9289	1048.9564	1044.8557	3678.7856	2.0233822	333.14447	1872.2177	1102.4308	3642.4514	56.959923	569.9626	0.05494279	588000	-0.012769148
148	-234.44693	31.98614	233.70856	83.82975	423.04187	-590.22736	233.70883	83.82718	431.15726	-530.9289	1052.501	1044.4303	3678.7856	2.0233822	333.89734	1880.5248	1103.9023	3642.4514	56.959923	572.5709	0.054814916	592000	-0.012769042
149	-234.7921	31.946999	234.05775	83.841446	423.04187	-590.22736	234.058	83.83891	431.15726	-530.9289	1054.7867	1042.8386	3678.7856	2.0233822	334.2681	1888.0117	1104.7987	3642.4514	56.959923	574.3275	0.054688703	596000	-0.012313246
150	-235.13727	31.930292	234.40688	83.85305	423.04187	-590.22736	234.40712	83.85052	431.15726	-530.9289	1059.52	1044.7338	3678.7856	2.0233822	335.3829	1889.036	1103.0833	3795.312	56.959923	574.23	0.0545742	600000	-0.012279744
151	-235.48204	31.885466	234.75539	83.86641	423.04187	-590.22736	234.75566	83.86393	431.15726	-530.9289	1063.4852	1046.6201	3678.7856	2.0233822	336.3029	1883.5155	1101.7086	3795.312	56.959923	572.3702	0.054464214	604000	-0.0124207325
152	-235.82408	31.846685	235.10123	83.88187	423.04187	-590.22736	235.10149	83.87943	431.15726	-530.9289	1068.2156	1048.8678	3678.7856	2.0233822	337.4029	1891.9403	1104.0636	3795.312	56.959923	574.3059	0.054357413	608000	-0.012301714
153	-236.16425	31.819477	235.4452	83.896324	423.04187	-590.22736	235.4455	83.89372	431.15726	-530.9289	1072.3588	1050.9794	3678.7856	2.0233822	338.30847	1895.8522	1103.9344	3795.312	56.959923	575.0876	0.054244787	612000	-0.012054486
154	-236.50346	31.772396	235.78818	83.91175	423.04187	-590.22736	235.78842	83.90926	431.15726	-530.9289	1076.7476	1053.1301	3678.7856	2.0233822	339.39395	1902.8052	1104.3655	3795.312	56.959923	576.57275	0.054146938	616000	-0.012104332
155	-236.84218	31.719059	236.13054	83.92618	423.04187	-590.22736	236.13074	83.923676	431.15726	-530.9289	1080.2211	1054.1123	3678.7856	2.0233822	340.09872	1909.3949	1106.7452	3795.312	56.959923	577.88196	0.05402848	620000	-0.012092892
156	-237.17937	31.663399	236.47125	83.944565	423.04187	-590.22736	236.47147	83.94208	431.15726	-530.9289	1084.21	1055.2324	3802.4512	2.0233822	340.9836	1918.1497	1108.9338	3868.761	56.959923	580.12244	0.053907108	624000	-0.011988237
157	-237.51436	31.637365	236.81006	83.96331	423.04187	-590.22736	236.81024	83.96087	431.15726	-530.9289	1086.4264	1053.6217	3802.4512	2.0233822	341.30435	1921.7496	1108.5665	3868.761	56.959923	580.57007	0.053801645	628000	-0.011729429
158	-237.84648	31.604404	237.14594	83.980896	423.04187	-590.22736	237.14613	83.97845	431.15726	-530.9289	1089.251	1053.9767	3802.4512	2.0233822	341.8064	1920.3312	1105.3298	3868.761	56.959923	579.7247	0.053697538	632000	-0.011841553
159	-238.17725	31.576052	237.48013	83.997925	423.04187	-590.22736	237.48033	83.99544	431.15726	-530.9289	1091.9318	1054.565	3802.4512	2.0233822	342.30356	1915.2916	1103.6727	3868.761	56.959923	577.9849	0.053601667	636000	-0.011781151
160	-238.50554	31.572409	237.81184	84.015594	423.04187	-590.22736	237.81203	84.01316	431.15726	-530.9289	1093.2379	1052.2797	3802.4512	2.0233822	342.4291	1913.5153	1100.5513	3868.761	56.959923	577.085	0.0535163	640000	-0.011491776
161	-238.83067	31.547285	238.14038	84.032	423.04187	-590.22736	238.14052	84.02972	431.15726	-530.9289	1095.3357	1051.6434	3802.4512	2.0233822	342.7355	1908.2494	1100.2527	3868.761	56.959923	575.3602	0.05342625	644000	-0.011497414
162	-239.15456	31.516434	238.46764	84.04835	423.04187	-590.22736	238.46776	84.04611	431.15726	-530.9289	1098.0059	1051.5338	3802.4512	2.0233822	343.22034	1918.6758	1104.8046	3868.761	56.959923	577.9815	0.053343747	648000	-0.011357515
163	-239.47552	31.488707	238.79205	84.06349	423.04187	-590.22736	238.79219	84.061134	431.15726	-530.9289	1101.2542	1052.2578	3802.4512	2.0233822	343.88187	1913.7928	1104.2067	3868.761	56.959923	576.42145	0.053237554	652000	-0.011358674
164	-239.79195	31.478178	239.11171	84.07592	423.04187	-590.22736	239.1119	84.07346	431.15726	-530.9289	1103.3435	1050.6255	3802.4512	2.0233822	344.1763	1915.998	1103.1853	3868.761	56.959923	576.52014	0.053143714	656000	-0.011244153
165	-240.10492	31.468668	239.42809	84.086975	423.04187	-590.22736	239.4282	84.08457	431.15726	-530.9289	1105.4221	1049.3223	3802.4512	2.0233822	344.46765	1912.2721	1100.968	3868.761	56.959923	575.1951	0.05303424	660000	-0.010971708
166	-240.41315	31.472202	239.73958	84.09742	423.04187	-590.22736	239.73972	84.095	431.15726	-530.9289	1106.7133	1047.1646	3802.4512	2.0233822	344.57706	1912.8661	1098.4965	3868.761	56.959923	574.91205	0.052956197	664000	-0.010979588
167	-240.71678	31.448038	240.04662	84.10571	423.04187	-590.22736	240.04675	84.10325	431.15726	-530.9289	1108.7178	1045.1586	3802.4512	2.0233822	344.8632	1911.3632	1096.7924	3868.761	56.959923	574.1623	0.052859552	668000	-0.011158027
168	-241.01604	31.440376	240.3492	84.11336	423.04187	-590.22736	240.3493	84.111115	431.15726	-530.9289	1109.5991	1042.5927	3802.4512	2.0233822	344.7922	1908.3531	1094.8918	3868.761	56.959923	572.94226	0.05276522	672000	-0.010871864
169	-241.31114	31.422049	240.64766	84.1209	423.04187	-590.22736	240.64772	84.1186	431.15726	-530.9289	1111.8297	1041.0428	3802.4512	2.0233822	345.25024	1910.4532	1092.8269	3868.761	56.959923	573.2077	0.052675605	676000	-0.010944689
170	-241.6031	31.396872	240.94289	84.12766	423.04187	-590.22736	240.94293	84.12542	431.15726	-530.9289	1115.5078	1042.1001	3802.4512	2.0233822	346.05597	1915.9169	1094.3943	3868.761	56.959923	574.3406	0.052600723	680000	-0.010657501
171	-241.89186	31.37432	241.23494	84.132935	423.04187	-590.22736	241.23497	84.13054	431.15726	-530.9289	1117.3661	1040.7572	3802.4512	2.0233822	346.3291	1911.3424	1093.0138	3868.761	56.959923	572.80237	0.05251412	684000	-0.010487819
172	-242.17862	31.33336	241.52487	84.13752	423.04187	-590.22736	241.52487	84.13537	431.15726	-530.9289	1119.6986	1040.2583	3802.4512	2.0233822	346.7742	1907.5604	1091.8093	3868.761	56.959923	571.5081	0.052446	688000	-0.010666196
173	-242.46306	31.316776	241.81253	84.14335	423.04187	-590.22736	241.81253	84.14114	431.15726	-530.9289	1122.0718	1039.8177	3802.4512	2.0233822	347.21524	1902.6377	1090.5997	3868.761	56.959923	569.88556	0.052369736	692000	-0.010544548
174	-242.74347	31.292171	242.09622	84.14814	423.04187	-590.22736	242.09618	84.14589	431.15726	-530.9289	1123.8824	1038.7114	3802.4512	2.0233822	347.4788	1902.4983	1089.1713	3868.761	56.959923	569.50287	0.05228976	696000	-0.010776051
175	-243.01978	31.259224	242.37584	84.150406	423.04187	-590.22736	242.37576	84.14818	431.15726	-530.9289	1125.6226	1037.0011	3802.4512	2.0233822	347.7397	1904.5337	1088.2155	3868.761	56.959923	569.87085	0.0521942	700000	-0.010662322
176	-243.29301	31.253788	242.6522	84.14977	423.04187	-590.22736	242.65215	84.14771	431.15726	-530.9289	1128.5126	1037.4584	3802.4512	2.0233822	348.3424	1902.3446	1086.1847	3868.761	56.959923	568.8903	0.05211089	704000	-0.010180119
177	-243.56496	31.235983	242.92726	84.14991	423.04187	-590.22736	242.92722	84.147964	431.15726	-530.9289	1128.9497	1035.0361	3802.4512	2.0233822	348.2538	1907.0287	1086.6217	3868.761	56.959923	569.9452	0.052022167	708000	-0.010446533
178	-243.83514	31.21494	243.20056	84.151276	423.04187	-590.22736	243.2005	84.149124	431.15726	-530.9289	1131.7902	1035.4406	3802.4512	2.0233822	348.8486	1902.908	1085.0037	3868.761	56.959923	568.4809	0.051929288	712000	-0.01038039
179	-244.10272	31.180426	243.47124	84.15295	423.04187	-590.22736	243.4711	84.15072	431.15726	-530.9289	1134.161	1034.2987	3802.4512	2.0233822	349.26828	1910.7201	1087.4119	3868.761	56.959923	570.42065	0.051841486	716000	-0.01027525
180	-244.36754	31.148542	243.73903	84.15485	423.04187	-590.22736	243.739	84.15283	431.15726	-530.9289	1135.9799	1032.4747	3802.4512	2.0233822	349.51456	1911.025	1084.6394	3868.761	56.959923	570.12946	0.051760357	720000	-0.010196222
181	-244.62984	31.137562	244.00446	84.15711	423.04187	-590.22736	244.0044	84.15506	431.15726	-530.9289	1138.4392	1031.7557	3802.4512	2.0233822	349.9275	1908.0367	1082.5723	3868.761	56.959923	568.96356	0.05167539	724000	-0.010085833
182	-244.89014	31.127295	244.26772	84.15668	423.04187	-590.22736	244.26765	84.15477	431.15726	-530.9289	1142.3882	1033.5522	3802.4512	2.0233822	350.84338	1912.287	1082.6959	3868.761	56.959923	569.66376	0.05159671	728000	-0.010247957
183	-245.14668	31.100163	244.52748	84.1556	423.04187	-590.22736	244.52742	84.15372	431.15726	-530.9289	1143.5051	1031.7896	3802.4512	2.0233822	350.91083	1911.9899	1080.727	3868.761	56.959923	569.22076	0.051518444	732000	-0.010089725
184	-245.40092	31.096401	244.78471	84.15333	423.04187	-590.22736	244.78471	84.151375	431.15726	-530.9289	1145.7504	1031.014	3802.4512	2.0233822	351.31265	1912.088	1078.0309	3868.761	56.959923	568.82666	0.05145125	736000	-0.00991895
185	-245.65286	31.083551	245.0396	84.14994	423.04187	-590.22736	245.03954	84.147896	431.15726	-530.9289	1148.5579	1030.2999	3802.4512	2.0233822	351.87827	1907.949	1076.6367	3868.761	56.959923	567.4135	0.051371925	740000	-0.009913744
186	-245.904	31.06967	245.29366	84.14614	423.04187	-590.22736	245.29356	84.14411	431.15726	-530.9289	1148.4	1028.9061	3802.4512	2.0233822	351.6068	1905.954	1074.1049	3868.761	56.959923	566.6059	0.051277157	744000	-0.01000599
187	-246.15439	31.046549	245.54688	84.14383	423.04187	-590.22736	245.54677	84.14191	431.15726	-530.9289	1149.988	1027.6714	3802.4512	2.0233822	351.83444	1913.6404	1077.1396	3868.761	56.959923	568.40643	0.051190138	748000	-0.00991589
188	-246.40317	31.018555	245.79861	84.14317	423.04187	-590.22736	245.79845	84.14123	431.15726	-530.9289	1151.054	1025.725	3802.4512	2.0233822	351.89517	1912.4739	1074.8818	3868.761	56.959923	567.81116	0.051100705	752000	-0.009840945
189	-246.64989	31.002356	246.04839	84.14401	423.04187	-590.22736	246.04811	84.14209	431.15726	-530.9289	1152.4816	1025.1609	3802.4512	2.0233822	352.11923	1915.8408	1075.3651	3868.761	56.959923	568.36346	0.051020805	756000	-0.009890849
190	-246.89215	30.978731	246.29352	84.14447	423.04187	-590.22736	246.2933	84.14262	431.15726	-530.9289	1153.46	1023.1845	3802.4512	2.0233822	352.17795	1916.1243	1072.9167	3868.761	56.959923	568.1358	0.05094399	760000	-0.009439733
191	-247.13298	30.968214	246.53714	84.14297	423.04187	-590.22736	246.53688	84.14113	431.15726	-530.9289	1156.4624	1024.3257	3802.4512	2.0233822	352.88684	1914.0638	1070.7438	3868.761	56.959923	567.2754	0.050867785	764000	-0.009640306
192	-247.37198	30.95391	246.77899	84.14136	423.04187	-590.22736	246.7787	84.139465	431.15726	-530.9289	1158.699	1023.27423	3802.4512	2.0233822	353.26587	1917.286	1069.8733	3868.761	56.959923	567.83386	0.050802544	768000	-0.00948848
193	-247.60977	30.920374	247.01949	84.1409	423.04187	-590.22736	247.01921	84.13899	431.15726	-530.9289	1160.9027	1022.60254	3802.4512	2.0233822	353.64178	1916.1075	1067.5345	3868.761	56.959923	567.17096	0.050734863	772000	-0.009532483
194	-247.84767	30.901957	247.26001	84.13956	423.04187	-590.22736	247.25978	84.13773	431.15726	-530.9289	1161.8912	1020.9088	3802.4512	2.0233822	353.6919	1913.8812	1065.8689	3868.761	56.959923	566.2629	0.050658837	776000	-0.009566943
195	-248.08228	30.894022	247.49734	84.13758	423.04187	-590.22736	247.49712	84.135864	431.15726	-530.9289	1163.3103	1020.00165	3802.4512	2.0233822	353.902	1911.4897	1063.7549	3868.761	56.959923	565.319	0.050587624	780000	-0.009286167
196	-248.31532	30.867607	247.73306	84.1372	423.04187	-590.22736	247.73288	84.1352	431.15726	-530.9289	1166.9512	1022.23596	3853.112	2.0233822	354.75113	1913.6426	1062.7251	3868.761	56.959923	565.69794	0.050523076	784000	-0.009293362
197	-248.5473	30.85873	247.96767	84.136955	423.04187	-590.22736	247.96745	84.13504	431.15726	-530.9289	1168.5416	1021.0733	3853.112	2.0233822	354.95496	1911.2096	1060.6075	3868.761	56.959923	564.71625	0.050459336	788000	-0.009163737
198	-248.77748	30.82366	248.20059	84.13449	423.04187	-590.22736	248.20041	84.13277	431.15726	-530.9289	1170.1658	1020.1336	3853.112	2.0233822	355.15695	1915.8127	1061.1152	3868.761	56.959923	565.61615	0.050399642	792000	-0.009105532
199	-249.00488	30.806734	248.43074	84.13217	423.04187	-590.22736	248.43056	84.13036	431.15726	-530.9289	1173.2687	1021.43866	3853.112	2.0233822	355.8337	1916.6088	1059.9048	3868.761	56.959923	565.5211	0.050323315	796000	-0.0092585515
200	-249.23064	30.77293	248.6591	84.130554	423.04187	-590.22736	248.65894	84.12874	431.15726	-530.9289	1176.217	1022.3215	3853.112	2.0233822	356.50623	1919.5911	1059.9913	3913.1848	56.959923	565.938	0.05025984	800000	-0.009120209
201	-249.45499	30.75618	248.88605	84.1283	423.04187	-590.22736	248.88588	84.126564	431.15726	-530.9289	1179.2477	1022.86725	3853.112	2.0233822	357.1746	1920.0756	1057.7699	3913.1848	56.959923	565.74927	0.05019304	804000	-0.009081292
202	-249.67885	30.745478	249.11255	84.12538	423.04187	-590.22736	249.11232	84.12368	431.15726	-530.9289	1181.6189	1023.6543	3853.112	2.0233822	357.6804	1925.4554	1058.8053	3913.1848	56.959923	566.91833	0.05012577	808000	-0.009050049
203	-249.90178	30.72355	249.3381	84.12195	423.04187	-590.22736	249.33784	84.12022	431.15726	-530.9289	1183.4585	1023.72504	3853.112	2.0233822	358.0247	1928.7365	1059.0266	3913.1848	56.959923	567.432	0.050058234	812000	-0.008915012
204	-250.12123	30.727472	249.56018	84.11866	423.04187	-590.22736	249.55995	84.1169	431.15726	-530.9289	1187.0463	1025.4506	3853.112	2.0233822	358.83905	1933.4584	1059.8342	3913.1848	56.959923	568.38824	0.05000936	816000	-0.008779209
205	-250.34157	30.715614	249.78299	84.11366	423.04187	-590.22736	249.78273	84.11187	431.15726	-530.9289	1190.848	1027.9088	3853.112	2.0233822	359.80695	1932.8746	1060.1068	3913.1848	56.959923	567.99805	0.049947545	820000	-0.009028647
206	-250.55978	30.707697	250.00363	84.1108	423.04187	-590.22736	250.00339	84.10905	431.15726	-530.9289	1192.7598	1029.2839	3853.112	2.0233822	360.13986	1928.4977	1059.3969	3913.1848	56.959923	566.6228	0.049884446	824000	-0.008757866
207	-250.77797	30.683504	250.2244	84.109566	423.04187	-590.22736	250.22412	84.10772	431.15726	-530.9289	1195.5787	1030.3771	3853.112	2.0233822	360.7843	1928.7174	1057.1637	3913.1848	56.959923	566.3613	0.049823765	828000	-0.008888315
208	-250.99504	30.687035	250.44405	84.10626	423.04187	-590.22736	250.4438	84.10451	431.15726	-530.9289	1195.2723	1031.6338	3853.112	2.0233822	360.48526	1935.8455	1059.9858	3913.1848	56.959923	568.2207	0.049761795	832000	-0.008727864
209	-251.20927	30.671219	250.66066	84.10178	423.04187	-590.22736	250.66046	84.100105	431.15726	-530.9289	1198.366	1033.3304	3881.864	2.0233822	361.1231	1932.4431	1058.5981	3913.1848	56.959923	567.04736	0.049707633	836000	-0.008742047
210	-251.4208	30.645683	250.87465	84.097	423.04187	-590.22736	250.87442	84.09522	431.15726	-530.9289	1199.8146	1031.6964	3881.864	2.0233822	361.2903	1930.24	1056.6052	3913.1848	56.959923	566.19763	0.049641196	840000	-0.008686645
211	-251.63211	30.63546	251.08842	84.092125	423.04187	-590.22736	251.08818	84.09042	431.15726	-530.9289	1202.118	1032.1891	3881.864	2.0233822	361.76596	1928.1108	1054.595	3913.1848	56.959923	565.3867	0.04958016	844000	-0.008673701
212	-251.8426	30.616257	251.3012	84.08681	423.04187	-590.22736	251.3009	84.085144	431.15726	-530.9289	1204.0157	1031.751	3881.864	2.0233822	362.08368	1928.9272	1052.4974	3913.1848	56.959923	565.2462	0.04952283	848000	-0.008516469
213	-252.0522	30.603273	251.51324	84.081535	423.04187	-590.22736	251.51295	84.07982	431.15726	-530.9289	1207.3218	1033.2537	3881.864	2.0233822	362.862	1935.4344	1055.0883	3913.1848	56.959923	567.0066	0.04946675	852000	-0.008425548
214	-252.25954	30.589653	251.72295	84.07605	423.04187	-590.22736	251.72264	84.07451	431.15726	-530.9289	1211.3789	1036.428	3881.864	2.0233822	363.7909	1937.9617	1055.0245	3913.1848	56.959923	567.34534	0.04940606	856000	-0.0085247075
215	-252.46512	30.554882	251.93094	84.07064	423.04187	-590.22736	251.93063	84.06893	431.15726	-530.9289	1213.2252	1035.1394	3881.864	2.0233822	364.09824	1941.634	1055.1952	3913.1848	56.959923	568.0177	0.049348563	860000	-0.008456786
216	-252.66875	30.561392	252.1369	84.06446	423.04187	-590.22736	252.1366	84.0629	431.15726	-530.9289	1216.0061	1036.1866	3881.864	2.0233822	364.71085	1942.8025	1053.1306	3913.1848	56.959923	568.0634	0.049290888	864000	-0.008275069
217	-252.87256	30.554197	252.34294	84.05944	423.04187	-590.22736	252.3427	84.05768	431.15726	-530.9289	1217.1946	1034.8641	3881.864	2.0233822	364.8592	1939.8525	1052.3589	3913.1848	56.959923	567.05853	0.049244896	868000	-0.008215979
218	-253.07587	30.537266	252.54852	84.05417	423.04187	-590.22736	252.54822	84.052414	431.15726	-530.9289	1219.2983	1035.0344	3881.864	2.0233822	365.3121	1942.4298	1051.4329	3913.1848	56.959923	567.50507	0.04919859	872000	-0.008304078
219	-253.27673	30.519703	252.75159	84.04893	423.04187	-590.22736	252.75133	84.047386	431.15726	-530.9289	1222.0121	1036.6381	3881.864	2.0233822	365.9148	1942.5436	1049.9843	3913.1848	56.959923	567.28674	0.049138013	876000	-0.008335097
220	-253.4759	30.500986	252.95317	84.043205	423.04187	-590.22736	252.95291	84.04155	431.15726	-530.9289	1224.2377	1035.9202	3881.864	2.0233822	366.36136	1944.2903	1048.7386	3913.1848	56.959923	567.45685	0.04908509	880000	-0.008215072
221	-253.67284	30.48812	253.15233	84.037636	423.04187	-590.22736	253.1521	84.036156	431.15726	-530.9289	1226.5117	1036.2058	3881.864	2.0233822	366.805	1951.6882	1052.1016	3913.1848	56.959923	569.414	0.04903031	884000	-0.008035585
222	-253.8681	30.466738	253.34981	84.03184	423.04187	-590.22736	253.34956	84.03027	431.15726	-530.9289	1229.293	1036.2704	3881.864	2.0233822	367.3976	1953.9315	1051.3776	3979.5396	56.959923	569.69006	0.048988212	888000	-0.008108029
223	-254.06326	30.449566	253.54712	84.02583	423.04187	-590.22736	253.54692	84.02428	431.15726	-530.9289	1231.9108	1036.59	3881.864	2.0233822	367.9868	1956.6422	1050.4629	3979.5396	56.959923	570.14484	0.048945863	892000	-0.008254019
224	-254.25696	30.431805	253.743	84.01925	423.04187	-590.22736	253.74284	84.017815	431.15726	-530.9289	1233.9655	1036.9915	3881.864	2.0233822	368.42105	1957.3756	1049.219	3979.5396	56.959923	570.0804	0.04889086	896000	-0.008067715
225	-254.44939	30.421452	253.93762	84.01302	423.04187	-590.22736	253.9374	84.011314	431.15726	-530.9289	1235.6654	1035.9907	3881.864	2.0233822	368.70135	1957.9467	1050.7177	3979.5396	56.959923	570.0733	0.048843127	900000	-0.008011966
226	-254.64206	30.420666	254.13263	84.00588	423.04187	-590.22736	254.13239	84.00443	431.15726	-530.9289	1237.6154	1036.2177	3881.864	2.0233822	369.13025	1956.929	1048.5852	3979.5396	56.959923	569.5456	0.04879445	904000	-0.0078406595
227	-254.83127	30.399488	254.32408	83.99985	423.04187	-590.22736	254.32378	83.99834	431.15726	-530.9289	1239.7212	1035.9896	3881.864	2.0233822	369.55637	1954.1364	1047.1249	3979.5396	56.959923	568.5718	0.048763417	908000	-0.007905892
228	-255.01917	30.392109	254.51425	83.99301	423.04187	-590.22736	254.51395	83.99154	431.15726	-530.9289	1242.8378	1037.5635	3881.864	2.0233822	370.28015	1955.9305	1046.6512	3979.5396	56.959923	568.8272	0.048712067	912000	-0.00774309
229	-255.20694	30.368542	254.70424	83.98602	423.04187	-590.22736	254.70392	83.98458	431.15726	-530.9289	1245.4684	1038.228	3881.864	2.0233822	370.8502	1956.3978	1045.5292	3979.5396	56.959923	568.7035	0.0486599	916000	-0.007961945
230	-255.39386	30.35754	254.89339	83.978065	423.04187	-590.22736	254.89305	83.97654	431.15726	-530.9289	1247.5541	1039.1211	3881.864	2.0233822	371.26715	1955.6882	1044.524	3979.5396	56.959923	568.26215	0.048616946	920000	-0.007840678
231	-255.57878	30.342546	255.08025	83.969894	423.04187	-590.22736	255.07994	83.96832	431.15726	-530.9289	1249.9927	1040.0804	3881.864	2.0233822	371.831	1957.4718	1043.4547	3979.5396	56.959923	568.5671	0.048576787	924000	-0.0076375864
232	-255.76384	30.337004	255.2673	83.96132	423.04187	-590.22736	255.26703	83.95985	431.15726	-530.9289	1252.9696	1041.3224	3881.864	2.0233822	372.54114	1958.7317	1042.6997	3979.5396	56.959923	568.65045	0.048536714	928000	-0.0076938826
233	-255.94746	30.31499	255.45312	83.95249	423.04187	-590.22736	255.45284	83.95091	431.15726	-530.9289	1255.4664	1041.4521	3881.864	2.0233822	373.09848	1960.949	1042.2096	3979.5396	56.959923	569.03394	0.04848237	932000	-0.0076842876
234	-256.1284	30.315233	255.63622	83.94419	423.04187	-590.22736	255.63591	83.9427	431.15726	-530.9289	1258.3867	1042.8438	3881.864	2.0233822	373.8019	1965.9354	1043.447	3979.5396	56.959923	570.0705	0.048433587	936000	-0.007847559
235	-256.30905	30.309265	255.81894	83.93507	423.04187	-590.22736	255.81862	83.93363	431.15726	-530.9289	1261.7347	1046.5026	3881.864	2.0233822	374.65125	1969.1434	1043.0803	3979.5396	56.959923	570.59705	0.048388664	940000	-0.007800968
236	-256.48926	30.301788	256.00125	83.92494	423.04187	-590.22736	256.00095	83.92339	431.15726	-530.9289	1264.694	1047.7489	3881.864	2.0233822	375.3479	1974.5437	1045.7249	3979.5396	56.959923	571.8335	0.048338603	944000	-0.0077240546
237	-256.66745	30.2918	256.1815	83.91498	423.04187	-590.22736	256.18118	83.913445	431.15726	-530.9289	1267.3486	1049.1802	3884.4326	2.0233822	375.89215	1973.516	1043.7249	3979.5396	56.959923	571.33795	0.048291646	948000	-0.007737771
238	-256.8445	30.285782	256.3606	83.905846	423.04187	-590.22736	256.36032	83.90455	431.15726	-530.9289	1269.4387	1048.7762	3884.4326	2.0233822	376.28458	1974.1014	1042.266	3979.5396	56.959923	571.1954	0.048247643	952000	-0.007533778
239	-257.02148	30.262238	256.5396	83.89685	423.04187	-590.22736	256.53934	83.895256	431.15726	-530.9289	1271.3341	1048.3888	3884.4326	2.0233822	376.67456	1976.458	1041.6089	3979.5396	56.959923	571.5075	0.04819504	956000	-0.007710262
240	-257.19846	30.250614	256.7185	83.88843	423.04187	-590.22736	256.7183	83.88696	431.15726	-530.9289	1272.8628	1047.6392	3884.4326	2.0233822	376.914	1974.1833	1040.1206	3979.5396	56.959923	570.61707	0.048142344	960000	-0.0076333787
241	-257.37576	30.246504	256.8979	83.88087	423.04187	-590.22736	256.8976	83.87943	431.15726	-530.9289	1275.8419	1048.7732	3884.4326	2.0233822	377.595	1974.309	1038.3488	3979.5396	56.959923	570.36725	0.048093025	964000	-0.007584503
242	-257.55237	30.21781	257.07645	83.87401	423.04187	-590.22736	257.07623	83.87235	431.15726	-530.9289	1277.9515	1048.8059	3884.4326	2.0233822	377.97736	1973.8955	1036.5157	3979.5396	56.959923	570.0649	0.04804616	968000	-0.0073175947
243	-257.72733	30.206821	257.25345	83.86686	423.04187	-590.22736	257.2532	83.86531	431.15726	-530.9289	1280.0859	1048.5981	3884.4326	2.0233822	378.35733	1975.7654	1035.8801	3979.5396	56.959923	570.34485	0.048006073	972000	-0.0073406976
244	-257.90176	30.209265	257.42978	83.85985	423.04187	-590.22736	257.42963	83.858345	431.15726	-530.9289	1282.9108	1050.9569	3884.4326	2.0233822	379.0291	1974.9094	1033.9161	3979.5396	56.959923	569.94714	0.04797414	976000	-0.0072950316
245	-258.0761	30.206669	257.60608	83.85347	423.04187	-590.22736	257.60593	83.852104	431.15726	-530.9289	1285.2704	1051.868	3884.4326	2.0233822	379.55075	1980.182	1035.9276	3979.5396	56.959923	571.4412	0.04794399	980000	-0.007089852
246	-258.2517	30.194399	257.78345	83.84732	423.04187	-590.22736	257.78326	83.84594	431.15726	-530.9289	1280.8872	1052.6804	3884.4326	2.0233822	378.7529	1976.1947	1035.702	3979.5396	56.959923	573.18335	0.04791573	984000	-0.007179662
247	-258.43378	30.190578	257.96643	83.84372	423.04187	-590.22736	257.96622	83.84211	431.15726	-530.9289	1282.0834	1052.9456	3884.4326	2.0233822	379.56204	1981.5465	1037.967	3979.5396	56.959923	574.53644	0.04792841	988000	-0.0067676906
248	-258.6251	30.209883	258.15878	83.84365	423.04187	-590.22736	258.15857	83.84211	435.10016	-530.9289	1284.8038	1054.7965	3884.4326	2.0233822	380.22232	1985.742	1038.5483	3979.5396	56.959923	575.45807	0.047941465	992000	-0.006909074
249	-258.8095	30.214823	258.34482	83.840195	423.04187	-590.22736	258.34457	83.838776	435.10016	-530.9289	1287.5071	1056.69	3884.4326	2.0233822	380.87955	1990.7803	1040.7476	3979.5396	56.959923	577.0313	0.047930736	996000	-0.0069893515
250	-258.98373	30.215683	258.52075	83.82952	423.04187	-590.22736	258.52048	83.82811	435.10016	-530.9289	1289.0553	1056.7247	3884.4326	2.0233822	381.38824	1991.409	1040.4985	3979.5396	56.959923	577.9632	0.047925096	1000000	-0.0069934144
