epoch	pi-loss	q-loss	average-q1-values	std-q1-values	max-q1-values	min-q1-values	average-q2-values	std-q2-values	max-q2-values	min-q2-values	average-episode-return	std-episode-return	max-episode-return	min-episode-return	episode-length	average-test-episode-return	std-test-episode-return	max-test-episode-return	min-test-episode-return	test-episode-length	entropy-coeff	total-env-interacts	entropy-coeff-loss
1	-15.447649	3.2220197	13.417715	8.568261	63.804474	-14.580791	13.4160185	8.573207	62.43186	-14.903848	18.167324	15.167162	119.916626	5.270967	22.346369	120.96871	7.9156613	137.57799	109.51204	65.0	0.35015392	4000	-2.3063421
2	-56.81085	31.281893	50.67756	46.45816	207.50441	-67.84475	50.675888	46.471992	207.5095	-48.317463	30.740461	45.596493	239.5445	3.8830304	27.39726	186.50584	72.893	311.6464	109.51204	118.0	0.3280685	8000	-0.78547186
3	-93.24504	63.179146	86.857346	67.372086	258.12723	-109.47344	86.85372	67.3918	261.78525	-64.14172	44.1897	102.79991	1041.7916	3.8830304	39.215687	128.10175	101.84027	311.6464	4.204692	91.6	0.29435983	12000	-0.5170802
4	-114.068275	82.21708	107.929535	73.28151	320.12717	-109.47344	107.92707	73.30125	327.03403	-64.14172	57.28149	117.89241	1041.7916	3.8830304	46.783627	179.2452	125.24622	361.56644	4.204692	110.075	0.26567325	16000	-0.389663
5	-130.78624	89.78325	124.849686	78.12662	320.12717	-109.47344	124.84788	78.14532	327.03403	-64.14172	71.806335	143.0459	1043.2152	3.8830304	56.338028	343.1848	355.54852	1062.6122	4.204692	274.12	0.25162792	20000	-0.31464967
6	-142.98952	90.739365	137.3547	79.9665	320.12717	-113.15316	137.35342	79.982994	327.03403	-78.99763	86.68934	158.53587	1043.2152	3.8830304	64.17112	338.17865	324.8361	1062.6122	4.204692	252.85	0.23586161	24000	-0.26395643
7	-151.18015	90.8599	145.8604	80.810905	320.12717	-113.15316	145.85951	80.82625	327.03403	-81.38318	101.288994	165.33812	1043.2152	3.8830304	70.52897	332.73325	301.04343	1062.6122	4.204692	239.48572	0.22234167	28000	-0.22609147
8	-156.02422	89.074554	151.02509	80.61576	320.12717	-113.15316	151.02423	80.63059	327.03403	-120.91925	113.73417	170.37817	1043.2152	3.8830304	75.829384	340.5367	282.53745	1062.6122	4.204692	233.6	0.20944947	32000	-0.20220701
9	-158.33556	86.34787	153.63275	79.68972	320.12717	-113.15316	153.63213	79.70429	327.03403	-120.91925	125.974396	174.30763	1043.2152	3.8830304	80.71749	352.27356	268.5823	1062.6122	4.204692	233.17778	0.19692872	36000	-0.18187658
10	-159.24316	83.30854	154.82155	78.34351	320.12717	-113.15316	154.82101	78.35792	327.03403	-120.91925	136.00905	182.67345	1043.2152	3.8830304	86.95652	423.52454	332.62463	1098.0641	4.204692	309.86	0.18631016	40000	-0.1623267
11	-159.5755	80.52194	155.38873	76.76647	320.12717	-113.15316	155.3886	76.78022	327.03403	-120.91925	141.76442	189.43323	1043.2152	3.8830304	91.666664	455.3969	345.05652	1168.7288	4.204692	341.4	0.17785065	44000	-0.14867306
12	-159.6442	77.78931	155.66469	75.10158	320.12717	-113.15316	155.66481	75.11387	327.03403	-120.91925	151.36626	201.64192	1061.1005	3.8830304	97.95918	450.74316	330.728	1168.7288	4.204692	330.93332	0.1699166	48000	-0.14178579
13	-159.32881	74.82138	155.54314	73.40929	320.12717	-122.99784	155.54356	73.420135	327.03403	-146.64914	161.67966	208.90485	1061.1005	3.8830304	103.17461	486.22632	362.72256	1619.2352	4.204692	349.03076	0.16239479	52000	-0.12805691
14	-158.85745	72.105	155.24596	71.77465	320.12717	-156.57512	155.24649	71.78423	327.03403	-146.64914	170.45749	220.31635	1274.5947	3.8830304	108.73786	484.46646	351.52252	1619.2352	4.204692	341.05	0.15557277	56000	-0.124074616
15	-158.35321	69.706116	154.894	70.28487	320.12717	-156.57512	154.8946	70.29393	327.03403	-146.64914	178.84981	222.35074	1274.5947	3.8830304	112.35955	479.65244	340.122	1619.2352	4.204692	331.74667	0.14952452	60000	-0.11379483
16	-157.81471	67.36821	154.49895	68.903015	320.12717	-156.57512	154.49963	68.91109	327.03403	-146.64914	188.66774	232.38214	1330.9542	3.8830304	117.00183	505.33505	360.4462	1619.2352	4.204692	345.73126	0.14354248	64000	-0.10872708
17	-157.27324	65.058395	154.09384	67.58874	320.12717	-156.57512	154.09462	67.59575	327.03403	-146.64914	197.5592	243.65193	1442.3345	3.8830304	121.6458	502.60504	350.68417	1619.2352	4.204692	335.88235	0.13808163	68000	-0.106432416
18	-156.75386	62.99187	153.69197	66.3864	320.12717	-156.57512	153.69286	66.3929	327.03403	-146.64914	209.05016	250.31413	1442.3345	3.8830304	124.35233	512.95984	343.87933	1619.2352	4.204692	330.46667	0.13332619	72000	-0.09715974
19	-156.39868	61.176476	153.43704	65.27516	320.12717	-156.57512	153.43785	65.281006	327.03403	-146.64914	221.27411	257.7473	1442.3345	3.8830304	127.303185	531.251	345.4636	1619.2352	4.204692	328.9579	0.12968042	76000	-0.08951264
20	-156.28142	59.526722	153.4139	64.24809	320.12717	-156.57512	153.41481	64.25362	327.03403	-146.64914	231.53352	271.13907	1722.3638	3.8830304	131.14754	531.96295	365.76205	2457.7156	4.204692	325.12	0.12593928	80000	-0.08650173
21	-156.29414	58.09583	153.5179	63.338085	320.12717	-156.57512	153.51888	63.343052	327.03403	-146.64914	242.49318	276.71094	1722.3638	3.8830304	133.75797	533.02594	357.00775	2457.7156	4.204692	318.64285	0.12254812	84000	-0.08081541
22	-156.4495	56.806015	153.75356	62.570114	320.12717	-156.57512	153.75447	62.574936	327.03403	-146.64914	254.65068	284.61087	1722.3638	3.8830304	136.43411	536.5848	349.20593	2457.7156	4.204692	312.68637	0.11967996	88000	-0.07663969
23	-156.86508	55.794285	154.23505	61.979073	320.12717	-156.57512	154.23595	61.98366	327.03403	-146.64914	265.82886	291.7524	1722.3638	3.8830304	139.18306	565.8736	375.93323	2457.7156	4.204692	317.09564	0.11733683	92000	-0.07418054
24	-157.5151	54.932518	154.9474	61.556557	320.12717	-156.57512	154.9484	61.560875	327.03403	-146.64914	279.14426	312.23102	1744.5365	3.8830304	142.64487	651.7266	565.3906	3015.1775	4.204692	339.85416	0.11514974	96000	-0.06927059
25	-158.38457	54.21465	155.8748	61.32752	320.12717	-156.57512	155.87581	61.3315	327.03403	-161.16263	293.00616	345.68295	2958.5964	3.8830304	146.62756	661.56213	556.54504	3015.1775	4.204692	337.524	0.11332501	100000	-0.067090385
26	-159.39508	53.586662	156.93866	61.258274	320.12717	-156.57512	156.93958	61.261925	327.03403	-161.16263	306.08658	369.80908	2958.5964	3.8830304	150.07214	741.22485	685.5883	3176.5012	4.204692	358.16153	0.111624934	104000	-0.06392363
27	-160.55235	53.159233	158.14378	61.329517	320.12717	-156.57512	158.1447	61.33225	327.03403	-161.16263	320.90884	405.38644	3015.6665	3.8830304	154.28572	833.62085	821.3702	3295.9429	4.204692	381.93332	0.11006832	108000	-0.06160565
28	-161.86089	52.70914	159.49469	61.53535	320.12717	-156.57512	159.4957	61.53747	327.03403	-161.16263	336.0973	437.20346	3015.6665	3.8830304	158.64023	858.7448	829.62476	3295.9429	4.204692	386.74286	0.10865477	112000	-0.05729472
29	-163.35498	52.31179	161.02599	61.919643	320.12717	-165.17845	161.02701	61.92128	327.03403	-239.37476	351.1201	474.40778	3108.3416	3.8830304	163.1505	901.00055	865.81714	3295.9429	4.204692	396.5	0.10755623	116000	-0.056125317
30	-164.97049	51.893074	162.6788	62.438953	320.12717	-165.17845	162.67982	62.44017	327.03403	-239.37476	365.7482	503.55542	3172.4946	3.8830304	167.36401	905.5206	853.6458	3295.9429	4.204692	394.78665	0.106427655	120000	-0.05591182
31	-166.60077	51.537693	164.3484	62.997456	320.12717	-165.17845	164.34941	62.99814	327.03403	-239.37476	378.34	518.07117	3172.4946	3.8830304	170.7989	954.54675	890.3401	3406.2798	4.204692	405.13226	0.10523541	124000	-0.05323558
32	-168.16475	51.174942	165.95198	63.53566	320.12717	-165.17845	165.953	63.535988	327.03403	-239.37476	393.4715	555.441	3263.2334	3.8830304	175.34247	1026.0134	962.4278	3406.2798	4.204692	423.72186	0.10411133	128000	-0.0517931
33	-169.73663	50.76378	167.55959	64.08458	320.12717	-165.17845	167.5605	64.0846	327.03403	-239.37476	406.28406	577.74194	3263.2334	3.8830304	178.86179	1039.7949	956.9542	3406.2798	4.204692	424.78183	0.10316661	132000	-0.049397573
34	-171.29822	50.40451	169.15724	64.64585	320.12717	-165.17845	169.1583	64.6454	327.03403	-239.37476	420.17468	602.4009	3263.2334	3.8830304	182.7957	1092.4852	993.8076	3406.2798	4.204692	440.0706	0.10221337	136000	-0.048980255
35	-172.83527	50.00041	170.72876	65.2051	320.12717	-165.17845	170.72983	65.20432	327.03403	-239.37476	434.5932	629.1434	3263.2334	3.8830304	186.9159	1154.3605	1043.8485	3406.2798	4.204692	456.06857	0.10130262	140000	-0.04796945
36	-174.33914	49.56901	172.2663	65.74378	320.12717	-167.63965	172.26735	65.74285	327.03403	-239.37476	448.8726	657.23444	3267.9912	3.8830304	191.23506	1208.6129	1079.4453	3406.2798	4.204692	470.24445	0.100322105	144000	-0.045524035
37	-175.83398	49.16689	173.7924	66.27724	320.12717	-167.63965	173.79346	66.27612	327.03403	-239.37476	462.7716	678.2147	3267.9912	3.8830304	194.99341	1257.9398	1107.0463	3406.2798	4.204692	481.9892	0.09962725	148000	-0.04500331
38	-177.30751	48.760864	175.29652	66.798325	320.12717	-167.63965	175.29755	66.79683	327.03403	-239.37476	476.54993	698.29834	3358.7922	3.8830304	198.69281	1282.4304	1113.5607	3406.2798	4.204692	486.37106	0.098771416	152000	-0.04360641
39	-178.75786	48.4068	176.77669	67.30322	320.12717	-167.63965	176.77766	67.30139	327.03403	-239.37476	490.87286	719.96204	3358.7922	3.8830304	202.5974	1296.2126	1103.1561	3406.2798	4.204692	487.7359	0.09800023	156000	-0.042572334
40	-180.18434	47.99639	178.23198	67.79187	320.12717	-167.63965	178.23303	67.789986	327.03403	-239.37476	502.45392	729.8774	3358.7922	3.8830304	205.65553	1346.5219	1133.6979	3406.2798	4.204692	500.5425	0.097107284	160000	-0.042033866
41	-181.58919	47.66101	179.66397	68.27515	330.98456	-167.63965	179.66501	68.27312	327.03403	-239.37476	514.9228	741.95044	3358.7922	3.8830304	208.91719	1397.036	1164.4738	3457.3086	4.204692	512.72437	0.096264526	164000	-0.04077994
42	-182.99553	47.30317	181.09598	68.76736	330.98456	-167.63965	181.0971	68.765144	327.03403	-239.37476	527.1046	755.2004	3358.7922	3.8830304	212.12122	1429.6241	1175.7128	3457.3086	4.204692	519.8762	0.09546487	168000	-0.039959036
43	-184.3796	47.01238	182.50475	69.25301	330.98456	-167.63965	182.50595	69.2507	327.16943	-239.37476	539.3238	768.1059	3419.3606	3.8830304	215.26909	1472.2783	1194.924	3457.3086	4.204692	530.32324	0.094688565	172000	-0.038857266
44	-185.73412	46.679337	183.8847	69.72456	330.98456	-167.63965	183.8859	69.72213	329.37576	-239.37476	549.9318	771.95465	3419.3606	3.8830304	217.82178	1474.6564	1182.5629	3457.3086	4.204692	529.0	0.09385853	176000	-0.038018737
45	-187.03912	46.404312	185.21535	70.16973	330.98456	-167.63965	185.21649	70.167244	330.44034	-239.37476	559.8126	774.31	3419.3606	3.8830304	220.0489	1492.2632	1183.0829	3457.3086	4.204692	532.1911	0.09305741	180000	-0.03731084
46	-188.32542	46.111256	186.5248	70.61341	330.98456	-167.63965	186.52597	70.61091	332.2066	-239.37476	572.9683	792.004	3457.6384	3.8830304	223.5723	1485.8641	1171.4177	3457.3086	4.204692	528.56305	0.09227161	184000	-0.036180474
47	-189.60114	45.82533	187.8241	71.05085	331.21918	-183.64426	187.82526	71.04833	333.6391	-239.37476	585.9943	809.2909	3457.6384	3.8830304	227.05315	1524.9025	1188.7515	3457.3086	4.204692	538.5936	0.0915456	188000	-0.03574747
48	-190.83916	45.549076	189.08522	71.46498	331.21918	-183.64426	189.0864	71.46238	333.6391	-239.37476	599.4222	830.1383	3457.6384	3.8830304	230.76923	1563.9203	1206.3398	3457.3086	4.204692	548.20624	0.0909068	192000	-0.03437383
49	-192.05585	45.253983	190.32458	71.85488	335.2616	-183.64426	190.32576	71.8523	339.85663	-239.37476	611.469	844.13934	3457.6384	3.8830304	233.89021	1588.842	1211.5942	3457.3086	4.204692	553.7857	0.09026917	196000	-0.03413644
50	-193.25838	44.93354	191.54865	72.23394	343.7678	-183.64426	191.5498	72.23142	346.70276	-239.37476	622.32544	854.0172	3457.6384	3.8830304	236.68639	1623.9122	1224.2869	3457.3086	4.204692	562.664	0.089630276	200000	-0.033773992
51	-194.4351	44.614044	192.7461	72.60257	345.65268	-183.64426	192.74725	72.59993	347.35547	-239.37476	634.08124	867.36237	3457.6384	3.8830304	239.71797	1654.0713	1231.9689	3457.3086	4.204692	570.0784	0.089016706	204000	-0.03335315
52	-195.60501	44.356396	193.93585	72.965065	346.13373	-183.64426	193.93698	72.96246	347.35547	-239.37476	645.4417	879.0795	3457.6384	3.8830304	242.70712	1631.7765	1230.47	3457.3086	4.204692	562.6885	0.08838509	208000	-0.03250096
53	-196.74559	44.032665	195.09633	73.31472	346.13373	-183.64426	195.09741	73.31201	347.35547	-239.37476	655.2456	885.34155	3457.6384	3.8830304	245.0867	1664.9972	1242.129	3457.3086	4.204692	570.93964	0.08775659	212000	-0.032362632
54	-197.87721	43.706093	196.24684	73.658356	346.13373	-183.64426	196.2479	73.655716	347.35547	-239.37476	665.56006	894.7869	3457.6384	3.8830304	247.70642	1695.8652	1250.9257	3457.3086	4.204692	578.8852	0.08715665	216000	-0.03126897
55	-199.00096	43.422596	197.3891	73.99218	346.13373	-183.64426	197.39014	73.98951	347.35547	-239.37476	677.0924	908.6012	3457.6384	3.8830304	250.8552	1725.7019	1258.7502	3457.3086	4.204692	586.5418	0.086616375	220000	-0.03091596
56	-200.10857	43.14043	198.51556	74.31618	346.13373	-183.64426	198.5166	74.313515	347.35547	-239.37476	689.0534	923.6767	3457.6384	3.8830304	254.25653	1754.0856	1265.0972	3457.3086	4.204692	593.925	0.08601999	224000	-0.030446393
57	-201.20113	42.912033	199.62529	74.63501	346.13373	-183.64426	199.62631	74.63233	347.35547	-239.37476	700.2091	935.2789	3457.6384	3.8830304	257.33633	1782.4209	1271.76	3457.3086	4.204692	601.04913	0.08546159	228000	-0.029694062
58	-202.28905	42.61833	200.7302	74.953705	353.8672	-183.64426	200.7311	74.951065	349.40982	-239.37476	711.38715	946.7374	3457.6384	3.8830304	260.3816	1782.8813	1262.3557	3457.3086	4.204692	599.7931	0.0849131	232000	-0.029702824
59	-203.37013	42.318127	201.82768	75.26582	353.8672	-183.64426	201.82861	75.26312	349.40982	-239.37476	722.51385	957.00073	3457.6384	3.8830304	263.39285	1806.1085	1264.4883	3457.3086	4.204692	605.839	0.08434719	236000	-0.028859833
60	-204.42351	42.069416	202.8982	75.555824	353.8672	-183.64426	202.89912	75.553154	349.40982	-239.37476	732.60675	964.6676	3457.6384	3.8830304	266.07538	1808.3945	1255.128	3457.3086	4.204692	605.19	0.08374387	240000	-0.028949382
61	-205.44229	41.77452	203.93355	75.82703	353.8672	-183.64426	203.93445	75.8243	349.40982	-239.37476	741.8801	968.079	3457.6384	3.8830304	268.42685	1828.6069	1257.1885	3457.3086	4.204692	610.52625	0.083154164	244000	-0.028485129
62	-206.43588	41.520752	204.94287	76.08692	353.8672	-183.64426	204.94373	76.08423	350.45364	-239.37476	750.97534	974.2119	3457.6384	3.8830304	270.74237	1851.8416	1260.224	3457.3086	4.204692	616.3306	0.08261461	248000	-0.027736964
63	-207.4222	41.292828	205.94473	76.34158	353.8672	-183.64426	205.94551	76.33894	350.45364	-239.37476	760.7986	980.0434	3457.6384	3.8830304	273.31888	1874.6044	1263.0614	3457.3086	4.204692	622.00793	0.08206421	252000	-0.027327508
64	-208.39845	41.039192	206.93524	76.59103	353.8672	-183.64426	206.936	76.588264	353.47644	-239.37476	767.1911	980.3731	3457.6384	3.8830304	274.6781	1893.4968	1262.7698	3457.3086	4.204692	626.5687	0.081539206	256000	-0.026814038
65	-209.35728	40.842503	207.9089	76.83078	362.84235	-183.64426	207.9096	76.82806	361.128	-239.37476	776.0986	985.49445	3457.6384	3.8830304	276.89032	1910.1311	1265.9973	3457.3086	4.204692	630.8	0.08107896	260000	-0.026117384
66	-210.3	40.62218	208.86563	77.056755	362.84235	-183.64426	208.86633	77.05407	362.99524	-239.37476	783.26996	990.2822	3457.6384	3.8830304	278.48102	1924.822	1263.3198	3457.3086	4.204692	634.25757	0.08063039	264000	-0.026497807
67	-211.20628	40.382206	209.78633	77.26615	362.84235	-183.64426	209.78703	77.26341	362.99524	-239.37476	790.31885	990.51624	3457.6384	3.8830304	280.0418	1941.2621	1262.7489	3525.9875	4.204692	637.6836	0.08009662	268000	-0.02570388
68	-212.09637	40.166462	210.69046	77.45795	362.84235	-183.64426	210.69124	77.45525	362.99524	-239.37476	798.2753	993.78613	3457.6384	3.8830304	281.8653	1963.1033	1266.1157	3525.9875	4.204692	643.0118	0.079610355	272000	-0.025221894
69	-212.97218	39.981377	211.57997	77.64499	362.84235	-183.64426	211.58073	77.642296	362.99524	-239.37476	808.3737	1003.0609	3524.1335	3.8830304	284.53607	1983.9563	1268.6177	3525.9875	4.204692	648.1855	0.07912341	276000	-0.025071833
70	-213.83577	39.752052	212.45692	77.82253	362.84235	-183.64426	212.45766	77.81978	362.99524	-239.37476	817.57184	1011.51514	3524.1335	3.8830304	286.88525	2003.5807	1270.0293	3525.9875	4.204692	653.2114	0.07865054	280000	-0.02462813
71	-214.68335	39.553204	213.31798	77.99507	362.84235	-183.64426	213.3187	77.99229	362.99524	-239.37476	827.4607	1019.1499	3524.1335	3.8830304	289.50052	2019.425	1268.0038	3525.9875	4.204692	658.09576	0.07817605	284000	-0.024686493
72	-215.51564	39.365025	214.16293	78.16192	362.84235	-183.64426	214.16362	78.15922	362.99524	-239.37476	836.2994	1026.0085	3524.1335	3.8830304	291.7933	2024.9602	1261.9591	3525.9875	4.204692	658.35834	0.077697605	288000	-0.02393742
73	-216.3375	39.181244	214.99722	78.32004	366.0807	-215.93756	214.99783	78.317245	362.99524	-239.37476	844.34283	1031.3042	3524.1335	3.8830304	293.76257	2044.8483	1264.5979	3525.9875	4.204692	663.0383	0.0772859	292000	-0.023628717
74	-217.14128	38.980396	215.81346	78.47286	366.0807	-215.93756	215.81403	78.47015	364.15195	-243.34238	851.5068	1032.9192	3524.1335	3.8830304	295.40918	2058.3228	1263.7772	3680.9077	4.204692	665.41895	0.07682479	296000	-0.023561142
75	-217.92793	38.765987	216.6121	78.62064	366.0807	-215.93756	216.61261	78.61772	364.15195	-243.34238	860.33466	1040.1245	3524.1335	3.8830304	297.61905	2075.4272	1263.9197	3680.9077	4.204692	669.88	0.07638519	300000	-0.022854377
76	-218.70683	38.562008	217.40259	78.76209	366.0807	-215.93756	217.40305	78.7592	364.15195	-243.34238	869.8253	1048.1298	3524.1335	3.8830304	300.09872	2071.7556	1257.0806	3680.9077	4.204692	667.84344	0.07595615	304000	-0.022651386
77	-219.47894	38.37815	218.18596	78.90377	366.0807	-215.93756	218.18639	78.90099	364.15195	-243.34238	879.22516	1055.6882	3524.1335	3.8830304	302.55402	2089.245	1258.1649	3680.9077	4.204692	672.15717	0.075550154	308000	-0.022227703
78	-220.24615	38.215805	218.96425	79.047325	366.0807	-215.93756	218.96461	79.04451	364.15195	-243.34238	888.46313	1062.4741	3524.1335	3.8830304	304.98535	2095.2263	1252.7308	3680.9077	4.204692	672.6064	0.075160265	312000	-0.022088995
79	-221.00636	38.039192	219.73605	79.187485	366.0807	-215.93756	219.73642	79.18465	365.71188	-243.34238	897.54913	1070.4973	3524.1335	3.8830304	307.393	2088.106	1246.5916	3680.9077	4.204692	669.58734	0.07477806	316000	-0.02183787
80	-221.75403	37.855545	220.4944	79.320015	366.0807	-215.93756	220.49474	79.31719	365.71188	-243.34238	904.93536	1071.8796	3524.1335	3.8830304	309.17874	2104.4404	1247.2563	3680.9077	4.204692	673.7175	0.07440033	320000	-0.02164304
81	-222.49197	37.68638	221.2428	79.44802	366.0807	-215.93756	221.24315	79.445274	365.71188	-243.34238	913.9873	1078.2955	3524.1335	3.8830304	311.53845	2118.164	1245.6106	3680.9077	4.204692	677.74567	0.07401232	324000	-0.021464987
82	-223.22554	37.509293	221.98648	79.574905	366.0807	-215.93756	221.98695	79.57214	365.71188	-243.34238	922.7235	1086.8129	3524.1335	3.8830304	313.8756	2133.2988	1245.7771	3680.9077	4.204692	681.32196	0.073641874	328000	-0.0214647
83	-223.94925	37.3118	222.72046	79.70296	366.0807	-215.93756	222.72093	79.7002	365.71188	-243.34238	932.2099	1095.5249	3524.1335	3.8830304	316.49188	2149.8694	1247.3094	3680.9077	4.204692	685.16144	0.0732639	332000	-0.020936439
84	-224.66724	37.143833	223.44852	79.83061	366.0807	-215.93756	223.44897	79.827805	365.71188	-243.34238	940.17084	1100.5153	3524.1335	3.8830304	318.4834	2164.386	1246.8965	3680.9077	4.204692	688.90955	0.072899126	336000	-0.020815922
85	-225.377	36.971504	224.16806	79.956154	366.0807	-215.93756	224.16849	79.95342	365.71188	-243.34238	947.807	1105.0104	3524.1335	3.8830304	320.4524	2176.4167	1244.4353	3680.9077	4.204692	692.5694	0.07257504	340000	-0.020449653
86	-226.07568	36.817387	224.87653	80.07001	372.17038	-215.93756	224.87694	80.06733	370.0151	-243.34238	957.088	1113.2433	3524.1335	3.8830304	323.0047	2179.5623	1239.0466	3680.9077	4.204692	692.4837	0.07224352	344000	-0.019883303
87	-226.76799	36.631138	225.57799	80.17956	372.17038	-215.93756	225.57843	80.176956	376.77487	-243.34238	965.3322	1119.9286	3524.1335	3.8830304	325.23364	2179.3872	1233.0753	3680.9077	4.204692	691.7172	0.07192369	348000	-0.020213548
88	-227.45378	36.467678	226.2731	80.28483	394.75565	-215.93756	226.27351	80.28226	393.67975	-243.34238	973.66364	1124.615	3524.1335	3.8830304	327.44186	2180.9785	1228.9619	3680.9077	4.204692	691.3591	0.07161184	352000	-0.019431878
89	-228.13086	36.305943	226.95941	80.38532	398.5106	-215.93756	226.95981	80.382675	396.5277	-243.34238	981.85486	1129.4392	3524.1335	3.8830304	329.62964	2194.2896	1228.4031	3680.9077	4.204692	694.82697	0.07129092	356000	-0.019741409
90	-228.79774	36.138504	227.63524	80.483505	398.5106	-215.93756	227.63564	80.480865	396.5277	-243.34238	990.62085	1136.5186	3524.1335	3.8830304	332.10333	2208.312	1228.7018	3680.9077	4.204692	698.2178	0.07096665	360000	-0.019399926
91	-229.45464	35.975903	228.30084	80.5818	398.5106	-215.93756	228.30121	80.57904	396.5277	-243.34238	997.1203	1141.0315	3524.1335	3.8830304	334.25162	2220.6973	1227.5687	3680.9077	4.204692	701.53406	0.070637085	364000	-0.0190019
92	-230.10912	35.820927	228.96385	80.67816	398.5106	-215.93756	228.9642	80.67544	396.5277	-243.34238	1005.19	1145.788	3524.1335	3.8830304	336.38025	2234.1003	1227.5612	3680.9077	4.204692	704.67175	0.07031851	368000	-0.018988289
93	-230.76508	35.685577	229.6279	80.77547	421.25256	-215.93756	229.62817	80.77282	416.80338	-243.34238	1013.89435	1152.7231	3524.1335	3.8830304	338.79782	2246.1824	1226.4313	3680.9077	4.204692	707.8473	0.07002396	372000	-0.018551266
94	-231.415	35.542587	230.28604	80.86955	441.2477	-215.93756	230.28633	80.86701	440.22906	-243.34238	1022.6315	1159.7006	3524.1335	3.8830304	341.1978	2257.7124	1224.9493	3680.9077	4.204692	710.9553	0.06970689	376000	-0.018508948
95	-232.06157	35.38838	230.94075	80.962524	466.44147	-215.93756	230.94109	80.95993	456.85135	-243.34238	1030.4054	1166.3798	3524.1335	3.8830304	343.2701	2257.846	1219.6123	3680.9077	4.204692	710.18634	0.06942167	380000	-0.018171161
96	-232.6992	35.25444	231.58649	81.054955	498.16223	-215.93756	231.58691	81.052505	514.1497	-243.34238	1035.8894	1171.8214	3524.1335	3.8830304	344.70377	2262.0657	1219.8646	3680.9077	4.204692	711.3948	0.06913406	384000	-0.017658845
97	-233.32329	35.140472	232.21881	81.14593	498.16223	-215.93756	232.21922	81.14338	514.1497	-243.34238	1039.9608	1173.6993	3524.1335	3.8830304	345.81107	2265.837	1216.8053	3680.9077	4.204692	711.6897	0.068891846	388000	-0.017967837
98	-233.93596	35.00716	232.8399	81.22959	498.16223	-215.93756	232.84032	81.227104	514.1497	-243.34238	1045.1329	1174.1106	3566.5696	3.8830304	346.90265	2277.138	1216.0845	3680.9077	4.204692	714.12756	0.068628214	392000	-0.017530192
99	-234.54118	34.87703	233.45305	81.31231	498.16223	-215.93756	233.45345	81.30984	514.1497	-243.34238	1052.9143	1179.0991	3566.5696	3.8830304	348.89868	2275.474	1210.7017	3680.9077	4.204692	712.78687	0.0683805	396000	-0.01784721
100	-235.13667	34.758465	234.05597	81.39514	498.16223	-215.93756	234.05638	81.39267	514.1497	-243.34238	1059.0183	1180.9376	3566.5696	3.8830304	350.2627	2266.9336	1208.345	3680.9077	4.204692	709.644	0.06811151	400000	-0.017600525
101	-235.72548	34.621544	234.6521	81.471855	498.16223	-215.93756	234.65253	81.469284	514.1497	-243.34238	1065.4336	1183.5687	3566.5696	3.8830304	351.91638	2272.0645	1205.3206	3680.9077	4.204692	710.5673	0.067851275	404000	-0.017384682
102	-236.30482	34.503017	235.23903	81.54166	498.16223	-215.93756	235.23943	81.539085	514.1497	-243.34238	1072.0712	1186.2656	3566.5696	3.8830304	353.55286	2283.6956	1205.0815	3680.9077	4.204692	713.4049	0.06760151	408000	-0.017245932
103	-236.87221	34.375286	235.8135	81.606735	498.16223	-215.93756	235.81396	81.60406	514.1497	-243.34238	1080.5007	1192.8455	3623.493	3.8830304	355.78583	2295.1414	1204.7764	3680.9077	4.204692	716.1874	0.067354694	412000	-0.017055921
104	-237.43556	34.245895	236.38393	81.66786	498.16223	-215.93756	236.38443	81.66522	514.1497	-243.34238	1088.6976	1198.9303	3623.493	3.8830304	358.00345	2306.6926	1204.689	3680.9077	4.204692	718.9163	0.0671069	416000	-0.016870648
105	-237.99646	34.12322	236.95181	81.73148	498.16223	-215.93756	236.9523	81.72884	514.1497	-243.34238	1096.8182	1204.8488	3623.493	3.8830304	360.20584	2317.0276	1203.563	3680.9077	4.204692	721.5933	0.066859804	420000	-0.016749982
106	-238.55424	33.99321	237.51659	81.79266	498.16223	-215.93756	237.51704	81.79019	514.1497	-243.34238	1104.695	1210.2823	3623.493	3.8830304	362.39316	2327.0251	1202.2457	3680.9077	4.204692	724.2198	0.06661136	424000	-0.01645975
107	-239.1028	33.850956	238.07248	81.85151	498.16223	-215.93756	238.07297	81.848946	514.1497	-243.34238	1111.7272	1213.7616	3623.493	3.8830304	364.2553	2337.6814	1201.634	3680.9077	4.204692	726.7972	0.06636207	428000	-0.016773893
108	-239.64034	33.719288	238.61697	81.9105	498.16223	-215.93756	238.61746	81.90789	514.1497	-243.34238	1118.6675	1217.1615	3623.493	3.8830304	366.10168	2347.5361	1200.3942	3680.9077	4.204692	729.32684	0.06610461	432000	-0.016263248
109	-240.17613	33.58349	239.15944	81.96813	498.16223	-215.93756	239.15994	81.96555	514.1497	-243.34238	1124.6238	1219.573	3623.493	3.8830304	367.62225	2355.91	1198.4061	3680.9077	4.204692	731.333	0.06584111	436000	-0.016593534
110	-240.70692	33.44948	239.69696	82.02418	498.16223	-215.93756	239.69737	82.02176	514.1497	-243.34238	1131.4999	1224.4072	3623.493	3.8830304	369.43744	2366.1628	1197.7399	3680.9077	4.204692	733.77545	0.065580234	440000	-0.015984101
111	-241.23093	33.316967	240.22737	82.07841	498.16223	-215.93756	240.22783	82.07585	514.1497	-243.34238	1139.288	1229.7216	3623.493	3.8830304	371.54813	2376.3748	1197.1337	3680.9077	4.204692	736.1739	0.0653456	444000	-0.015766723
112	-241.75455	33.19595	240.75742	82.127174	498.16223	-215.93756	240.7578	82.12469	514.1497	-243.34238	1147.0455	1234.9725	3623.493	3.8830304	373.6447	2386.464	1196.5087	3680.9077	4.204692	738.5295	0.06510627	448000	-0.015630031
113	-242.27138	33.077118	241.28067	82.17312	498.16223	-215.93756	241.28108	82.170586	514.1497	-243.34238	1154.9192	1240.4333	3623.493	3.8830304	375.72736	2395.915	1195.3947	3680.9077	4.204692	740.8434	0.06486701	452000	-0.015593606
114	-242.78903	32.96099	241.80403	82.221306	498.16223	-215.93756	241.80449	82.21881	514.1497	-243.34238	1161.628	1243.4858	3623.493	3.8830304	377.48343	2401.4292	1192.4167	3680.9077	4.204692	741.64124	0.06463013	456000	-0.015777502
115	-243.3062	32.834213	242.32726	82.26991	498.16223	-215.93756	242.32776	82.26736	514.1497	-243.34238	1168.4017	1247.8687	3623.493	3.8830304	379.22507	2411.1877	1191.7844	3680.9077	4.204692	743.8878	0.06440366	460000	-0.015349558
116	-243.81924	32.704918	242.8463	82.31589	498.16223	-215.93756	242.84676	82.3133	514.1497	-243.34238	1175.2396	1250.7258	3623.493	3.8830304	380.9524	2414.04	1187.8138	3680.9077	4.204692	743.9474	0.064176895	464000	-0.015169049
117	-244.32884	32.60216	243.36165	82.36008	498.16223	-215.93756	243.3621	82.35755	514.1497	-243.34238	1182.1831	1253.3065	3623.493	3.8830304	382.6656	2423.3335	1186.9551	3680.9077	4.204692	746.1359	0.06396704	468000	-0.015295469
118	-244.83133	32.48377	243.87024	82.40071	498.16223	-215.93756	243.87065	82.398094	514.1497	-243.34238	1188.776	1255.7365	3623.493	3.8830304	384.3648	2432.046	1185.6663	3680.9077	4.204692	748.2873	0.06372818	472000	-0.015167545
119	-245.3291	32.360325	244.37395	82.443634	498.16223	-215.93756	244.37431	82.44103	514.1497	-243.34238	1196.2452	1260.5117	3623.493	3.8830304	386.36365	2440.8801	1184.5673	3680.9077	4.204692	750.4025	0.063485816	476000	-0.015162861
120	-245.82408	32.232826	244.87456	82.48602	498.16223	-215.93756	244.87494	82.48353	514.1497	-243.34238	1203.6377	1265.1411	3623.493	3.8830304	388.34952	2448.0452	1182.7112	3680.9077	4.204692	751.81665	0.063251816	480000	-0.014829966
121	-246.31436	32.120415	245.37047	82.52801	498.16223	-215.93756	245.3709	82.52539	514.1497	-243.34238	1210.072	1267.8275	3623.493	3.8830304	390.00806	2441.9612	1179.7849	3680.9077	4.204692	749.55536	0.063024186	484000	-0.015080111
122	-246.79805	32.00278	245.85965	82.566956	498.16223	-215.93756	245.86008	82.56432	514.1497	-243.34238	1215.8116	1270.1537	3668.5684	3.8830304	391.3392	2449.8376	1178.1301	3680.9077	4.204692	751.6082	0.06278757	488000	-0.014718857
123	-247.27356	31.901789	246.34068	82.60281	498.16223	-215.93756	246.3411	82.60018	514.1497	-243.34238	1222.2081	1273.6957	3668.5684	3.8830304	392.97125	2451.6062	1174.8104	3680.9077	4.204692	751.35693	0.062559344	492000	-0.01449546
124	-247.74953	31.764585	246.82208	82.63739	498.16223	-215.93756	246.82254	82.63499	514.1497	-243.34238	1228.6737	1276.3473	3668.5684	3.8830304	394.5903	2460.3596	1174.0875	3680.9077	4.204692	753.28546	0.06233117	496000	-0.014490129
125	-248.21962	31.66374	247.29753	82.670654	498.16223	-215.93756	247.29797	82.66816	514.1497	-243.34238	1234.884	1278.9685	3668.5684	3.8830304	396.1965	2468.1255	1172.5756	3680.9077	4.204692	755.2592	0.06211655	500000	-0.0142776845
126	-248.68436	31.543982	247.7677	82.70333	498.16223	-215.93756	247.76814	82.70078	514.1497	-243.34238	1241.0663	1281.4757	3668.5684	3.8830304	397.79007	2468.7373	1169.5681	3680.9077	4.204692	754.7992	0.061912507	504000	-0.014215835
127	-249.14041	31.430086	248.22934	82.735146	498.16223	-215.93756	248.22974	82.73266	514.1497	-243.34238	1245.6178	1280.2994	3668.5684	3.8830304	398.7441	2475.418	1167.6953	3680.9077	4.204692	756.0362	0.06169471	508000	-0.0140013825
128	-249.58806	31.326147	248.68222	82.76385	498.16223	-215.93756	248.6826	82.76136	514.1497	-243.34238	1250.2335	1279.5901	3668.5684	3.8830304	399.68774	2472.3293	1163.9037	3680.9077	4.204692	754.53516	0.06149509	512000	-0.014093831
129	-250.0331	31.227255	249.13248	82.79156	498.16223	-215.93756	249.13281	82.789246	514.1497	-243.34238	1255.6078	1279.8943	3668.5684	3.8830304	400.9324	2477.36	1161.493	3680.9077	4.204692	755.3318	0.06127832	516000	-0.014099519
130	-250.47507	31.137579	249.57948	82.817245	498.16223	-215.93756	249.5798	82.814674	514.1497	-243.34238	1260.9337	1280.4757	3668.5684	3.8830304	402.1655	2485.3713	1160.5895	3680.9077	4.204692	757.21387	0.061075334	520000	-0.013976431
131	-250.90854	31.01731	250.01828	82.84191	498.16223	-215.93756	250.01857	82.83938	514.1497	-243.34238	1267.1228	1282.8424	3668.5684	3.8830304	403.698	2468.7324	1174.1877	3680.9077	4.204692	752.1397	0.060869455	524000	-0.013880668
132	-251.33746	30.933798	250.45232	82.8651	498.16223	-215.93756	250.4526	82.86255	514.1497	-243.34238	1267.4491	1280.9757	3668.5684	3.8830304	403.36136	2473.0835	1171.2152	3680.9077	4.204692	752.68256	0.06067771	528000	-0.013437954
133	-251.76347	30.83589	250.88344	82.88628	498.16223	-215.93756	250.88373	82.883995	514.1497	-243.34238	1271.6444	1280.7659	3668.5684	3.8830304	404.2553	2474.4604	1167.7794	3680.9077	4.204692	752.48724	0.060493115	532000	-0.013904354
134	-252.18393	30.73383	251.30885	82.907906	498.16223	-215.93756	251.30914	82.90539	514.1497	-243.34238	1276.5123	1282.5896	3668.5684	3.8830304	405.4463	2482.3403	1166.9579	3680.9077	4.204692	754.33435	0.06030255	536000	-0.01326515
135	-252.60013	30.662218	251.72977	82.93077	498.16223	-215.93756	251.73001	82.92826	514.1497	-243.34238	1280.4492	1282.9824	3668.5684	3.8830304	406.32056	2473.6355	1167.2526	3680.9077	4.204692	751.3941	0.06011731	540000	-0.013495167
136	-253.01323	30.577305	252.14783	82.95273	498.16223	-215.93756	252.14807	82.95031	514.1497	-243.34238	1284.7507	1283.7102	3668.5684	3.8830304	407.18564	2474.539	1165.0789	3748.2764	4.204692	751.08453	0.05991594	544000	-0.013423519
137	-253.42175	30.482325	252.56102	82.974045	498.16223	-215.93756	252.56131	82.971725	514.1497	-243.34238	1290.6606	1285.5176	3668.5684	3.8830304	408.65027	2481.4187	1163.589	3748.2764	4.204692	752.9015	0.059716884	548000	-0.013151989
138	-253.82713	30.385805	252.97105	82.99501	498.16223	-215.93756	252.97131	82.992645	514.1497	-243.34238	1295.6201	1287.1295	3668.5684	3.8830304	409.79956	2473.8972	1162.7242	3748.2764	4.204692	750.31665	0.059524275	552000	-0.013015655
139	-254.22748	30.28602	253.37584	83.01337	498.16223	-215.93756	253.37614	83.01106	514.1497	-243.34238	1299.611	1285.767	3668.5684	3.8830304	410.63516	2465.6487	1162.6339	3748.2764	4.204692	747.5957	0.059329726	556000	-0.013066249
140	-254.62573	30.20783	253.77867	83.030685	498.16223	-215.93756	253.77896	83.02836	514.1497	-243.34238	1302.6129	1284.4923	3668.5684	3.8830304	411.16006	2459.517	1160.9359	3748.2764	4.204692	745.39716	0.059143063	560000	-0.013084354
141	-255.01474	30.119833	254.17227	83.044716	498.16223	-215.93756	254.17259	83.04242	514.1497	-243.34238	1305.5402	1281.8071	3668.5684	3.8830304	411.67883	2462.9795	1158.3854	3748.2764	4.204692	745.76953	0.058956083	564000	-0.012904303
142	-255.39891	30.040434	254.56094	83.0567	498.16223	-215.93756	254.56125	83.05437	514.1497	-243.34238	1310.3163	1281.9491	3668.5684	3.8830304	412.7907	2463.8125	1155.2661	3748.2764	4.204692	745.4148	0.058778238	568000	-0.012659674
143	-255.77953	29.953648	254.94592	83.067696	498.16223	-215.93756	254.94626	83.06561	514.1497	-243.34238	1313.1313	1279.9966	3668.5684	3.8830304	413.2948	2470.6294	1154.0822	3748.2764	4.204692	747.1951	0.05860346	572000	-0.012579964
144	-256.15833	29.870808	255.32915	83.07821	498.16223	-215.93756	255.32944	83.076035	514.1497	-243.34238	1317.6189	1280.8872	3668.5684	3.8830304	414.3885	2461.2515	1155.6685	3748.2764	4.204692	744.2132	0.05844466	576000	-0.012435475
145	-256.53174	29.78053	255.70699	83.087	498.16223	-215.93756	255.70737	83.084755	514.1497	-243.34238	1321.2794	1280.5773	3668.5684	3.8830304	415.17538	2468.0251	1154.5858	3748.2764	4.204692	745.81244	0.058270004	580000	-0.012443839
146	-256.89804	29.688925	256.0778	83.09576	498.16223	-215.93756	256.0782	83.0935	514.1497	-243.34238	1324.9299	1279.2107	3668.5684	3.8830304	415.9544	2469.0762	1152.0267	3748.2764	4.204692	745.663	0.058097504	584000	-0.01241497
147	-257.25943	29.587234	256.44357	83.104164	498.16223	-215.93756	256.44394	83.101944	514.1497	-243.34238	1328.6151	1278.813	3668.5684	3.8830304	416.72574	2471.4253	1149.2878	3748.2764	4.204692	745.8116	0.057925366	588000	-0.012260236
148	-257.61844	29.49453	256.80704	83.11047	498.16223	-215.93756	256.80743	83.10808	514.1497	-243.34238	1334.7335	1282.1642	3668.5684	3.8830304	418.37457	2472.8645	1147.0823	3748.2764	4.204692	745.7196	0.05776027	592000	-0.01212796
149	-257.97562	29.399052	257.16846	83.11476	498.16223	-215.93756	257.16882	83.112465	514.1497	-243.34238	1339.2001	1282.4672	3668.5684	3.8830304	419.42294	2479.8835	1146.4111	3748.2764	4.204692	747.42615	0.0575805	596000	-0.01217154
150	-258.33008	29.307804	257.52704	83.1192	498.16223	-215.93756	257.52737	83.11686	514.1497	-243.34238	1345.3293	1285.866	3668.5684	3.8830304	421.05264	2486.908	1145.7963	3748.2764	4.204692	749.11	0.057407238	600000	-0.01179219
151	-258.68405	29.219439	257.88498	83.12578	498.16223	-260.24908	257.8854	83.123405	514.1497	-243.34238	1351.381	1289.136	3668.5684	3.8830304	422.6732	2493.3325	1144.7036	3748.2764	4.204692	750.77155	0.057250638	604000	-0.011981693
152	-259.03452	29.14868	258.23944	83.13193	498.16223	-260.24908	258.23987	83.12959	514.1497	-243.34238	1357.3224	1292.2244	3668.5684	3.8830304	424.28473	2500.1772	1144.0459	3748.2764	4.204692	752.2967	0.057092734	608000	-0.011686172
153	-259.38	29.062662	258.58896	83.135345	498.16223	-260.24908	258.58942	83.13306	514.1497	-243.34238	1361.5363	1293.3583	3668.5684	3.8830304	425.29535	2506.3147	1142.8091	3748.2764	4.204692	753.9157	0.05694966	612000	-0.011573091
154	-259.71936	28.983498	258.9325	83.135605	498.16223	-260.24908	258.93292	83.133316	514.1497	-243.34238	1366.5621	1294.8951	3668.5684	3.8830304	426.5928	2513.0942	1142.1757	3748.2764	4.204692	755.5136	0.056798954	616000	-0.0117365485
155	-260.05692	28.887312	259.27408	83.134186	498.16223	-260.24908	259.27448	83.1319	514.1497	-243.34238	1371.6508	1296.0359	3668.5684	3.8830304	427.8813	2509.7764	1139.421	3748.2764	4.204692	754.1039	0.056645464	620000	-0.011715117
156	-260.39276	28.794893	259.61386	83.12974	498.16223	-260.24908	259.6143	83.127464	514.1497	-243.34238	1376.7008	1297.438	3668.5684	3.8830304	429.16095	2516.2168	1138.5901	3748.2764	4.204692	755.6801	0.05649496	624000	-0.011558566
157	-260.7249	28.707956	259.94977	83.1264	498.16223	-260.24908	259.95016	83.12412	514.1497	-304.3561	1381.6726	1298.4039	3668.5684	3.8830304	430.4318	2520.7874	1137.0415	3748.2764	4.204692	756.607	0.056334928	628000	-0.011442855
158	-261.05466	28.63199	260.28348	83.12109	498.16223	-260.24908	260.2839	83.119026	514.1497	-304.3561	1385.6654	1299.8312	3668.5684	3.8830304	431.39932	2526.4395	1135.6483	3748.2764	4.204692	758.14746	0.05617809	632000	-0.011414508
159	-261.3805	28.548073	260.61322	83.11562	498.16223	-260.24908	260.61362	83.113335	514.1497	-304.3561	1390.5427	1301.3297	3668.5684	3.8830304	432.65308	2521.1648	1134.1104	3748.2764	4.204692	756.2554	0.05601346	636000	-0.011495472
160	-261.6994	28.46944	260.93616	83.1072	498.16223	-260.24908	260.93655	83.10504	514.1497	-304.3561	1395.6049	1302.5695	3668.5684	3.8830304	433.89832	2527.2402	1133.1534	3748.2764	4.204692	757.77875	0.05585125	640000	-0.011517905
161	-262.01398	28.406855	261.25458	83.097336	498.16223	-260.24908	261.25497	83.095	514.1497	-304.3561	1400.3911	1304.7317	3668.5684	3.8830304	435.13513	2522.2178	1131.5193	3748.2764	4.204692	755.9851	0.05569366	644000	-0.01104114
162	-262.32748	28.323042	261.57178	83.086754	498.16223	-260.24908	261.57214	83.084526	514.1497	-304.3561	1404.2604	1304.8325	3668.5684	3.8830304	436.06998	2522.953	1128.7096	3748.2764	4.204692	755.73645	0.055552665	648000	-0.011148851
163	-262.63715	28.247284	261.88507	83.07552	498.16223	-260.24908	261.88547	83.07322	514.1497	-304.3561	1408.3875	1306.2134	3668.5684	3.8830304	436.9973	2528.677	1127.9238	3748.2764	4.204692	757.01965	0.05540424	652000	-0.010823672
164	-262.9458	28.16248	262.19742	83.062485	498.16223	-260.24908	262.1978	83.06035	514.1497	-304.3561	1413.2512	1307.3689	3668.5684	3.8830304	438.20975	2525.906	1125.6942	3748.2764	4.204692	755.8067	0.05525738	656000	-0.010962436
165	-263.25278	28.088245	262.50803	83.05123	498.16223	-260.24908	262.50842	83.04892	514.1497	-304.3561	1416.9916	1308.0522	3668.5684	3.8830304	439.12177	2531.735	1124.758	3748.2764	4.204692	757.2867	0.055110678	660000	-0.010850226
166	-263.55508	28.014053	262.81393	83.03833	498.16223	-260.24908	262.81436	83.03613	514.1497	-304.3561	1421.5425	1309.1395	3668.5684	3.8830304	440.3183	2536.8547	1123.2919	3748.2764	4.204692	758.7488	0.054960806	664000	-0.010587699
167	-263.8521	27.931581	263.11472	83.02297	498.16223	-260.24908	263.1151	83.02079	514.1497	-304.3561	1426.4108	1310.2826	3668.5684	3.8830304	441.50693	2542.703	1122.4559	3748.2764	4.204692	760.1934	0.054821648	668000	-0.010516526
168	-264.1469	27.854755	263.41293	83.00942	498.16223	-260.24908	263.41336	83.0071	514.1497	-304.3561	1430.2533	1311.6492	3668.5684	3.8830304	442.3963	2546.485	1120.7657	3748.2764	4.204692	761.62085	0.05468664	672000	-0.010724663
169	-264.43936	27.788166	263.70886	82.993484	498.16223	-260.24908	263.7093	82.99108	514.1497	-304.3561	1433.9382	1311.6875	3668.5684	3.8830304	443.2787	2543.9841	1118.4011	3748.2764	4.204692	760.55444	0.05455456	676000	-0.010624387
170	-264.7307	27.712988	264.00385	82.97662	498.16223	-260.24908	264.0043	82.97453	514.1497	-304.3561	1437.663	1311.661	3668.5684	3.8830304	444.15414	2537.3481	1118.5278	3748.2764	4.204692	758.39	0.05441965	680000	-0.0106600085
171	-265.01804	27.638475	264.29468	82.95891	498.16223	-260.24908	264.2952	82.95667	514.1497	-304.3561	1442.2819	1312.4163	3668.5684	3.8830304	445.3125	2542.5486	1117.4993	3748.2764	4.204692	759.63214	0.054272108	684000	-0.010708776
172	-265.30237	27.557627	264.5825	82.94044	498.16223	-260.24908	264.583	82.93818	514.1497	-304.3561	1446.8605	1313.6838	3668.5684	3.8830304	446.46335	2544.5452	1115.3683	3748.2764	4.204692	759.8494	0.05413927	688000	-0.01048235
173	-265.58295	27.483704	264.86655	82.92262	498.16223	-260.24908	264.8671	82.92033	514.1497	-304.3561	1451.5724	1315.1624	3720.5974	3.8830304	447.60672	2538.3586	1115.1075	3748.2764	4.204692	757.8098	0.054003567	692000	-0.010531887
174	-265.86206	27.41475	265.149	82.90415	498.16223	-260.24908	265.14957	82.90205	514.1497	-304.3561	1456.0255	1316.1968	3720.5974	3.8830304	448.74274	2543.8188	1114.2156	3748.2764	4.204692	759.2017	0.0538733	696000	-0.010434214
175	-266.13882	27.342773	265.42917	82.886475	498.16223	-260.24908	265.42978	82.8843	514.1497	-304.3561	1458.6024	1315.4156	3720.5974	3.8830304	449.29398	2549.3777	1113.445	3748.2764	4.204692	760.5777	0.053731374	700000	-0.010461267
176	-266.4128	27.281809	265.70642	82.86946	498.16223	-260.24908	265.70706	82.86726	514.1497	-304.3561	1459.3595	1316.4587	3720.5974	3.8830304	449.2661	2554.5278	1112.3657	3748.2764	4.204692	761.93805	0.05360908	704000	-0.010167927
177	-266.68408	27.219053	265.9812	82.8506	498.16223	-260.24908	265.9818	82.84848	514.1497	-304.3561	1464.5513	1318.7915	3720.5974	3.8830304	450.66837	2559.993	1111.5864	3748.2764	4.204692	763.2831	0.053482994	708000	-0.010436511
178	-266.951	27.15927	266.2516	82.83102	498.16223	-260.24908	266.2523	82.82883	514.1497	-304.3561	1468.9241	1319.4806	3720.5974	3.8830304	451.77664	2565.1057	1110.5448	3748.2764	4.204692	764.6129	0.053348005	712000	-0.010194183
179	-267.2141	27.100843	266.5182	82.8095	498.16223	-260.24908	266.5189	82.80727	514.1497	-304.3561	1472.4565	1318.7352	3720.5974	3.8830304	452.59164	2570.052	1109.4036	3748.2764	4.204692	765.9279	0.053220432	716000	-0.010111695
180	-267.4723	27.034866	266.7797	82.78716	498.16223	-260.24908	266.78043	82.785034	514.1497	-304.3561	1476.8418	1319.5194	3720.5974	3.8830304	453.6862	2571.0295	1106.7968	3748.2764	4.204692	765.77	0.05308996	720000	-0.010159717
181	-267.72928	26.97349	267.0401	82.76309	498.16223	-260.24908	267.0408	82.76093	514.1497	-304.3561	1480.285	1319.244	3720.5974	3.8830304	454.48837	2566.8845	1105.4832	3748.2764	4.204692	764.2707	0.05295407	724000	-0.010083577
182	-267.9843	26.904688	267.2985	82.73771	498.16223	-260.24908	267.29916	82.73559	514.1497	-304.3561	1484.602	1321.1141	3720.5974	3.8830304	455.56946	2563.1946	1103.8353	3748.2764	4.204692	762.8368	0.05282706	728000	-0.009972821
183	-268.23813	26.834034	267.5555	82.71205	498.16223	-260.24908	267.55618	82.709816	514.1497	-304.3561	1488.9006	1322.3033	3720.5974	3.8830304	456.6438	2568.3538	1103.0135	3748.2764	4.204692	764.1328	0.052715458	732000	-0.010054334
184	-268.4911	26.765192	267.8117	82.68618	498.16223	-260.24908	267.81238	82.68407	514.1497	-304.3561	1492.5553	1321.3168	3720.5974	3.8830304	457.42697	2573.6318	1102.4232	3748.2764	4.204692	765.2739	0.052592788	736000	-0.009861801
185	-268.7425	26.696522	268.06622	82.66188	498.16223	-260.24908	268.06686	82.65967	514.1497	-304.3561	1496.989	1322.0648	3720.5974	3.8830304	458.48822	2578.5112	1101.6447	3748.2764	4.204692	766.38	0.05247511	740000	-0.009732822
186	-268.9964	26.637627	268.3233	82.639465	498.16223	-260.24908	268.32394	82.637344	514.1497	-304.3561	1501.1936	1324.3214	3720.5974	3.8830304	459.54294	2583.3936	1100.6844	3748.2764	4.204692	767.63605	0.05235823	744000	-0.009767548
187	-269.2488	26.586962	268.5788	82.61646	498.16223	-260.24908	268.57938	82.6143	514.1497	-304.3561	1505.3386	1325.4241	3720.5974	3.8830304	460.59113	2588.2915	1099.768	3748.2764	4.204692	768.8786	0.05224364	748000	-0.009759605
188	-269.4976	26.536316	268.83054	82.59355	498.16223	-260.24908	268.8312	82.59131	514.1497	-304.3561	1507.6597	1324.5012	3720.5974	3.8830304	461.06683	2586.7786	1097.5457	3748.2764	4.204692	768.1787	0.052125923	752000	-0.009539828
189	-269.74545	26.47766	269.0814	82.56844	498.16223	-260.24908	269.08206	82.56646	514.1497	-304.3561	1509.0371	1322.1772	3720.5974	3.8830304	461.25687	2585.072	1095.1976	3748.2764	4.204692	767.3587	0.052019984	756000	-0.009379322
190	-269.994	26.422255	269.33282	82.54309	498.16223	-260.24908	269.33353	82.54097	514.1497	-304.3561	1513.0852	1322.7131	3720.5974	3.8830304	462.2871	2590.1558	1094.5457	3748.2764	4.204692	768.5831	0.051914882	760000	-0.009721764
191	-270.23877	26.370432	269.58057	82.51756	498.16223	-260.24908	269.58127	82.51551	514.1497	-304.3561	1517.2708	1323.8641	3720.5974	3.8830304	463.3111	2592.225	1093.5801	3748.2764	4.204692	768.7911	0.051805906	764000	-0.009734105
192	-270.4798	26.314829	269.82455	82.49398	498.16223	-260.24908	269.82526	82.49185	514.1497	-304.3561	1520.638	1323.2957	3720.5974	3.8830304	464.04834	2597.204	1092.897	3748.2764	4.204692	769.9953	0.05168977	768000	-0.009491284
193	-270.71866	26.24395	270.06625	82.47155	498.16223	-260.24908	270.0669	82.46943	514.1497	-304.3561	1524.6881	1324.9926	3720.5974	3.8830304	465.06024	2602.3093	1092.3552	3748.2764	4.204692	771.1871	0.051573038	772000	-0.009312567
194	-270.95804	26.18579	270.30847	82.448326	498.16223	-260.24908	270.30914	82.44605	514.1497	-304.3561	1528.5979	1326.1957	3720.5974	3.8830304	466.06607	2607.0308	1091.5088	3748.2764	4.204692	772.3665	0.051476937	776000	-0.009180402
195	-271.19553	26.126116	270.54892	82.424614	498.16223	-260.24908	270.54962	82.4225	514.1497	-304.3561	1533.4937	1328.3687	3720.5974	3.8830304	467.3457	2608.6108	1089.4536	3748.2764	4.204692	772.47437	0.05137429	780000	-0.009374189
196	-271.43112	26.068485	270.78723	82.39982	498.16223	-260.24908	270.78787	82.397705	514.1497	-304.3561	1537.5597	1329.5128	3720.5974	3.8830304	468.3393	2607.616	1087.4232	3748.2764	4.204692	771.825	0.051267993	784000	-0.009190903
197	-271.66605	26.018515	271.02493	82.37403	498.16223	-260.24908	271.02557	82.37174	514.1497	-304.3561	1540.6055	1329.3099	3720.5974	3.8830304	469.0476	2612.13	1086.4991	3748.2764	4.204692	772.9833	0.05118077	788000	-0.009016446
198	-271.89804	25.96347	271.25974	82.34801	498.16223	-260.24908	271.26038	82.34579	514.1497	-304.3561	1543.4971	1329.5143	3720.5974	3.8830304	469.7509	2613.5945	1084.643	3748.2764	4.204692	773.2399	0.05108095	792000	-0.009270415
199	-272.1289	25.912409	271.4934	82.31982	498.16223	-260.24908	271.49402	82.31766	514.1497	-304.3561	1544.8137	1326.7203	3720.5974	3.8830304	469.89374	2618.2705	1083.9135	3748.2764	4.204692	774.3794	0.050971676	796000	-0.009278902
200	-272.356	25.858833	271.72318	82.29219	498.16223	-260.24908	271.72375	82.28998	514.1497	-304.3561	1547.7573	1326.2947	3720.5974	3.8830304	470.58823	2621.9238	1082.7968	3748.2764	4.204692	775.1955	0.050866302	800000	-0.008969711
201	-272.58282	25.794174	271.95264	82.26522	498.16223	-260.24908	271.95328	82.26309	514.1497	-304.3561	1550.7615	1326.7635	3720.5974	3.8830304	471.27783	2623.213	1081.1919	3748.2764	4.204692	775.22784	0.050762042	804000	-0.009109979
202	-272.80765	25.740526	272.17996	82.23857	498.16223	-260.24908	272.1806	82.23646	514.1497	-304.3561	1553.7249	1325.9281	3720.5974	3.8830304	471.96262	2627.6338	1080.332	3748.2764	4.204692	776.3406	0.050662097	808000	-0.009057422
203	-273.0308	25.690802	272.40573	82.21167	498.16223	-260.24908	272.40637	82.20948	514.1497	-304.3561	1556.5076	1326.6879	3720.5974	3.8830304	472.6426	2627.86	1079.1313	3784.9468	4.204692	776.04974	0.050570317	812000	-0.008824636
204	-273.25415	25.637606	272.63168	82.18567	498.16223	-260.24908	272.6323	82.18358	514.1497	-304.3561	1560.389	1327.0356	3720.5974	3.8830304	473.59256	2632.0159	1078.1106	3784.9468	4.204692	777.1475	0.050474156	816000	-0.008909274
205	-273.47464	25.591055	272.85498	82.15926	498.16223	-260.24908	272.85562	82.15703	514.1497	-304.3561	1564.9991	1328.9476	3720.5974	3.8830304	474.8118	2636.4429	1077.3351	3784.9468	4.204692	778.2346	0.050386835	820000	-0.008752688
206	-273.6952	25.525484	273.0779	82.13357	498.16223	-260.24908	273.07846	82.13145	514.1497	-304.3561	1569.5415	1330.7628	3720.5974	3.8830304	476.02542	2640.8242	1076.5463	3784.9468	4.204692	779.31116	0.050296303	824000	-0.008703798
207	-273.9145	25.472008	273.29974	82.10761	498.16223	-260.24908	273.30026	82.10541	514.1497	-304.3561	1574.0713	1332.5641	3720.5974	3.8830304	477.23343	2645.2344	1075.807	3784.9468	4.204692	780.3773	0.05020735	828000	-0.008664035
208	-274.1326	25.422945	273.52042	82.08152	498.16223	-260.24908	273.52094	82.07948	514.1497	-304.3561	1578.5859	1334.3477	3720.5974	3.8830304	478.43588	2649.4395	1074.9219	3784.9468	4.204692	781.43317	0.050118737	832000	-0.008722145
209	-274.34775	25.361681	273.738	82.055405	498.16223	-260.24908	273.7386	82.0533	514.1497	-304.3561	1582.1737	1335.895	3720.5974	3.8830304	479.3578	2648.454	1076.1951	3784.9468	4.204692	781.0962	0.05002925	836000	-0.008442453
210	-274.56268	25.307209	273.9555	82.02894	498.16223	-260.24908	273.95612	82.02681	514.1497	-304.3561	1584.9812	1335.8271	3720.5974	3.8830304	480.0	2652.779	1075.4487	3784.9468	4.204692	782.13855	0.049935084	840000	-0.008855757
211	-274.77762	25.254812	274.17282	82.00122	498.16223	-288.3168	274.17337	81.99909	514.1497	-304.3561	1589.4629	1337.5922	3720.5974	3.8830304	481.18585	2657.1467	1074.7701	3784.9468	4.204692	783.1711	0.049845427	844000	-0.00855996
212	-274.9929	25.205433	274.3906	81.974045	498.16223	-288.3168	274.3911	81.971985	514.1497	-304.3561	1592.938	1339.3649	3720.5974	3.8830304	482.0921	2660.0227	1073.6901	3784.9468	4.204692	783.867	0.04974802	848000	-0.008423393
213	-275.20712	25.14487	274.60718	81.947876	498.16223	-288.3168	274.60764	81.945755	514.1497	-304.3561	1597.3615	1341.0574	3720.5974	3.8830304	483.26715	2663.7844	1073.0214	3784.9468	4.204692	784.6615	0.049653985	852000	-0.008455811
214	-275.4203	25.090366	274.8229	81.92202	498.16223	-288.3168	274.82333	81.919846	514.1497	-304.3561	1600.9396	1341.8956	3720.5974	3.8830304	484.1629	2665.3613	1071.7246	3784.9468	4.204692	784.82007	0.04955891	856000	-0.008438002
215	-275.63153	25.040262	275.0365	81.89633	498.16223	-288.3168	275.03693	81.89405	514.1497	-304.3561	1603.6566	1342.134	3720.5974	3.8830304	484.78015	2669.2664	1070.7546	3784.9468	4.204692	785.8209	0.04946466	860000	-0.0084143
216	-275.8411	24.985815	275.24832	81.86956	498.16223	-288.3168	275.24878	81.86769	514.1497	-304.3561	1606.3472	1341.8822	3720.5974	3.8830304	485.39325	2672.5823	1069.8848	3784.9468	4.204692	786.59863	0.04937474	864000	-0.008433057
217	-276.04898	24.935823	275.45865	81.84261	498.16223	-288.3168	275.45917	81.84051	514.1497	-304.3561	1607.9867	1340.9442	3720.5974	3.8830304	485.7303	2676.5767	1069.03	3784.9468	4.204692	787.58203	0.04929065	868000	-0.00839454
218	-276.25412	24.887714	275.66632	81.81616	498.16223	-288.3168	275.6668	81.81379	514.1497	-304.3561	1609.889	1338.9916	3720.5974	3.8830304	486.06467	2680.574	1068.1997	3784.9468	4.204692	788.5564	0.049194187	872000	-0.008410563
219	-276.4595	24.837273	275.87396	81.78904	498.16223	-288.3168	275.87442	81.78683	514.1497	-304.3561	1613.5565	1339.4885	3720.5974	3.8830304	486.9372	2682.8494	1067.0309	3784.9468	4.204692	788.9516	0.0491159	876000	-0.008246135
220	-276.66348	24.788914	276.08032	81.76316	498.16223	-288.3168	276.08078	81.76102	514.1497	-304.3561	1617.8231	1341.0579	3720.5974	3.8830304	488.07544	2686.7676	1066.1812	3784.9468	4.204692	789.9109	0.049027115	880000	-0.008239157
221	-276.8663	24.742908	276.28552	81.737595	498.16223	-288.3168	276.28592	81.73554	514.1497	-304.3561	1621.1906	1341.8267	3720.5974	3.8830304	488.93805	2689.677	1065.1251	3784.9468	4.204692	790.5371	0.048946593	884000	-0.008136362
222	-277.0674	24.693806	276.48886	81.71135	498.16223	-288.3168	276.48926	81.70912	514.1497	-304.3561	1624.5751	1342.4293	3720.5974	3.8830304	489.79593	2693.5203	1064.2596	3784.9468	4.204692	791.45764	0.048858978	888000	-0.008157003
223	-277.2683	24.649696	276.69196	81.68542	498.16223	-288.3168	276.69235	81.683266	514.1497	-304.3561	1627.8705	1342.9232	3720.5974	3.8830304	490.64908	2697.3125	1063.3732	3784.9468	4.204692	792.3928	0.048777573	892000	-0.007995768
224	-277.46808	24.59761	276.89407	81.65981	498.16223	-288.3168	276.89447	81.657524	514.1497	-304.3561	1631.207	1343.5326	3720.5974	3.8830304	491.49753	2700.9229	1062.3662	3784.9468	4.204692	793.31964	0.048685905	896000	-0.008234865
225	-277.66547	24.54724	277.09378	81.63288	498.16223	-288.3168	277.09415	81.630775	514.1497	-304.3561	1634.5388	1344.583	3720.5974	3.8830304	492.34137	2704.188	1061.3881	3784.9468	4.204692	793.9836	0.04859191	900000	-0.0080583915
226	-277.8617	24.504072	277.29218	81.60643	498.16223	-288.3168	277.2926	81.6043	514.1497	-304.3561	1637.8873	1344.971	3720.5974	3.8830304	493.18057	2707.3933	1060.1282	3784.9468	4.204692	794.89514	0.048508644	904000	-0.007986127
227	-278.0569	24.457798	277.4896	81.579124	498.16223	-288.3168	277.49	81.576866	514.1497	-304.3561	1641.1472	1345.8937	3720.5974	3.8830304	494.01523	2704.915	1059.0154	3784.9468	4.204692	793.9185	0.048427023	908000	-0.007911586
228	-278.252	24.408743	277.6869	81.55072	498.16223	-288.3168	277.68732	81.54826	514.1497	-304.3561	1645.3173	1347.401	3720.5974	3.8830304	495.114	2708.5513	1058.11	3784.9468	4.204692	794.8224	0.04835032	912000	-0.008059867
229	-278.44492	24.364094	277.88193	81.524155	498.16223	-288.3168	277.8824	81.52194	514.1497	-304.3561	1648.4502	1347.8701	3720.5974	3.8830304	495.93936	2712.224	1057.2534	3784.9468	4.204692	795.7183	0.048275486	916000	-0.007838578
230	-278.63672	24.329645	278.07596	81.49663	498.16223	-288.3168	278.07635	81.494415	514.1497	-304.3561	1651.7806	1348.2343	3720.5974	3.8830304	496.76025	2711.7527	1055.8398	3784.9468	4.204692	795.29565	0.048194945	920000	-0.007714951
231	-278.82736	24.282831	278.2686	81.470764	498.16223	-288.3168	278.269	81.46859	514.1497	-304.3561	1655.1044	1348.4034	3720.5974	3.8830304	497.57675	2715.3215	1054.9417	3784.9468	4.204692	796.1818	0.04812181	924000	-0.0078085624
232	-279.01736	24.243155	278.46072	81.44497	498.16223	-288.3168	278.46112	81.442665	514.1497	-304.3561	1657.611	1348.6052	3720.5974	3.8830304	498.1213	2718.935	1054.0978	3784.9468	4.204692	797.06036	0.048043292	928000	-0.007810884
233	-279.20667	24.195826	278.65204	81.41938	498.16223	-288.3168	278.65247	81.41707	514.1497	-304.3561	1660.7267	1348.9963	3720.5974	3.8830304	498.92932	2722.5078	1053.2402	3784.9468	4.204692	797.93134	0.04796291	932000	-0.007858188
234	-279.39502	24.158234	278.84247	81.39305	498.16223	-288.3168	278.84283	81.3907	514.1497	-304.3561	1663.8759	1349.4154	3720.5974	3.8830304	499.73306	2726.0625	1052.389	3784.9468	4.204692	798.79486	0.04788773	936000	-0.0077714147
235	-279.5836	24.11904	279.03314	81.365234	498.16223	-288.3168	279.03354	81.36303	514.1497	-304.3561	1667.9185	1350.8126	3720.5974	3.8830304	500.79913	2729.559	1051.5093	3784.9468	4.204692	799.65106	0.04780874	940000	-0.0077275606
236	-279.77176	24.08138	279.22324	81.33782	498.16223	-288.3168	279.22363	81.33564	514.1497	-304.3561	1671.0079	1351.213	3720.5974	3.8830304	501.59406	2732.6313	1050.4194	3784.9468	4.204692	800.3174	0.04773398	944000	-0.007738823
237	-279.9596	24.037008	279.413	81.309875	498.16223	-288.3168	279.41342	81.30773	514.1497	-304.3561	1674.9891	1352.5391	3720.5974	3.8830304	502.65112	2736.1724	1049.6122	3784.9468	4.204692	801.1599	0.047655605	948000	-0.007777445
238	-280.14682	23.998634	279.60226	81.28188	498.16223	-288.3168	279.60272	81.2797	514.1497	-304.3561	1678.9642	1353.8618	3720.5974	3.8830304	503.7037	2734.8506	1048.9442	3784.9468	4.204692	800.5227	0.047581278	952000	-0.0076790336
239	-280.33237	23.95341	279.78986	81.25275	498.16223	-288.3168	279.7903	81.25061	514.1497	-304.3561	1681.2513	1354.3	3720.5974	3.8830304	504.21942	2732.4177	1048.4111	3784.9468	4.204692	799.618	0.047508247	956000	-0.0074287024
240	-280.51596	23.915295	279.97552	81.22326	498.16223	-288.3168	279.97598	81.22112	514.1497	-304.3561	1684.4282	1355.0201	3720.5974	3.8830304	504.99738	2735.7612	1047.501	3784.9468	4.204692	800.45294	0.04743709	960000	-0.0074159866
241	-280.69794	23.86798	280.15952	81.19382	498.16223	-288.3168	280.15997	81.19147	514.1497	-304.3561	1687.466	1355.6018	3720.5974	3.8830304	505.77124	2736.1543	1046.436	3784.9468	4.204692	800.31824	0.047367048	964000	-0.00753217
242	-280.87863	23.822136	280.34216	81.16487	498.16223	-288.3168	280.34262	81.16263	514.1497	-304.3561	1691.3071	1356.7753	3720.5974	3.8830304	506.80627	2739.3354	1045.4388	3784.9468	4.204692	801.1434	0.047285095	968000	-0.0075768447
243	-281.0581	23.780878	280.5235	81.13431	498.16223	-288.3168	280.52393	81.13185	514.1497	-304.3561	1694.288	1357.5906	3720.5974	3.8830304	507.5718	2742.6292	1044.5432	3784.9468	4.204692	801.96173	0.047208775	972000	-0.0073451907
244	-281.23944	23.737095	280.70673	81.102684	498.16223	-288.3168	280.7072	81.100365	514.1497	-304.3561	1698.1105	1358.7513	3720.5974	3.8830304	508.59824	2745.9587	1043.6919	3784.9468	4.204692	802.7734	0.0471364	976000	-0.0072357813
245	-281.41888	23.702497	280.88815	81.07138	498.16223	-288.3168	280.88864	81.06916	514.1497	-304.3561	1702.0128	1360.0266	3720.5974	3.8830304	509.6204	2749.2407	1042.8207	3784.9468	4.204692	803.57837	0.047072154	980000	-0.007354012
246	-281.5983	23.663952	281.06943	81.04063	498.16223	-288.3168	281.0699	81.03857	514.1497	-304.3561	1705.8457	1361.2113	3720.5974	3.8830304	510.6383	2752.5881	1042.0173	3784.9468	4.204692	804.37683	0.047010582	984000	-0.0072357426
247	-281.7767	23.626692	281.2498	81.01019	498.16223	-288.3168	281.25027	81.007805	514.1497	-304.3561	1707.723	1361.4023	3720.5974	3.8830304	511.12262	2754.605	1041.3588	3784.9468	4.204692	804.8336	0.04695026	988000	-0.007221484
248	-281.95358	23.590424	281.42844	80.9797	498.16223	-288.3168	281.429	80.977455	514.1497	-304.3561	1710.6152	1361.8651	3720.5974	3.8830304	511.86792	2757.8066	1040.4745	3784.9468	4.204692	805.62054	0.04689766	992000	-0.0070859627
249	-282.12955	23.557913	281.60635	80.94861	498.16223	-288.3168	281.60687	80.946365	514.1497	-304.3561	1714.3872	1362.9937	3720.5974	3.8830304	512.87335	2760.677	1039.3668	3784.9468	4.204692	806.4012	0.046849176	996000	-0.0068895896
250	-282.30356	23.53038	281.78223	80.91666	519.4735	-288.3168	281.7828	80.914474	524.9813	-304.3561	1718.1301	1364.0879	3720.5974	3.8830304	513.87463	2763.7732	1038.4359	3784.9468	4.204692	807.1756	0.046788774	1000000	-0.007219458
