epoch	pi-loss	v-loss	average-v-values	std-v-values	max-v-values	min-v-values	kl	average-episode-return	std-episode-return	max-episode-return	min-episode-return	episode-length	total-env-interacts
1	-0.057604827	720.82874	-4.4658027	0.79315835	0.28897744	-5.5447288	0.0039795265	-285.89465	94.118164	-158.00844	-403.6381	1000.0	4000
2	-0.06009549	522.1534	-6.54845	2.1812239	0.28897744	-8.865568	0.004004388	-252.349	80.97582	-158.00844	-403.6381	1000.0	8000
3	-0.060057864	486.3434	-8.256468	3.0039592	0.28897744	-11.756195	0.0040021557	-257.8327	66.81361	-158.00844	-403.6381	1000.0	12000
4	-0.06076943	428.91986	-9.230844	3.2884421	11.667371	-12.817763	0.0040811105	-236.99127	69.958466	-126.86426	-403.6381	1000.0	16000
5	-0.061329972	391.81967	-10.39669	3.8009021	11.667371	-15.29355	0.004111466	-243.36748	70.08197	-126.86426	-403.6381	1000.0	20000
6	-0.06152539	349.7311	-11.345013	4.0837355	11.667371	-16.322021	0.004102633	-239.4776	68.09524	-126.86426	-403.6381	1000.0	24000
7	-0.06198885	324.2178	-11.836908	4.1209903	11.667371	-16.517506	0.004187316	-230.59944	68.39183	-126.86426	-403.6381	1000.0	28000
8	-0.061077267	296.39444	-12.076379	4.0974736	15.562978	-16.517506	0.004151938	-221.45006	68.813034	-120.8972	-403.6381	1000.0	32000
9	-0.061205097	279.65002	-12.462336	4.107479	15.562978	-17.522135	0.004156301	-218.85246	68.17723	-119.107956	-403.6381	1000.0	36000
10	-0.061958097	267.88422	-13.063889	4.3384	15.562978	-19.369732	0.0042383363	-221.59492	66.12373	-119.107956	-403.6381	1000.0	40000
11	-0.06193743	260.66794	-13.372754	4.512773	15.562978	-20.600708	0.0042769792	-220.23091	68.979164	-55.57303	-403.6381	1000.0	44000
12	-0.062202673	248.41748	-13.662812	4.763533	15.562978	-21.943672	0.0042934185	-218.66992	71.1941	-55.57303	-403.6381	1000.0	48000
13	-0.062315628	237.10153	-13.341159	5.001073	15.562978	-21.947712	0.0042778035	-208.9997	77.44358	-35.597507	-403.6381	1000.0	52000
14	-0.06283569	226.80635	-12.974096	5.3554816	15.562978	-22.27503	0.004314052	-201.09702	82.56671	-15.015557	-403.6381	1000.0	56000
15	-0.06293102	223.62698	-13.0826845	5.447538	15.562978	-23.237211	0.004299372	-199.25319	82.48339	-15.015557	-403.6381	1000.0	60000
16	-0.06338975	217.03949	-13.3343	5.816873	15.562978	-24.90643	0.004331861	-199.64098	84.139046	-15.015557	-403.6381	1000.0	64000
17	-0.06350565	210.31871	-13.131399	6.1368585	15.562978	-25.336786	0.004349955	-195.08661	84.767815	-15.015557	-403.6381	1000.0	68000
18	-0.06406605	205.18593	-12.931177	6.4688563	15.562978	-25.904486	0.0043831076	-190.21268	89.67679	46.572952	-403.6381	1000.0	72000
19	-0.06419847	203.60722	-13.082757	6.7798524	15.837027	-27.141542	0.004374796	-189.6917	91.12073	46.572952	-403.6381	1000.0	76000
20	-0.06429038	201.01208	-12.832011	7.008237	15.837027	-27.26068	0.004381097	-184.68784	92.80938	46.572952	-403.6381	1000.0	80000
21	-0.06444713	199.95847	-12.827519	7.0466156	15.837027	-27.496176	0.0043801465	-182.55997	95.13953	46.572952	-403.6381	1000.0	84000
22	-0.06486688	194.5486	-12.378984	7.3233876	15.837027	-27.496176	0.0044021835	-175.36522	100.20441	46.572952	-403.6381	1000.0	88000
23	-0.06501398	189.19943	-12.006916	7.398452	15.837027	-27.496176	0.004414439	-169.70767	101.74501	46.572952	-403.6381	1000.0	92000
24	-0.06517201	183.38704	-11.562698	7.5659413	15.837027	-27.496176	0.0044310368	-163.36086	104.21999	46.572952	-403.6381	1000.0	96000
25	-0.06541536	181.93106	-11.323028	7.893907	15.837027	-28.219069	0.004421235	-159.4719	107.672676	81.30221	-403.6381	1000.0	100000
26	-0.065588266	176.93806	-10.757761	8.302384	15.892361	-28.219069	0.0044273357	-151.50351	112.927155	81.30221	-403.6381	1000.0	104000
27	-0.065702565	173.62166	-10.3449955	8.43851	15.892361	-28.219069	0.0044256053	-145.63216	115.00377	81.30221	-403.6381	1000.0	108000
28	-0.0659218	169.89629	-9.83516	8.719599	15.892361	-28.219069	0.0044282284	-139.14037	117.95072	81.30221	-403.6381	1000.0	112000
29	-0.065978415	168.12015	-9.485533	8.801645	17.163727	-28.219069	0.004438047	-134.20177	119.031334	81.30221	-403.6381	1000.0	116000
30	-0.06610218	164.27536	-9.073233	8.952315	17.163727	-28.219069	0.0044315117	-128.8821	120.74456	81.938995	-403.6381	1000.0	120000
31	-0.06621226	164.23589	-8.935408	9.120506	21.10444	-29.531725	0.0044272137	-126.95385	122.119896	100.07063	-403.6381	1000.0	124000
32	-0.06653006	162.90768	-8.630359	9.586717	24.728262	-30.246767	0.004437424	-122.959305	125.06464	140.08908	-403.6381	1000.0	128000
33	-0.06683322	159.72606	-8.059924	9.994809	25.177588	-30.246767	0.0044437703	-115.916435	129.53648	140.08908	-403.6381	1000.0	132000
34	-0.06722125	157.4608	-7.523989	10.33668	26.986826	-30.246767	0.004451415	-109.20329	134.03003	248.36203	-403.6381	1000.0	136000
35	-0.06763645	155.47675	-6.9095936	10.880154	27.419373	-30.246767	0.004467008	-101.202446	140.38593	248.36203	-403.6381	1000.0	140000
36	-0.06780309	155.2924	-6.3707857	11.217029	27.545074	-30.246767	0.004478931	-94.62181	144.09024	248.36203	-403.6381	1000.0	144000
37	-0.06800309	154.43686	-5.927485	11.40238	27.545074	-30.246767	0.004486296	-89.20617	145.99472	248.36203	-403.6381	1000.0	148000
38	-0.06819242	155.39005	-5.40081	11.743902	27.545074	-30.246767	0.0045071975	-83.12837	149.01443	248.36203	-403.6381	1000.0	152000
39	-0.068478875	154.66312	-5.1010194	11.900954	27.545074	-30.31871	0.004513296	-79.31493	150.3467	248.36203	-403.6381	1000.0	156000
40	-0.06876054	153.3003	-4.4207764	12.503604	28.948654	-30.31871	0.0045259343	-71.46641	156.35909	260.25143	-403.6381	1000.0	160000
41	-0.06892715	154.52632	-4.056798	12.790152	28.948654	-31.176722	0.004537571	-66.98138	158.16226	302.78445	-403.6381	1000.0	164000
42	-0.06898006	155.50261	-3.4221804	13.297136	30.654987	-31.176722	0.0045414814	-59.542694	163.39915	302.78445	-403.6381	1000.0	168000
43	-0.06913358	155.5811	-2.9038308	13.592413	30.654987	-31.176722	0.0045509683	-53.348724	166.42128	302.78445	-403.6381	1000.0	172000
44	-0.06940185	156.47774	-2.342836	14.197903	32.680004	-33.477234	0.004561142	-46.405544	171.94586	370.66605	-403.6381	1000.0	176000
45	-0.0697107	156.39119	-1.8818934	14.560246	32.680004	-33.477234	0.004581484	-40.67195	174.72662	370.66605	-403.6381	1000.0	180000
46	-0.069986805	157.36855	-1.9036301	14.923509	33.201622	-34.134045	0.004594959	-40.338593	176.87962	370.66605	-403.6381	1000.0	184000
47	-0.070185915	157.1854	-1.2629131	15.400972	33.645664	-34.134045	0.0046148547	-32.728706	182.50613	370.66605	-403.6381	1000.0	188000
48	-0.07026625	156.98772	-0.6103188	15.891967	34.17641	-34.134045	0.004633651	-25.335978	187.69046	370.66605	-403.6381	1000.0	192000
49	-0.07044563	158.42569	0.027257891	16.366943	35.247093	-34.828003	0.0046468135	-17.702345	193.18422	394.33432	-403.6381	1000.0	196000
50	-0.070589595	160.7989	0.5349192	16.837812	37.061928	-37.537586	0.004660778	-11.504072	197.37975	404.9175	-403.6381	1000.0	200000
51	-0.07074149	164.25873	1.1578792	17.288477	38.00361	-37.537586	0.004685072	-4.146027	203.03229	540.49976	-403.6381	1000.0	204000
52	-0.0709768	165.73712	1.7881547	17.881943	41.493214	-37.537586	0.004705548	3.678082	208.79869	540.49976	-403.6381	1000.0	208000
53	-0.071114086	167.58995	2.3361118	18.25072	41.493214	-37.537586	0.004716997	10.175139	212.76674	540.49976	-403.6381	1000.0	212000
54	-0.07139116	167.61534	2.9235973	18.59359	41.493214	-37.537586	0.004733821	16.996155	216.6763	540.49976	-403.6381	1000.0	216000
55	-0.07146981	168.3114	3.551569	19.0015	41.493214	-37.537586	0.0047575296	24.321148	221.42976	540.49976	-403.6381	1000.0	220000
56	-0.07165488	168.90271	3.822679	19.22507	41.493214	-37.537586	0.004777392	27.656097	223.35461	540.49976	-403.6381	1000.0	224000
57	-0.07178448	170.75728	4.403554	19.555037	41.936913	-37.537586	0.0047940025	34.31423	227.05734	540.49976	-403.6381	1000.0	228000
58	-0.07194241	172.1665	4.9849343	19.88773	42.87663	-37.537586	0.0048161056	41.240803	231.21805	540.49976	-403.6381	1000.0	232000
59	-0.072064996	173.20262	5.5587955	20.205652	43.369278	-37.537586	0.0048359022	47.962696	234.96735	540.49976	-403.6381	1000.0	236000
60	-0.07225303	175.6944	6.0273895	20.383818	43.369278	-37.537586	0.004860558	53.12983	236.67755	540.49976	-403.6381	1000.0	240000
61	-0.07253891	176.43709	6.618717	20.734282	44.742367	-37.537586	0.0048873248	59.902775	240.55818	540.49976	-403.6381	1000.0	244000
62	-0.07257966	177.75787	7.2975993	21.242477	50.021854	-37.537586	0.0049038804	67.70946	246.37799	623.2384	-403.6381	1000.0	248000
63	-0.072623916	186.17555	7.746048	21.678896	51.185745	-49.351913	0.004915333	72.55323	251.03761	638.83374	-403.6381	1000.0	252000
64	-0.0729568	186.75177	8.310029	21.97822	51.185745	-49.351913	0.004941238	78.83626	254.08078	638.83374	-403.6381	1000.0	256000
65	-0.07311113	190.51656	8.875391	22.292643	51.253086	-49.351913	0.0049637454	85.229095	257.44748	638.83374	-403.6381	1000.0	260000
66	-0.07323505	192.31903	9.258347	22.638569	51.96403	-49.351913	0.00497792	89.99392	258.70355	638.83374	-403.6381	1000.0	264000
67	-0.07326123	193.88417	9.963074	23.188364	57.074966	-49.351913	0.0049940813	98.23462	265.3716	667.06647	-403.6381	1000.0	268000
68	-0.07334706	197.25203	10.609766	23.627928	57.074966	-49.351913	0.0050260234	105.65635	270.53546	721.4684	-403.6381	1000.0	272000
69	-0.07344691	198.91704	11.253462	24.05606	57.866333	-49.351913	0.005047881	112.874344	275.1499	721.4684	-403.6381	1000.0	276000
70	-0.073497556	202.93929	11.854186	24.411037	58.764214	-49.351913	0.005070584	119.74908	279.2472	721.4684	-403.6381	1000.0	280000
71	-0.07356375	205.1201	12.49934	24.838371	60.53459	-49.351913	0.0050892085	126.950645	283.79507	721.4684	-403.6381	1000.0	284000
72	-0.073608235	208.04681	13.120649	25.222538	61.528744	-49.351913	0.0051094345	133.93831	288.0326	739.5524	-403.6381	1000.0	288000
73	-0.07361749	210.2924	13.751853	25.622925	62.771263	-49.351913	0.0051357597	140.92725	292.2561	755.9971	-403.6381	1000.0	292000
74	-0.07366798	211.41939	14.370442	25.99572	62.89104	-49.351913	0.0051506385	147.68877	295.99854	755.9971	-403.6381	1000.0	296000
75	-0.07367535	214.4925	14.93478	26.294212	62.99818	-49.351913	0.00516694	153.99377	299.0264	755.9971	-403.6381	1000.0	300000
76	-0.073838055	217.89705	15.375796	26.563757	64.23226	-49.351913	0.005185634	159.20668	301.8161	816.07367	-403.6381	1000.0	304000
77	-0.07388733	218.45016	15.969714	26.897732	64.699005	-49.351913	0.0052095638	165.84142	305.40582	816.07367	-403.6381	1000.0	308000
78	-0.07389082	221.19102	16.5465	27.207054	65.8313	-49.351913	0.0052318606	172.16035	308.55835	816.07367	-403.6381	1000.0	312000
79	-0.07397312	222.78308	16.942953	27.463024	66.38994	-49.351913	0.005249253	176.79953	310.3077	816.07367	-403.6381	1000.0	316000
80	-0.07401089	226.00359	17.609339	27.930231	72.065956	-49.351913	0.005270239	184.56677	316.07578	870.1308	-403.6381	1000.0	320000
81	-0.074087314	227.66705	17.925255	28.180012	72.065956	-49.351913	0.005289979	188.38214	317.8539	870.1308	-403.6381	1000.0	324000
82	-0.07417195	229.22375	18.303303	28.616077	73.555534	-49.351913	0.0053085145	192.90286	322.38217	870.1308	-403.6381	1000.0	328000
83	-0.074243315	233.19183	18.787886	28.800514	73.555534	-49.351913	0.0053260443	198.27113	324.55682	870.1308	-403.6381	1000.0	332000
84	-0.07445246	235.98376	19.073809	29.08141	73.555534	-49.351913	0.005345378	201.77156	326.7406	870.1308	-403.6381	1000.0	336000
85	-0.07457842	237.94948	19.659908	29.411116	73.555534	-49.351913	0.0053713378	208.22855	330.2149	870.1308	-403.6381	1000.0	340000
86	-0.0746195	241.36365	20.11917	29.568172	73.555534	-49.351913	0.0053887926	213.36134	331.7296	870.1308	-403.6381	1000.0	344000
87	-0.07471964	243.14516	20.562042	29.69584	73.555534	-49.351913	0.0054053115	218.12195	332.85538	870.1308	-403.6381	1000.0	348000
88	-0.07481488	245.36563	21.08635	29.938568	73.555534	-49.351913	0.005422648	223.91553	335.44284	870.1308	-403.6381	1000.0	352000
89	-0.07490774	248.06816	21.591984	30.15601	73.88808	-49.351913	0.0054392186	229.54358	337.73553	870.1308	-403.6381	1000.0	356000
90	-0.07500083	248.77995	21.826626	30.381145	74.11931	-49.351913	0.0054550986	232.4026	339.78296	870.1308	-403.6381	1000.0	360000
91	-0.07502404	250.19261	22.296417	30.5472	74.11931	-49.351913	0.005474546	237.5929	341.49265	870.1308	-403.6381	1000.0	364000
92	-0.07517131	252.60448	22.831242	30.811779	75.7484	-49.351913	0.0054941373	243.5162	344.46375	895.0442	-403.6381	1000.0	368000
93	-0.075193934	254.636	23.305796	30.989664	75.7484	-49.351913	0.0055149235	248.79501	346.4365	895.0442	-403.6381	1000.0	372000
94	-0.0752843	256.6042	23.6943	31.16269	75.7484	-49.351913	0.005530477	253.2628	347.44556	895.0442	-403.6381	1000.0	376000
95	-0.07536977	259.76385	24.203907	31.399746	78.193665	-49.351913	0.005551454	259.14136	350.38113	897.6579	-403.6381	1000.0	380000
96	-0.07545216	262.74173	24.611355	31.506628	78.193665	-49.351913	0.0055687143	263.82312	351.5334	897.6579	-403.6381	1000.0	384000
97	-0.07565073	266.85068	25.007528	31.606049	78.193665	-49.351913	0.005584876	268.1083	352.31918	897.6579	-403.6381	1000.0	388000
98	-0.07576712	270.8393	25.402306	31.705675	78.193665	-49.351913	0.005606148	272.61182	353.43835	897.6579	-403.6381	1000.0	392000
99	-0.07573436	273.34592	25.875223	31.899279	79.698906	-49.351913	0.0056219567	277.95795	355.668	897.6579	-403.6381	1000.0	396000
100	-0.07579729	276.49445	26.365963	32.122944	81.85962	-49.351913	0.0056394907	283.38937	358.00333	897.6579	-403.6381	1000.0	400000
101	-0.0758615	278.3916	26.768927	32.227463	81.85962	-49.351913	0.005656201	287.81586	359.0819	897.6579	-403.6381	1000.0	404000
102	-0.075941555	281.01797	27.17831	32.344555	81.85962	-49.351913	0.0056755287	292.38602	360.3106	897.6579	-403.6381	1000.0	408000
103	-0.07606161	282.7041	27.630608	32.51422	82.32926	-49.351913	0.0056960443	297.6544	362.50623	905.9938	-403.6381	1000.0	412000
104	-0.07616133	285.22424	27.929255	32.746807	84.92017	-49.625854	0.005715479	301.2873	364.25848	928.4436	-403.6381	1000.0	416000
105	-0.07617683	288.8047	28.334276	32.866367	84.92017	-49.625854	0.0057318476	305.87772	365.5849	928.4436	-403.6381	1000.0	420000
106	-0.076202236	291.92767	28.884094	33.195873	89.245	-49.625854	0.0057471553	311.92715	369.2221	1048.5455	-403.6381	1000.0	424000
107	-0.076276734	294.0463	29.264128	33.35197	89.245	-49.625854	0.0057638427	316.10648	370.3966	1048.5455	-403.6381	1000.0	428000
108	-0.0763444	295.6207	29.71134	33.523754	89.245	-49.625854	0.0057769786	320.91855	372.0704	1048.5455	-403.6381	1000.0	432000
109	-0.076415986	297.443	29.953642	33.635395	89.245	-49.625854	0.0057897917	323.51764	372.3761	1048.5455	-403.6381	1000.0	436000
110	-0.076490365	299.69772	30.306498	33.754642	89.245	-49.625854	0.005804182	327.33798	372.9423	1048.5455	-403.6381	1000.0	440000
111	-0.07653519	303.54855	30.726643	33.903385	89.245	-49.625854	0.005819665	331.9874	374.5758	1048.5455	-403.6381	1000.0	444000
112	-0.07661966	306.78076	31.180122	34.098827	89.245	-49.625854	0.0058356794	337.06516	376.736	1048.5455	-403.6381	1000.0	448000
113	-0.07665273	309.00256	31.548172	34.185234	89.245	-49.625854	0.0058508753	340.96878	377.368	1048.5455	-403.6381	1000.0	452000
114	-0.076645374	312.23245	32.00428	34.386784	89.69269	-49.625854	0.005867706	346.07532	379.79272	1106.6595	-403.6381	1000.0	456000
115	-0.07668134	315.83655	32.376186	34.493057	89.69269	-49.625854	0.0058791013	350.23828	380.75092	1106.6595	-403.6381	1000.0	460000
116	-0.07677907	317.6471	32.491444	34.584167	89.69269	-49.901485	0.0058922907	351.45312	381.03934	1106.6595	-403.6381	1000.0	464000
117	-0.07685335	318.97144	32.758133	34.56644	89.69269	-49.901485	0.0059063756	354.30414	380.746	1106.6595	-403.6381	1000.0	468000
118	-0.076943755	320.72552	33.111324	34.638824	89.69269	-49.901485	0.0059239613	358.08386	381.36304	1106.6595	-403.6381	1000.0	472000
119	-0.077065796	324.035	33.3473	34.73783	89.69269	-49.901485	0.0059381584	360.85727	381.54376	1106.6595	-403.6381	1000.0	476000
120	-0.07712439	324.99045	33.46783	34.803444	89.69269	-49.901485	0.005950859	362.34952	381.92734	1106.6595	-403.6381	1000.0	480000
121	-0.077222355	326.98773	33.816685	34.87728	89.69269	-49.901485	0.0059651127	366.18002	382.6631	1106.6595	-403.6381	1000.0	484000
122	-0.07728434	329.08453	34.137856	34.9248	89.69269	-49.901485	0.0059813736	369.56454	383.01184	1106.6595	-403.6381	1000.0	488000
123	-0.07737457	331.0315	34.395573	35.010147	89.72924	-49.901485	0.005994477	372.62817	383.35233	1106.6595	-403.6381	1000.0	492000
124	-0.07744267	332.97025	34.763847	35.11514	90.208046	-49.901485	0.0060076616	376.68396	384.48422	1106.6595	-403.6381	1000.0	496000
125	-0.07749588	334.92178	35.05681	35.137	90.208046	-49.901485	0.006021882	379.7193	384.49252	1106.6595	-403.6381	1000.0	500000
126	-0.0775336	335.9241	35.19024	35.289474	90.267395	-51.734573	0.0060317307	381.29227	385.79285	1106.6595	-403.6381	1000.0	504000
127	-0.07760042	337.4244	35.497692	35.405758	91.04585	-51.734573	0.0060424786	384.86652	386.73163	1106.6595	-403.6381	1000.0	508000
128	-0.07758062	339.232	35.832787	35.476685	91.04585	-51.734573	0.006056577	388.64984	387.6312	1106.6595	-403.6381	1000.0	512000
129	-0.07765627	340.75403	35.97203	35.572536	91.04585	-51.734573	0.0060704625	390.31714	388.3491	1106.6595	-403.6381	1000.0	516000
130	-0.077711836	341.65247	36.30402	35.640324	91.04585	-51.734573	0.0060823583	393.8432	388.9421	1106.6595	-403.6381	1000.0	520000
131	-0.077747926	343.888	36.639076	35.717518	91.04585	-51.734573	0.006095634	397.72668	390.20737	1106.6595	-403.6381	1000.0	524000
132	-0.077800736	345.2263	36.948536	35.765923	91.04585	-51.734573	0.006108136	401.10706	390.74408	1106.6595	-403.6381	1000.0	528000
133	-0.07783907	345.84128	37.2663	35.821293	91.04585	-51.734573	0.006121908	404.57343	391.31683	1106.6595	-403.6381	1000.0	532000
134	-0.077894226	348.28207	37.569447	35.887287	92.49595	-51.734573	0.0061340714	407.91925	391.79904	1106.6595	-403.6381	1000.0	536000
135	-0.07795464	349.5661	37.875526	35.937912	92.49595	-51.734573	0.00614635	411.18732	392.24005	1106.6595	-403.6381	1000.0	540000
136	-0.077983364	351.16504	38.244347	36.06759	94.47678	-51.734573	0.006159204	415.3151	393.75558	1106.6595	-403.6381	1000.0	544000
137	-0.07799387	353.1533	38.57297	36.14998	94.66027	-51.734573	0.006170286	418.87494	394.58722	1106.6595	-403.6381	1000.0	548000
138	-0.078023754	354.51505	38.783978	36.193478	94.66027	-51.734573	0.006179438	421.20776	394.54385	1106.6595	-403.6381	1000.0	552000
139	-0.07816014	356.86325	38.75251	36.38344	94.66027	-75.590294	0.0061871274	420.78802	396.8441	1106.6595	-736.9899	1000.0	556000
140	-0.07827523	359.4629	39.02817	36.41436	94.66027	-75.590294	0.0061974996	423.83572	397.26074	1106.6595	-736.9899	1000.0	560000
141	-0.07834064	360.8237	39.339035	36.47694	94.96464	-75.590294	0.00620726	427.15524	397.8124	1106.6595	-736.9899	1000.0	564000
142	-0.078389235	361.98172	39.631382	36.523262	95.25252	-75.590294	0.0062209703	430.37402	398.28964	1106.6595	-736.9899	1000.0	568000
143	-0.0784095	363.8226	39.892475	36.538857	95.25252	-75.590294	0.0062334826	433.30917	398.43317	1106.6595	-736.9899	1000.0	572000
144	-0.07847147	364.9374	40.17505	36.57406	95.25252	-75.590294	0.0062451386	436.35254	398.7198	1106.6595	-736.9899	1000.0	576000
145	-0.078523465	367.46194	40.443718	36.60172	95.320244	-75.590294	0.006254036	439.333	399.0024	1106.6595	-736.9899	1000.0	580000
146	-0.07859434	368.58807	40.60081	36.686462	96.109535	-75.590294	0.006262976	441.11093	399.30356	1106.6595	-736.9899	1000.0	584000
147	-0.07867491	369.91928	40.775917	36.790493	96.95673	-75.590294	0.0062746564	443.09164	399.93942	1106.6595	-736.9899	1000.0	588000
148	-0.07869813	371.52588	41.095337	36.874233	97.838104	-75.590294	0.006285037	446.68295	401.0003	1106.6595	-736.9899	1000.0	592000
149	-0.078754306	372.7338	41.41372	36.95832	98.42188	-75.590294	0.0062944167	450.12866	401.88965	1106.6595	-736.9899	1000.0	596000
150	-0.07873275	373.88718	41.748455	37.06353	99.2457	-75.590294	0.006304869	453.76892	403.0401	1106.6595	-736.9899	1000.0	600000
151	-0.07872704	375.44434	42.00799	37.081898	99.2457	-75.590294	0.006314153	456.58228	403.29034	1106.6595	-736.9899	1000.0	604000
152	-0.078746594	376.32422	42.3351	37.179607	99.2457	-75.590294	0.0063257576	460.2276	404.455	1106.6595	-736.9899	1000.0	608000
153	-0.07874159	377.902	42.566845	37.17452	99.2457	-75.590294	0.006336967	462.5646	404.19257	1106.6595	-736.9899	1000.0	612000
154	-0.07876557	380.25134	42.888252	37.271786	99.2457	-75.590294	0.0063459473	466.09436	405.30933	1110.827	-736.9899	1000.0	616000
155	-0.078770675	382.07224	43.194035	37.352608	99.2457	-75.590294	0.006359215	469.46255	406.23553	1146.3728	-736.9899	1000.0	620000
156	-0.0787771	383.49356	43.291023	37.49634	99.2457	-75.590294	0.00636261	470.57327	407.64084	1146.3728	-736.9899	1000.0	624000
157	-0.07892873	384.85944	43.510708	37.48468	99.2457	-75.590294	0.00637354	472.93024	407.4417	1146.3728	-736.9899	1000.0	628000
158	-0.07893305	387.32623	43.811375	37.561874	100.001495	-75.590294	0.0063833664	476.4029	408.60666	1153.1598	-736.9899	1000.0	632000
159	-0.078985915	387.87772	43.919502	37.6475	100.001495	-75.590294	0.00639214	477.69104	409.32623	1153.1598	-736.9899	1000.0	636000
160	-0.079001606	388.93317	44.144794	37.643673	100.001495	-75.590294	0.0064018653	480.14502	409.23718	1153.1598	-736.9899	1000.0	640000
161	-0.078982726	390.57193	44.462173	37.743416	101.08457	-75.590294	0.006412845	483.6119	410.35083	1153.1598	-736.9899	1000.0	644000
162	-0.07899463	392.67197	44.722916	37.778976	101.08457	-75.590294	0.0064208237	486.48206	410.81097	1153.1598	-736.9899	1000.0	648000
163	-0.078986295	393.35574	44.901947	37.840294	101.08457	-75.590294	0.0064298264	488.5836	411.05298	1153.1598	-736.9899	1000.0	652000
164	-0.07901141	394.2046	45.119305	37.83191	101.08457	-75.590294	0.0064381254	490.86157	410.87695	1153.1598	-736.9899	1000.0	656000
165	-0.07902602	395.13385	45.39906	37.890663	101.08457	-75.590294	0.0064490526	493.80527	411.42044	1153.1598	-736.9899	1000.0	660000
166	-0.079029694	396.9496	45.641663	37.912724	101.08457	-75.590294	0.0064587817	496.4659	411.64252	1153.1598	-736.9899	1000.0	664000
167	-0.07905871	397.65414	45.786808	37.987507	101.08457	-75.590294	0.006468199	498.17828	411.74878	1153.1598	-736.9899	1000.0	668000
168	-0.07911082	398.89835	46.046124	38.02878	101.08457	-75.590294	0.006477607	501.02966	412.2006	1153.1598	-736.9899	1000.0	672000
169	-0.0791146	400.326	46.273144	38.036686	101.08457	-75.590294	0.006486706	503.53967	412.30035	1153.1598	-736.9899	1000.0	676000
170	-0.079113334	401.81104	46.580547	38.137688	102.29326	-75.590294	0.006497463	506.96857	413.60547	1232.7749	-736.9899	1000.0	680000
171	-0.079120405	403.61038	46.80309	38.15118	102.29326	-75.590294	0.0065045296	509.458	413.7091	1232.7749	-736.9899	1000.0	684000
172	-0.0791636	404.60382	47.060577	38.19258	102.29326	-75.590294	0.006510467	512.3195	414.21112	1232.7749	-736.9899	1000.0	688000
173	-0.07915587	405.69473	47.326084	38.244484	102.29326	-75.590294	0.0065217777	515.2835	414.84402	1232.7749	-736.9899	1000.0	692000
174	-0.07915734	406.71487	47.54918	38.25214	102.29326	-75.590294	0.0065320875	517.72327	414.94623	1232.7749	-736.9899	1000.0	696000
175	-0.07918695	408.1124	47.77989	38.268448	102.29326	-75.590294	0.006542834	520.3175	415.18668	1232.7749	-736.9899	1000.0	700000
176	-0.07921832	409.59348	47.83999	38.362007	102.29326	-75.590294	0.0065499097	521.1804	415.9312	1232.7749	-736.9899	1000.0	704000
177	-0.07928776	410.28568	48.085796	38.43348	102.61432	-75.590294	0.006558903	523.83386	416.26242	1232.7749	-736.9899	1000.0	708000
178	-0.07930144	411.3631	48.222122	38.50403	102.61432	-75.590294	0.006567784	525.38477	416.49448	1232.7749	-736.9899	1000.0	712000
179	-0.07931065	413.35397	48.48237	38.55762	103.43854	-75.590294	0.00657665	528.299	417.21774	1232.7749	-736.9899	1000.0	716000
180	-0.07934128	415.4929	48.76008	38.63539	105.11313	-75.590294	0.006587226	531.3844	418.16226	1232.7749	-736.9899	1000.0	720000
181	-0.07937655	416.22623	48.993668	38.660706	105.11313	-75.590294	0.006597136	533.93585	418.4476	1232.7749	-736.9899	1000.0	724000
182	-0.0793852	418.05176	49.22395	38.68552	105.11313	-75.590294	0.0066069523	536.53015	418.76932	1232.7749	-736.9899	1000.0	728000
183	-0.07940088	419.36304	49.453476	38.71031	105.11313	-75.590294	0.0066170134	539.0569	419.06192	1232.7749	-736.9899	1000.0	732000
184	-0.07942683	420.66913	49.713947	38.770832	106.14792	-75.590294	0.0066255643	541.8891	419.67535	1232.7749	-736.9899	1000.0	736000
185	-0.07943796	421.96536	49.818287	38.874546	106.335884	-75.590294	0.0066308724	543.07886	420.24734	1232.7749	-736.9899	1000.0	740000
186	-0.07941781	423.1105	50.06861	38.92448	106.335884	-75.590294	0.006640033	545.79425	420.77927	1232.7749	-736.9899	1000.0	744000
187	-0.079412274	424.47076	50.32597	38.98602	107.4522	-75.590294	0.0066476734	548.67035	421.50726	1232.7749	-736.9899	1000.0	748000
188	-0.07942963	425.17047	50.544415	39.031086	107.4522	-75.590294	0.00665546	551.1895	421.83786	1232.7749	-736.9899	1000.0	752000
189	-0.07949186	426.25952	50.590668	39.14816	107.4522	-75.590294	0.0066621	551.7319	422.9702	1232.7749	-736.9899	1000.0	756000
190	-0.079538874	428.89716	50.65024	39.24983	107.4522	-75.590294	0.0066703213	552.5033	423.91122	1232.7749	-736.9899	1000.0	760000
191	-0.079563	429.6043	50.710922	39.3545	107.48622	-75.590294	0.006677381	553.3019	424.99088	1232.7749	-736.9899	1000.0	764000
192	-0.07958963	430.62903	50.76074	39.479927	107.48622	-75.590294	0.006685587	553.91	426.41153	1232.7749	-736.9899	1000.0	768000
193	-0.0796154	433.58386	50.959724	39.488728	107.48622	-75.590294	0.0066943755	556.10913	426.44626	1232.7749	-736.9899	1000.0	772000
194	-0.07968268	434.75885	51.192596	39.525917	107.48622	-75.590294	0.0067043933	558.6714	426.84863	1232.7749	-736.9899	1000.0	776000
195	-0.07977912	435.252	51.20329	39.62285	107.48622	-75.590294	0.0067124353	558.91425	426.90497	1232.7749	-736.9899	1000.0	780000
196	-0.07984239	436.3313	51.382298	39.606422	107.48622	-75.590294	0.006720619	560.7763	426.62863	1232.7749	-736.9899	1000.0	784000
197	-0.07985459	438.43076	51.609486	39.642147	108.0689	-75.590294	0.006728482	563.11566	426.84064	1232.7749	-736.9899	1000.0	788000
198	-0.07985127	440.05508	51.816948	39.65614	108.38515	-75.590294	0.006738536	565.4268	427.03354	1232.7749	-736.9899	1000.0	792000
199	-0.07982138	440.66833	52.071472	39.72002	109.33632	-75.590294	0.0067475927	568.26184	427.82712	1232.7749	-736.9899	1000.0	796000
200	-0.079813235	442.1911	52.31213	39.76926	109.33632	-75.590294	0.006756253	570.93097	428.4695	1232.7749	-736.9899	1000.0	800000
201	-0.079793386	443.03265	52.488457	39.752567	109.33632	-75.590294	0.0067617693	572.8785	428.36368	1232.7749	-736.9899	1000.0	804000
202	-0.07980395	443.8064	52.701588	39.772636	109.33632	-75.590294	0.0067704497	575.1524	428.57074	1232.7749	-736.9899	1000.0	808000
203	-0.079781406	444.58154	52.93543	39.815804	109.33632	-75.590294	0.0067788586	577.73486	429.12546	1232.7749	-736.9899	1000.0	812000
204	-0.07981154	446.67096	53.08216	39.838	109.33632	-75.590294	0.006788157	579.4314	428.7614	1232.7749	-736.9899	1000.0	816000
205	-0.07983641	448.03537	53.295097	39.862476	109.33632	-75.590294	0.006795591	581.7225	428.97733	1232.7749	-736.9899	1000.0	820000
206	-0.07980908	449.26044	53.511116	39.88994	109.65674	-75.590294	0.006804501	584.097	429.29758	1232.7749	-736.9899	1000.0	824000
207	-0.079764634	450.33127	53.732513	39.92349	110.423	-75.590294	0.00681187	586.4857	429.6825	1232.7749	-736.9899	1000.0	828000
208	-0.07974509	451.4961	53.90292	39.908436	110.423	-75.590294	0.006821364	588.28156	429.47235	1232.7749	-736.9899	1000.0	832000
209	-0.0797691	452.65536	54.120792	39.940964	110.423	-75.590294	0.006827449	590.6938	429.8951	1232.7749	-736.9899	1000.0	836000
210	-0.07978579	453.68585	54.30537	39.940376	110.423	-75.590294	0.00683379	592.59503	429.83466	1232.7749	-736.9899	1000.0	840000
211	-0.07980829	455.00827	54.519325	39.96968	110.423	-75.590294	0.00684215	594.9291	430.23837	1260.8586	-736.9899	1000.0	844000
212	-0.07982123	455.7243	54.69635	39.963066	110.423	-75.590294	0.0068488424	596.9323	430.22855	1260.8586	-736.9899	1000.0	848000
213	-0.0798076	456.6439	54.898872	39.982388	110.423	-75.590294	0.0068558683	599.1424	430.43124	1260.8586	-736.9899	1000.0	852000
214	-0.07981414	457.21786	55.087376	39.98639	110.423	-75.590294	0.006862623	601.2558	430.56104	1260.8586	-736.9899	1000.0	856000
215	-0.07983646	458.35364	55.254967	39.974472	110.423	-75.590294	0.006868175	603.18207	430.5062	1260.8586	-736.9899	1000.0	860000
216	-0.079848096	459.52985	55.406017	39.987087	110.423	-75.590294	0.0068757026	604.86566	430.33652	1260.8586	-736.9899	1000.0	864000
217	-0.07985818	460.50287	55.576538	39.97856	110.423	-75.590294	0.006883153	606.68384	430.19638	1260.8586	-736.9899	1000.0	868000
218	-0.07987228	461.8084	55.78167	40.01479	110.79075	-75.590294	0.0068896315	609.0162	430.60202	1260.8586	-736.9899	1000.0	872000
219	-0.07988161	463.43637	55.9625	40.019516	110.79075	-75.590294	0.006896953	611.0355	430.7083	1260.8586	-736.9899	1000.0	876000
220	-0.07991413	464.48892	56.038883	40.084045	110.79075	-75.590294	0.006903204	611.97217	430.6775	1260.8586	-736.9899	1000.0	880000
221	-0.079930834	466.38815	56.200836	40.096325	111.52765	-75.590294	0.006908763	613.87604	430.77737	1260.8586	-736.9899	1000.0	884000
222	-0.07994047	467.75452	56.27035	40.159702	112.09545	-75.590294	0.0069135986	614.7218	431.01053	1260.8586	-736.9899	1000.0	888000
223	-0.07996529	468.923	56.389526	40.20165	112.09545	-75.590294	0.006919101	616.1023	430.68924	1260.8586	-736.9899	1000.0	892000
224	-0.079957776	470.61182	56.580757	40.222813	112.50487	-75.590294	0.006926361	618.2378	430.93063	1260.8586	-736.9899	1000.0	896000
225	-0.07998688	472.70367	56.765636	40.23687	113.518326	-75.590294	0.0069337813	620.29987	431.22955	1260.8586	-736.9899	1000.0	900000
226	-0.08003417	473.80365	56.831326	40.222015	113.518326	-75.590294	0.0069399523	621.0875	430.51163	1260.8586	-736.9899	1000.0	904000
227	-0.080088675	473.5337	56.61425	40.443222	113.518326	-75.590294	0.0069408845	618.9513	432.06064	1260.8586	-736.9899	1000.0	908000
228	-0.08014586	474.3103	56.770203	40.42701	113.518326	-75.590294	0.0069471886	620.6633	431.90488	1260.8586	-736.9899	1000.0	912000
229	-0.080172084	475.67017	56.84354	40.472233	113.518326	-75.590294	0.0069536488	621.51715	431.8136	1260.8586	-736.9899	1000.0	916000
230	-0.0802132	477.24982	57.041832	40.502304	113.82239	-75.590294	0.006959866	623.79553	432.2763	1260.8586	-736.9899	1000.0	920000
231	-0.08018113	478.5828	57.097557	40.586945	113.82239	-75.590294	0.006959939	624.48456	433.23325	1293.1312	-736.9899	1000.0	924000
232	-0.08024251	480.14825	57.23069	40.620003	114.12874	-75.590294	0.0069645266	626.04645	433.2963	1293.1312	-736.9899	1000.0	928000
233	-0.08031184	481.20837	57.34495	40.594418	114.12874	-75.590294	0.0069703693	627.2819	432.9474	1293.1312	-736.9899	1000.0	932000
234	-0.08035358	481.56052	57.340435	40.677757	114.12874	-75.590294	0.006976528	627.41534	433.03308	1293.1312	-736.9899	1000.0	936000
235	-0.08037776	482.1005	57.511932	40.685883	114.12874	-75.590294	0.006984109	629.3097	433.1014	1293.1312	-736.9899	1000.0	940000
236	-0.08041467	483.07693	57.518612	40.779526	114.12874	-75.590294	0.0069891214	629.4851	433.14932	1293.1312	-736.9899	1000.0	944000
237	-0.080424376	484.03094	57.69114	40.78432	114.12874	-75.590294	0.0069943555	631.31824	433.19116	1293.1312	-736.9899	1000.0	948000
238	-0.080448374	485.29398	57.787415	40.73294	114.12874	-75.590294	0.0070006577	632.40125	432.63693	1293.1312	-736.9899	1000.0	952000
239	-0.08047005	485.7116	57.959137	40.73636	114.12874	-75.590294	0.007006773	634.28595	432.72137	1293.1312	-736.9899	1000.0	956000
240	-0.08048709	486.4454	58.03802	40.755814	114.12874	-75.590294	0.0070085055	635.2556	432.28107	1293.1312	-736.9899	1000.0	960000
241	-0.08050432	486.72913	58.178833	40.732082	114.12874	-75.590294	0.007015368	636.8592	432.10208	1293.1312	-736.9899	1000.0	964000
242	-0.080526605	488.05023	58.343372	40.73361	114.12874	-75.590294	0.007022915	638.6578	432.12787	1293.1312	-736.9899	1000.0	968000
243	-0.0805463	489.2671	58.50484	40.731537	114.12874	-75.590294	0.0070288423	640.4398	432.18063	1293.1312	-736.9899	1000.0	972000
244	-0.080551185	489.79095	58.596443	40.749428	114.12874	-75.590294	0.0070350687	641.5405	432.06992	1293.1312	-736.9899	1000.0	976000
245	-0.08054008	490.80182	58.756695	40.748196	114.12874	-75.590294	0.0070420285	643.1879	432.00818	1293.1312	-736.9899	1000.0	980000
246	-0.080542885	492.1206	58.95265	40.78663	115.99144	-75.590294	0.0070475093	645.29803	432.44357	1293.1312	-736.9899	1000.0	984000
247	-0.08054653	493.21432	59.127666	40.80088	115.99144	-75.590294	0.0070542255	647.2143	432.6801	1293.1312	-736.9899	1000.0	988000
248	-0.080541715	494.24332	59.285137	40.840633	115.99144	-75.590294	0.0070575373	648.93256	432.69748	1293.1312	-736.9899	1000.0	992000
249	-0.08054335	495.10715	59.454487	40.848488	115.99144	-75.590294	0.0070640575	650.72925	432.77182	1293.1312	-736.9899	1000.0	996000
250	-0.080563314	495.76425	59.60704	40.840576	115.99144	-75.590294	0.007069897	652.35315	432.68207	1293.1312	-736.9899	1000.0	1000000
