epoch	pi-loss	q-loss	average-q1-values	std-q1-values	max-q1-values	min-q1-values	average-q2-values	std-q2-values	max-q2-values	min-q2-values	average-episode-return	std-episode-return	max-episode-return	min-episode-return	episode-length	average-test-episode-return	std-test-episode-return	max-test-episode-return	min-test-episode-return	test-episode-length	entropy-coeff	total-env-interacts	entropy-coeff-loss
1	-11.662295	1.4883331	10.244225	3.3547547	27.692186	-0.24102491	10.243213	3.3564007	29.23522	-1.1176026	-299.08484	85.482544	-197.7865	-400.18777	1000.0	-368.79556	83.92552	-254.16936	-484.7966	1000.0	0.31696883	4000	-10.99116
2	-17.727983	1.9251698	16.474537	7.0739007	56.774548	-0.24102491	16.473818	7.0726533	57.94872	-1.1176026	-311.74066	67.34435	-197.7865	-400.18777	1000.0	-304.1185	92.898346	-193.36523	-484.7966	1000.0	0.16115418	8000	-6.2524996
3	-20.306541	2.1698818	19.334978	9.058901	60.43745	-0.24102491	19.334309	9.057702	61.554893	-1.1176026	-258.77417	133.59265	71.81125	-400.18777	1000.0	-117.34614	282.7846	531.7947	-484.7966	1000.0	0.108892255	12000	-4.345026
4	-21.325249	2.3373535	20.539051	10.565556	66.5741	-2.4158614	20.538567	10.563867	65.30836	-1.1176026	-91.79834	328.35522	705.6114	-400.18777	1000.0	99.13578	488.24564	1149.9506	-484.7966	1000.0	0.08248658	16000	-3.1500928
5	-22.684603	2.6160622	21.995546	12.855252	77.25603	-5.9634433	21.995428	12.852631	76.7321	-5.4901023	154.15567	576.21106	1357.0541	-400.18777	1000.0	315.8512	630.20667	1580.8428	-484.7966	1000.0	0.0680925	20000	-2.427817
6	-25.255274	3.0729115	24.617514	16.710207	99.85117	-9.423252	24.617609	16.707739	101.89772	-9.08474	443.38232	835.4784	2113.816	-400.18777	1000.0	620.1214	892.086	2335.4167	-484.7966	1000.0	0.05980251	24000	-1.9763337
7	-29.368177	3.7240815	28.756762	22.265839	135.64484	-10.336451	28.756876	22.26396	137.07648	-10.811074	738.18835	1064.6619	2936.3242	-400.18777	1000.0	938.64844	1137.3883	3122.7283	-484.7966	1000.0	0.055407833	28000	-1.657485
8	-35.002125	4.561797	34.40451	29.484531	168.0294	-11.1099825	34.404568	29.483109	169.32225	-10.811074	1016.8844	1240.1206	3176.313	-400.18777	1000.0	1148.5609	1221.519	3167.8047	-484.7966	1000.0	0.05356875	32000	-1.4258268
9	-41.804688	5.523867	41.22213	37.455673	187.63329	-11.534001	41.222076	37.454746	189.66345	-10.811074	1206.7219	1302.5337	3176.313	-400.18777	1000.0	1367.6163	1308.3972	3307.8408	-484.7966	1000.0	0.053628657	36000	-1.253685
10	-48.78061	6.5023212	48.220066	44.971092	208.37103	-18.913374	48.219906	44.970665	208.99878	-16.259148	1354.8757	1361.4617	3534.2292	-400.18777	1000.0	1549.4639	1371.5961	3589.4646	-484.7966	1000.0	0.05416707	40000	-1.1214992
11	-56.100883	7.3978167	55.56869	52.25273	230.72061	-20.043444	55.56847	52.252506	229.8345	-21.609705	1570.2886	1466.7842	3969.4202	-400.18777	1000.0	1753.3625	1458.6327	3966.444	-484.7966	1000.0	0.055190884	44000	-1.0149499
12	-63.559563	8.195422	63.053963	59.172035	243.97672	-20.043444	63.0537	59.17191	246.23131	-21.609705	1711.7836	1522.7859	4058.4548	-400.18777	1000.0	1928.1882	1515.9781	4259.1274	-484.7966	1000.0	0.05644498	48000	-0.925713
13	-70.9646	9.047327	70.48818	65.66885	265.72693	-33.999786	70.48786	65.66881	264.29446	-34.116592	1879.6106	1575.2789	4058.4548	-400.18777	1000.0	2036.4454	1550.9104	4259.1274	-484.7966	1000.0	0.058285408	52000	-0.84902763
14	-78.38603	9.885792	77.93901	71.79601	280.92328	-33.999786	77.93869	71.7959	280.3563	-34.116592	2045.5592	1632.046	4397.9136	-400.18777	1000.0	2194.9949	1600.5995	4592.8726	-484.7966	1000.0	0.060135435	56000	-0.7872985
15	-85.75743	10.652761	85.33997	77.566505	295.1698	-33.999786	85.33961	77.56631	295.78513	-34.116592	2172.8284	1662.2166	4510.3755	-400.18777	1000.0	2319.9966	1630.3313	4670.2246	-484.7966	1000.0	0.0620198	60000	-0.7328102
16	-92.974846	11.412223	92.58659	82.94266	313.70642	-33.999786	92.58619	82.94237	314.64807	-34.116592	2308.9045	1693.7867	4510.3755	-400.18777	1000.0	2457.7524	1667.0114	4824.061	-484.7966	1000.0	0.063937575	64000	-0.68495053
17	-100.09884	12.147067	99.738754	87.97721	326.69983	-33.999786	99.738335	87.976906	323.98795	-34.116592	2451.3599	1739.4993	4861.71	-400.18777	1000.0	2592.377	1704.7388	4938.4023	-484.7966	1000.0	0.06583167	68000	-0.6426218
18	-107.12867	12.829297	106.796005	92.71842	342.76987	-33.999786	106.79561	92.717995	343.58612	-34.116592	2575.0488	1766.0251	4865.209	-400.18777	1000.0	2710.9812	1727.5928	4938.4023	-484.7966	1000.0	0.067796044	72000	-0.6065191
19	-114.03342	13.47838	113.725784	97.185036	356.31808	-33.999786	113.72536	97.18448	356.75858	-34.116592	2698.7842	1797.5244	5129.6567	-400.18777	1000.0	2835.4338	1762.6221	5232.4683	-484.7966	1000.0	0.06964658	76000	-0.5739454
20	-120.85591	14.080673	120.57143	101.460625	370.98184	-33.999786	120.571	101.46	374.10318	-34.116592	2816.267	1825.5209	5171.5156	-400.18777	1000.0	2943.116	1781.0259	5232.4683	-484.7966	1000.0	0.07160364	80000	-0.5443546
21	-127.56355	14.653069	127.30074	105.53376	381.22638	-33.999786	127.30029	105.53309	383.02023	-34.116592	2921.902	1843.2228	5177.848	-400.18777	1000.0	3033.863	1787.3344	5232.4683	-484.7966	1000.0	0.07340015	84000	-0.5175753
22	-134.16856	15.181844	133.92676	109.40545	392.0153	-33.999786	133.92628	109.40482	391.86295	-34.116592	3021.1443	1857.4081	5177.848	-400.18777	1000.0	3137.5103	1809.8723	5520.6074	-484.7966	1000.0	0.07521416	88000	-0.4932785
23	-140.65935	15.697141	140.43718	113.08113	408.30576	-33.999786	140.43677	113.08047	407.30658	-34.116592	3120.9114	1876.0579	5473.609	-400.18777	1000.0	3236.551	1830.2195	5592.9995	-484.7966	1000.0	0.077007115	92000	-0.4708663
24	-147.00566	16.168898	146.80304	116.56682	413.22256	-33.999786	146.80257	116.566124	414.32947	-34.116592	3212.7383	1888.7733	5482.6133	-400.18777	1000.0	3327.7058	1844.5302	5606.4165	-484.7966	1000.0	0.07882945	96000	-0.4510181
25	-153.22318	16.587753	153.0388	119.85648	418.9181	-33.999786	153.03833	119.85573	419.10223	-34.116592	3299.305	1898.6003	5482.6133	-400.18777	1000.0	3416.0205	1858.4333	5700.6294	-484.7966	1000.0	0.080583125	100000	-0.43276033
26	-159.30667	16.980188	159.13965	122.966225	426.63583	-33.999786	159.13916	122.96546	427.46786	-34.116592	3380.8904	1906.2372	5594.711	-400.18777	1000.0	3499.202	1869.3735	5819.7144	-484.7966	1000.0	0.08218853	104000	-0.41562557
27	-165.24242	17.349112	165.09174	125.89816	437.29614	-33.999786	165.09134	125.89739	437.0176	-34.116592	3456.5825	1910.0398	5594.711	-400.18777	1000.0	3576.488	1876.3369	5819.7144	-484.7966	1000.0	0.083686024	108000	-0.399617
28	-171.05525	17.704176	170.92088	128.67096	445.46442	-33.999786	170.92049	128.67026	445.3217	-34.116592	3531.576	1915.7726	5674.5664	-400.18777	1000.0	3645.6514	1877.3495	5819.7144	-484.7966	1000.0	0.085229576	112000	-0.38540533
29	-176.72636	18.056978	176.60692	131.28839	449.64883	-33.999786	176.6065	131.28772	448.926	-34.116592	3604.6465	1921.9078	5869.0596	-400.18777	1000.0	3699.6829	1879.0728	5819.7144	-484.7966	1000.0	0.08666121	116000	-0.37202036
30	-182.2653	18.376144	182.16084	133.76704	456.32294	-33.999786	182.1604	133.76636	456.80096	-34.116592	3674.177	1926.364	5869.0596	-400.18777	1000.0	3767.3308	1883.1755	5939.575	-484.7966	1000.0	0.08806812	120000	-0.35942125
31	-187.68065	18.687634	187.5896	136.12059	463.06387	-33.999786	187.58908	136.11987	461.77612	-34.116592	3740.1592	1929.2926	5869.0596	-400.18777	1000.0	3833.3838	1887.6536	6028.8315	-484.7966	1000.0	0.08934206	124000	-0.3475035
32	-192.97945	18.984905	192.90172	138.3677	468.61215	-33.999786	192.90117	138.36696	469.725	-34.116592	3805.9258	1933.9149	5895.8193	-400.18777	1000.0	3885.8406	1880.8259	6028.8315	-484.7966	1000.0	0.090623595	128000	-0.33605507
33	-198.14975	19.264507	198.08542	140.49039	473.0273	-33.999786	198.08473	140.48965	473.38925	-34.116592	3867.473	1935.9934	5961.1895	-400.18777	1000.0	3943.93	1881.1157	6028.8315	-484.7966	1000.0	0.09194527	132000	-0.32571623
34	-203.193	19.534418	203.14282	142.4767	480.87183	-33.999786	203.14209	142.47594	478.76807	-34.116592	3927.0386	1937.8451	6052.1484	-400.18777	1000.0	4007.1528	1888.6062	6265.944	-484.7966	1000.0	0.09328954	136000	-0.31633562
35	-208.10124	19.797642	208.06442	144.34456	484.63632	-33.999786	208.06374	144.34387	483.47995	-34.116592	3985.47	1940.1396	6052.1484	-400.18777	1000.0	4068.2922	1895.2964	6265.944	-484.7966	1000.0	0.09455488	140000	-0.30680317
36	-212.89221	20.038406	212.86696	146.10387	486.9625	-33.999786	212.86632	146.10321	487.85165	-34.116592	4042.0374	1942.2009	6255.591	-400.18777	1000.0	4125.698	1899.4486	6292.279	-484.7966	1000.0	0.09574683	144000	-0.29866773
37	-217.5756	20.249311	217.56183	147.7838	494.8273	-33.999786	217.56117	147.78319	494.75223	-34.116592	4096.607	1943.623	6255.591	-400.18777	1000.0	4176.7515	1898.5763	6292.279	-484.7966	1000.0	0.09684922	148000	-0.29014525
38	-222.15881	20.46138	222.15614	149.37495	499.3685	-33.999786	222.1556	149.37419	499.93503	-34.116592	4151.9834	1947.2609	6255.591	-400.18777	1000.0	4229.8647	1901.1483	6337.1987	-484.7966	1000.0	0.097976156	152000	-0.28232887
39	-226.64336	20.655178	226.65135	150.88979	505.31952	-33.999786	226.65073	150.88913	505.97992	-34.116592	4204.725	1949.567	6359.148	-400.18777	1000.0	4281.253	1903.2385	6438.7466	-484.7966	1000.0	0.09905292	156000	-0.27494577
40	-231.03323	20.835562	231.05107	152.3408	513.71533	-33.999786	231.0505	152.34016	512.52893	-34.116592	4258.36	1953.9791	6411.1836	-400.18777	1000.0	4332.6006	1906.5615	6509.3267	-484.7966	1000.0	0.10009741	160000	-0.2681897
41	-235.34116	21.014399	235.36835	153.74905	521.004	-33.999786	235.36774	153.74843	522.8937	-39.81152	4308.39	1955.796	6411.1836	-400.18777	1000.0	4376.312	1903.3964	6509.3267	-484.7966	1000.0	0.101111345	164000	-0.26155826
42	-239.57481	21.1913	239.61139	155.1089	523.0543	-54.16322	239.61078	155.10826	523.223	-39.81152	4357.5156	1957.8273	6432.425	-400.18777	1000.0	4424.0264	1905.3171	6579.531	-484.7966	1000.0	0.10213424	168000	-0.25515676
43	-243.72038	21.358595	243.76637	156.40868	525.62427	-54.16322	243.76572	156.40805	524.5485	-39.81152	4403.5005	1957.7999	6497.8394	-400.18777	1000.0	4470.4575	1906.9491	6579.531	-484.7966	1000.0	0.103176065	172000	-0.24907586
44	-247.78337	21.506653	247.8381	157.64691	531.1811	-54.16322	247.83751	157.64627	531.4862	-39.81152	4448.516	1957.9073	6552.0664	-400.18777	1000.0	4517.736	1910.5085	6645.072	-484.7966	1000.0	0.104180895	176000	-0.24341328
45	-251.779	21.659117	251.84215	158.84674	534.25726	-54.16322	251.8416	158.84616	533.5223	-39.81152	4495.566	1961.0437	6630.54	-400.18777	1000.0	4561.913	1911.8168	6704.768	-484.7966	1000.0	0.10513195	180000	-0.23791552
46	-255.7039	21.802286	255.77568	160.00438	536.11426	-54.16322	255.77518	160.00374	536.154	-39.81152	4538.9424	1961.3284	6630.54	-400.18777	1000.0	4602.383	1910.4259	6791.9985	-484.7966	1000.0	0.10615489	184000	-0.23253414
47	-259.55164	21.945673	259.63187	161.10889	541.0828	-54.16322	259.6314	161.10828	542.34735	-46.19388	4580.354	1960.6364	6630.54	-400.18777	1000.0	4641.853	1908.9629	6791.9985	-484.7966	1000.0	0.10715513	188000	-0.22755557
48	-263.32034	22.07039	263.40915	162.1656	546.5908	-54.16322	263.40875	162.16518	545.2003	-46.19388	4623.506	1962.5591	6737.104	-400.18777	1000.0	4679.2437	1906.3685	6791.9985	-484.7966	1000.0	0.10808698	192000	-0.22280388
49	-267.01428	22.19002	267.1107	163.17586	551.0774	-54.16322	267.11026	163.17545	551.10986	-46.19388	4663.787	1962.4069	6737.104	-400.18777	1000.0	4718.839	1906.7145	6852.4033	-484.7966	1000.0	0.109031886	196000	-0.21812178
50	-270.6432	22.300877	270.74756	164.14497	551.0774	-54.16322	270.7469	164.14447	551.57684	-46.19388	4701.6196	1960.7347	6750.6797	-400.18777	1000.0	4761.67	1911.2507	7004.8477	-484.7966	1000.0	0.10993214	200000	-0.2137366
51	-274.19525	22.411835	274.30746	165.07182	556.9264	-54.16322	274.30682	165.07126	556.70215	-46.19388	4741.625	1962.0342	6863.0586	-400.18777	1000.0	4800.5513	1912.3141	7004.8477	-484.7966	1000.0	0.110857055	204000	-0.20949343
52	-277.6811	22.499819	277.80035	165.95815	563.0792	-54.16322	277.79984	165.95769	561.96423	-46.19388	4780.4346	1962.7488	6863.0586	-400.18777	1000.0	4836.608	1911.2999	7004.8477	-484.7966	1000.0	0.11170376	208000	-0.20548873
53	-281.10788	22.594795	281.23392	166.81662	566.7052	-54.16322	281.23343	166.81615	566.71234	-46.19388	4819.8584	1964.8549	6983.7085	-400.18777	1000.0	4874.3613	1912.6832	7004.8477	-484.7966	1000.0	0.11251715	212000	-0.2014592
54	-284.48257	22.683716	284.61542	167.64291	576.7954	-54.16322	284.61493	167.6426	576.6314	-46.19388	4857.481	1965.7605	6983.7085	-400.18777	1000.0	4906.996	1909.7482	7004.8477	-484.7966	1000.0	0.11333669	216000	-0.19766392
55	-287.80142	22.753006	287.94098	168.43637	579.21533	-54.16322	287.94052	168.43593	580.6836	-46.19388	4893.6104	1965.8707	6983.7085	-400.18777	1000.0	4943.7603	1911.5657	7098.3013	-484.7966	1000.0	0.11413493	220000	-0.19412021
56	-291.05893	22.83193	291.20505	169.20091	582.98694	-54.16322	291.20456	169.20065	582.3556	-46.19388	4927.8022	1964.7041	6983.7085	-400.18777	1000.0	4978.217	1911.6006	7098.3013	-484.7966	1000.0	0.114905894	224000	-0.19067416
57	-294.25204	22.907639	294.40472	169.93436	584.9548	-54.16322	294.40424	169.93388	585.71356	-46.19388	4961.1323	1963.3455	6983.7085	-400.18777	1000.0	5011.902	1911.4939	7098.3013	-484.7966	1000.0	0.115674324	228000	-0.18723251
58	-297.39124	22.97715	297.5505	170.63503	588.43494	-54.16322	297.54996	170.63454	587.1395	-46.19388	4995.476	1963.5497	7018.9497	-400.18777	1000.0	5044.6226	1910.9984	7098.3013	-484.7966	1000.0	0.11648819	232000	-0.18381414
59	-300.46997	23.046291	300.63583	171.30179	589.7147	-54.16322	300.63528	171.30136	587.164	-46.19388	5028.1455	1962.7592	7131.673	-400.18777	1000.0	5076.825	1910.6377	7150.059	-484.7966	1000.0	0.11729317	236000	-0.18071404
60	-303.49747	23.12729	303.66974	171.93352	592.703	-54.16322	303.66925	171.93323	592.30115	-46.19388	5061.098	1962.7423	7131.673	-400.18777	1000.0	5106.01	1907.9237	7150.059	-484.7966	1000.0	0.11808094	240000	-0.17766252
61	-306.46957	23.198042	306.64798	172.54352	594.4961	-54.16322	306.64758	172.54329	593.33887	-46.19388	5093.1035	1962.3903	7170.847	-400.18777	1000.0	5138.2407	1908.7289	7356.759	-484.7966	1000.0	0.11882304	244000	-0.17471276
62	-309.39304	23.260536	309.57727	173.13127	598.3709	-54.16322	309.5769	173.13089	597.4393	-46.19388	5124.9497	1962.3402	7170.847	-400.18777	1000.0	5170.7017	1910.2274	7356.759	-484.7966	1000.0	0.11953231	248000	-0.17194135
63	-312.2722	23.313713	312.46198	173.70245	599.77484	-54.16322	312.46167	173.70221	598.88403	-46.19388	5155.121	1961.1571	7170.847	-400.18777	1000.0	5201.3555	1910.3948	7356.759	-484.7966	1000.0	0.1202225	252000	-0.16906014
64	-315.10596	23.371073	315.30157	174.24915	603.382	-54.16322	315.30124	174.24881	601.35046	-46.19388	5184.969	1960.1642	7170.847	-400.18777	1000.0	5230.349	1909.4065	7356.759	-484.7966	1000.0	0.12090765	256000	-0.16656767
65	-317.89026	23.433146	318.09155	174.77661	603.382	-54.16322	318.09125	174.77637	604.3173	-46.19388	5214.5483	1959.3834	7189.0522	-400.18777	1000.0	5256.2563	1905.9785	7356.759	-484.7966	1000.0	0.12160347	260000	-0.1639352
66	-320.6346	23.49412	320.8412	175.28319	604.6075	-54.16322	320.8409	175.28294	604.6648	-46.19388	5242.789	1957.7865	7189.0522	-400.18777	1000.0	5288.338	1909.1449	7647.647	-484.7966	1000.0	0.12231208	264000	-0.1613307
67	-323.34094	23.547018	323.55298	175.77269	611.9924	-54.16322	323.55267	175.77235	610.88226	-46.19388	5272.7773	1958.3788	7372.8857	-400.18777	1000.0	5315.8125	1907.9993	7647.647	-484.7966	1000.0	0.12297997	268000	-0.15893345
68	-326.00027	23.602324	326.2177	176.2443	612.734	-54.16322	326.21735	176.24367	613.3994	-46.19388	5301.2783	1957.9474	7412.6714	-400.18777	1000.0	5346.491	1910.5166	7647.647	-484.7966	1000.0	0.12367238	272000	-0.1564793
69	-328.61597	23.648045	328.83875	176.69499	613.81006	-54.16322	328.8384	176.6946	613.3994	-46.19388	5328.904	1957.0181	7412.6714	-400.18777	1000.0	5373.4946	1909.6747	7647.647	-484.7966	1000.0	0.12434204	276000	-0.15417114
70	-331.1913	23.685596	331.41934	177.13136	615.1974	-54.16322	331.41904	177.13097	614.985	-46.19388	5357.846	1957.8173	7424.003	-400.18777	1000.0	5401.389	1910.1866	7647.647	-484.7966	1000.0	0.12501602	280000	-0.151994
71	-333.726	23.738855	333.95956	177.54854	619.7097	-54.16322	333.95926	177.54817	621.37103	-46.19388	5384.0024	1956.3263	7445.1963	-400.18777	1000.0	5430.2593	1912.0863	7647.647	-484.7966	1000.0	0.1256873	284000	-0.14977053
72	-336.21912	23.795658	336.45804	177.94731	621.2427	-54.16322	336.45773	177.94698	621.37103	-46.19388	5410.673	1955.6614	7445.1963	-400.18777	1000.0	5449.181	1911.0253	7647.647	-484.7966	1000.0	0.1264184	288000	-0.14764188
73	-338.67337	23.851036	338.91776	178.32806	621.9573	-54.16322	338.91733	178.3277	621.94037	-46.19388	5435.8213	1953.9446	7445.1963	-400.18777	1000.0	5473.623	1909.1947	7647.647	-484.7966	1000.0	0.12711665	292000	-0.14564241
74	-341.09088	23.897633	341.34027	178.69536	624.8146	-54.16322	341.33984	178.69495	623.7276	-46.19388	5461.754	1953.3866	7529.9146	-400.18777	1000.0	5496.4424	1906.2961	7647.647	-484.7966	1000.0	0.12776946	296000	-0.14359826
75	-343.48178	23.94665	343.73615	179.05345	632.9466	-54.16322	343.73578	179.05322	633.06946	-46.19388	5486.9106	1952.4369	7585.05	-400.18777	1000.0	5521.465	1905.78	7647.647	-484.7966	1000.0	0.12843151	300000	-0.14172135
76	-345.84344	23.995836	346.10284	179.39958	635.6006	-54.16322	346.10254	179.39948	636.012	-46.19388	5512.909	1952.5957	7589.002	-400.18777	1000.0	5547.0947	1906.1781	7647.647	-484.7966	1000.0	0.12909426	304000	-0.13980545
77	-348.17206	24.047192	348.4366	179.73413	636.82135	-54.16322	348.43628	179.73392	637.4901	-46.19388	5536.7217	1951.0845	7657.6323	-400.18777	1000.0	5571.9287	1906.1129	7647.647	-484.7966	1000.0	0.1297592	308000	-0.13790698
78	-350.46365	24.095226	350.73285	180.05287	641.427	-54.16322	350.73257	180.05247	639.9005	-46.19388	5560.9	1950.1421	7657.6323	-400.18777	1000.0	5594.238	1904.0112	7647.647	-484.7966	1000.0	0.13039896	312000	-0.13613711
79	-352.7244	24.146906	352.99826	180.36473	642.00494	-54.16322	352.99802	180.36424	642.5462	-46.19388	5583.121	1947.7069	7657.6323	-400.18777	1000.0	5617.925	1903.5071	7662.3174	-484.7966	1000.0	0.13102598	316000	-0.13434252
80	-354.95554	24.195889	355.2341	180.66748	643.0764	-54.16322	355.23383	180.6674	645.1784	-46.19388	5607.0625	1947.1904	7668.207	-400.18777	1000.0	5643.1777	1904.8743	7865.1934	-484.7966	1000.0	0.13169517	320000	-0.13272488
81	-357.15445	24.236616	357.43777	180.95815	645.1487	-54.16322	357.4375	180.95784	645.83307	-46.19388	5630.0283	1946.0105	7668.207	-400.18777	1000.0	5664.719	1902.891	7865.1934	-484.7966	1000.0	0.13234246	324000	-0.13101463
82	-359.32843	24.286303	359.6163	181.24174	647.2338	-54.16322	359.616	181.24144	646.5339	-46.19388	5653.211	1945.3381	7668.207	-400.18777	1000.0	5687.8276	1902.733	7865.1934	-484.7966	1000.0	0.1329894	328000	-0.12945563
83	-361.47583	24.336422	361.7682	181.52284	649.74176	-54.16322	361.7679	181.52242	651.3786	-46.19388	5676.3457	1944.9569	7717.601	-400.18777	1000.0	5708.111	1900.1615	7865.1934	-484.7966	1000.0	0.13364254	332000	-0.1277871
84	-363.59625	24.382973	363.89288	181.79361	649.902	-71.35503	363.89264	181.79335	652.7299	-95.99314	5684.208	1950.3734	7777.043	-400.18777	1000.0	5729.2983	1898.6906	7865.1934	-484.7966	1000.0	0.13427407	336000	-0.12625551
85	-365.6746	24.45264	365.97598	182.06053	652.7113	-140.46681	365.97565	182.06021	652.7299	-164.96237	5704.837	1948.0765	7777.043	-400.18777	1000.0	5752.8413	1899.8022	7865.1934	-484.7966	1000.0	0.13491297	340000	-0.124774404
86	-367.7233	24.515602	368.0293	182.31932	652.7113	-140.46681	368.02887	182.31895	652.7299	-164.96237	5727.571	1948.0717	7805.022	-400.18777	1000.0	5775.595	1900.4075	7897.043	-484.7966	1000.0	0.13554151	344000	-0.123277016
87	-369.75107	24.571405	370.06143	182.56567	653.3808	-140.46681	370.061	182.56532	653.31537	-164.96237	5749.3115	1947.3491	7805.022	-400.18777	1000.0	5794.7275	1897.7972	7897.043	-484.7966	1000.0	0.13617878	348000	-0.12183893
88	-371.74786	24.619362	372.0627	182.80461	656.6867	-140.46681	372.06223	182.8043	658.0607	-164.96237	5769.8345	1945.7253	7805.022	-400.18777	1000.0	5815.508	1896.9497	7897.043	-484.7966	1000.0	0.13682364	352000	-0.12045553
89	-373.7197	24.677837	374.03903	183.03008	656.84595	-140.46681	374.03857	183.02963	658.0607	-164.96237	5790.218	1944.2235	7805.022	-400.18777	1000.0	5837.675	1897.7316	7944.7427	-484.7966	1000.0	0.13745916	356000	-0.119019106
90	-375.6609	24.728737	375.98505	183.24269	666.83606	-140.46681	375.98456	183.24228	665.5748	-164.96237	5810.4463	1942.8184	7805.022	-400.18777	1000.0	5859.0894	1897.9738	7944.7427	-484.7966	1000.0	0.13812014	360000	-0.11768574
91	-377.56982	24.77581	377.8982	183.4437	666.83606	-140.46681	377.89767	183.44357	665.5748	-164.96237	5830.73	1941.7721	7826.5977	-400.18777	1000.0	5877.18	1895.3179	7944.7427	-484.7966	1000.0	0.13870701	364000	-0.1164019
92	-379.4588	24.830465	379.79147	183.6363	666.83606	-140.46681	379.79102	183.63615	667.67236	-164.96237	5850.505	1940.4255	7826.5977	-400.18777	1000.0	5896.5693	1894.0667	7944.7427	-484.7966	1000.0	0.1393368	368000	-0.115139455
93	-381.32272	24.868166	381.65976	183.8177	669.6799	-140.46681	381.65936	183.81744	667.67236	-164.96237	5869.2397	1938.3219	7826.5977	-400.18777	1000.0	5913.998	1891.2802	7944.7427	-484.7966	1000.0	0.13993551	372000	-0.113914885
94	-383.1604	24.907633	383.50177	183.9906	670.12524	-140.46681	383.5014	183.99036	668.4881	-164.96237	5889.16	1937.5524	7854.453	-400.18777	1000.0	5934.2734	1891.3784	8043.069	-484.7966	1000.0	0.14052714	376000	-0.112702586
95	-384.97382	24.942053	385.31946	184.15309	670.12524	-140.46681	385.31912	184.15297	671.0991	-164.96237	5908.7637	1936.681	7854.453	-400.18777	1000.0	5953.3906	1890.5314	8043.069	-484.7966	1000.0	0.14111878	380000	-0.1114396
96	-386.76117	24.98131	387.11096	184.30841	672.5902	-140.46681	387.11063	184.3084	671.0991	-164.96237	5927.7417	1935.4519	7854.453	-400.18777	1000.0	5974.1187	1891.4973	8093.485	-484.7966	1000.0	0.14171633	384000	-0.110294715
97	-388.5291	25.019365	388.88315	184.45619	672.94037	-140.46681	388.88275	184.45607	672.27966	-164.96237	5946.1084	1933.8914	7862.6343	-400.18777	1000.0	5988.926	1887.3269	8093.485	-484.7966	1000.0	0.1422909	388000	-0.10917158
98	-390.26978	25.04692	390.628	184.59225	672.94037	-140.46681	390.62756	184.5921	674.481	-164.96237	5964.9517	1933.0079	8074.5303	-400.18777	1000.0	6008.1743	1887.28	8099.6616	-484.7966	1000.0	0.14286666	392000	-0.10803534
99	-391.99158	25.081585	392.35376	184.72298	673.71387	-140.46681	392.35327	184.7227	674.481	-164.96237	5984.6377	1933.0862	8074.5303	-400.18777	1000.0	6025.759	1885.7911	8099.6616	-484.7966	1000.0	0.14341614	396000	-0.10693249
100	-393.69458	25.112673	394.06064	184.84845	674.3693	-140.46681	394.0601	184.84822	674.481	-164.96237	6002.1763	1931.3131	8074.5303	-400.18777	1000.0	6045.2295	1886.3441	8196.299	-484.7966	1000.0	0.14396387	400000	-0.10588536
101	-395.37808	25.147593	395.7483	184.96729	677.5297	-140.46681	395.74774	184.96729	677.3742	-164.96237	6020.13	1930.0979	8074.5303	-400.18777	1000.0	6063.1025	1885.507	8196.299	-484.7966	1000.0	0.14452241	404000	-0.10474103
102	-397.03738	25.178272	397.41147	185.07912	677.5297	-140.46681	397.4109	185.0791	677.3742	-164.96237	6037.7695	1928.8175	8074.5303	-400.18777	1000.0	6078.6587	1882.7528	8196.299	-484.7966	1000.0	0.14507899	408000	-0.10372256
103	-398.6804	25.216766	399.0587	185.18707	677.5297	-140.46681	399.05817	185.18701	677.63416	-164.96237	6055.566	1927.8398	8074.5303	-400.18777	1000.0	6097.4717	1883.2795	8331.358	-484.7966	1000.0	0.1456469	412000	-0.10274198
104	-400.30206	25.260786	400.6846	185.28539	678.4923	-140.46681	400.68414	185.28525	677.63416	-164.96237	6072.745	1926.4572	8074.5303	-400.18777	1000.0	6114.8857	1882.5378	8331.358	-484.7966	1000.0	0.146181	416000	-0.101701915
105	-401.9	25.28959	402.28677	185.3753	678.9551	-140.46681	402.28632	185.37476	680.04663	-164.96237	6089.625	1924.9812	8074.5303	-400.18777	1000.0	6132.216	1881.8888	8331.358	-484.7966	1000.0	0.1467201	420000	-0.10071983
106	-403.47617	25.314924	403.86694	185.45891	681.3557	-140.46681	403.8665	185.45853	680.04663	-164.96237	6106.632	1923.8124	8074.5303	-400.18777	1000.0	6148.4053	1880.35	8331.358	-484.7966	1000.0	0.14725214	424000	-0.09979485
107	-405.03867	25.347103	405.4336	185.53844	682.4336	-140.46681	405.43317	185.53818	680.9458	-164.96237	6123.25	1922.4418	8074.5303	-400.18777	1000.0	6165.658	1879.9685	8331.358	-484.7966	1000.0	0.14778583	428000	-0.09882115
108	-406.5798	25.374126	406.979	185.61055	684.5598	-140.46681	406.97858	185.61017	680.9458	-164.96237	6140.3276	1921.688	8108.183	-400.18777	1000.0	6182.2744	1879.1371	8331.358	-484.7966	1000.0	0.14834577	432000	-0.09791563
109	-408.10477	25.402746	408.50806	185.67795	684.94006	-140.46681	408.50772	185.67796	683.1838	-164.96237	6156.461	1920.1947	8108.183	-400.18777	1000.0	6193.4907	1874.1354	8331.358	-484.7966	1000.0	0.14887373	436000	-0.096958034
110	-409.61258	25.425146	410.01968	185.7423	684.94006	-140.46681	410.01932	185.74193	683.1838	-164.96237	6172.6	1918.8638	8108.183	-400.18777	1000.0	6210.6846	1874.2505	8351.238	-484.7966	1000.0	0.14937231	440000	-0.096174136
111	-411.1067	25.444517	411.51752	185.80426	684.94006	-140.46681	411.51706	185.80408	683.1838	-164.96237	6188.1045	1917.1207	8108.183	-400.18777	1000.0	6226.1533	1872.8613	8351.238	-484.7966	1000.0	0.14985259	444000	-0.09526483
112	-412.5885	25.467829	413.00278	185.86627	687.29193	-140.46681	413.00223	185.86612	687.122	-164.96237	6203.269	1915.2338	8108.183	-400.18777	1000.0	6241.6025	1871.5967	8351.238	-484.7966	1000.0	0.15033494	448000	-0.09440735
113	-414.05536	25.49174	414.47324	185.92804	687.29193	-140.46681	414.47278	185.9279	687.122	-164.96237	6218.6304	1913.6661	8108.183	-400.18777	1000.0	6254.4434	1868.2549	8351.238	-484.7966	1000.0	0.15081754	452000	-0.09354833
114	-415.50574	25.516647	415.92722	185.98326	687.29193	-140.46681	415.92676	185.98294	687.34973	-164.96237	6233.7817	1912.0898	8108.183	-400.18777	1000.0	6271.375	1868.7806	8388.099	-484.7966	1000.0	0.15129304	456000	-0.09276217
115	-416.94302	25.539574	417.36786	186.03749	688.12646	-140.46681	417.3674	186.03735	688.3667	-164.96237	6248.8057	1910.5432	8108.183	-400.18777	1000.0	6288.4546	1869.5599	8388.099	-484.7966	1000.0	0.15173854	460000	-0.09190577
116	-418.3672	25.56942	418.7958	186.09274	688.2387	-140.46681	418.79538	186.09238	688.6876	-164.96237	6265.249	1910.448	8195.449	-400.18777	1000.0	6304.277	1869.2294	8388.099	-484.7966	1000.0	0.1522225	464000	-0.09112537
117	-419.78174	25.597416	420.2138	186.14738	689.6996	-140.46681	420.2133	186.14717	688.8263	-164.96237	6280.4814	1909.3756	8195.449	-400.18777	1000.0	6318.4683	1867.5009	8388.099	-484.7966	1000.0	0.15267073	468000	-0.09031964
118	-421.1844	25.61929	421.6201	186.19719	692.47705	-140.46681	421.61945	186.19696	691.42035	-164.96237	6294.8306	1907.6587	8222.094	-400.18777	1000.0	6333.1665	1866.3793	8388.099	-484.7966	1000.0	0.15311702	472000	-0.089493595
119	-422.5727	25.643406	423.01166	186.24615	693.19543	-140.46681	423.01108	186.24599	693.9384	-164.96237	6309.5503	1906.351	8222.094	-400.18777	1000.0	6347.316	1864.8772	8388.099	-484.7966	1000.0	0.15356524	476000	-0.088737056
120	-423.95215	25.66456	424.39426	186.29362	695.7734	-140.46681	424.39374	186.29366	695.653	-164.96237	6324.3887	1905.2915	8222.094	-400.18777	1000.0	6362.7144	1864.7019	8389.874	-484.7966	1000.0	0.1539922	480000	-0.08797811
121	-425.3176	25.690811	425.76346	186.33937	700.203	-140.46681	425.7629	186.33894	699.52246	-164.96237	6339.117	1904.2814	8222.094	-400.18777	1000.0	6374.8677	1861.7584	8389.874	-484.7966	1000.0	0.15446563	484000	-0.08727769
122	-426.66956	25.712368	427.11884	186.38101	701.5138	-140.46681	427.11832	186.38074	702.1997	-164.96237	6353.4834	1903.0471	8222.094	-400.18777	1000.0	6388.8403	1860.4845	8389.874	-484.7966	1000.0	0.15491055	488000	-0.08657101
123	-428.01096	25.731827	428.46326	186.42435	705.9536	-140.46681	428.46274	186.42395	705.324	-164.96237	6367.4287	1901.5626	8228.853	-400.18777	1000.0	6403.3857	1859.8898	8389.874	-484.7966	1000.0	0.1553545	492000	-0.08586256
124	-429.33752	25.758245	429.7933	186.46338	706.58215	-140.46681	429.79272	186.46324	708.5833	-164.96237	6382.592	1901.3379	8303.441	-400.18777	1000.0	6417.043	1858.5972	8389.874	-484.7966	1000.0	0.1558035	496000	-0.08515538
125	-430.6491	25.776176	431.10825	186.4971	709.4666	-140.46681	431.10773	186.49712	710.1411	-164.96237	6396.252	1899.8575	8303.441	-400.18777	1000.0	6430.9346	1857.6301	8389.874	-484.7966	1000.0	0.1562526	500000	-0.08448278
126	-431.94876	25.797052	432.41116	186.52892	709.4666	-140.46681	432.41068	186.5287	710.60364	-164.96237	6410.027	1898.5623	8303.441	-400.18777	1000.0	6445.0435	1857.0005	8389.874	-484.7966	1000.0	0.15668172	504000	-0.083783336
127	-433.23703	25.816988	433.70267	186.55635	711.5233	-140.46681	433.70218	186.55595	712.4812	-164.96237	6424.316	1897.8655	8303.441	-400.18777	1000.0	6458.679	1856.068	8403.928	-484.7966	1000.0	0.15713371	508000	-0.08305746
128	-434.51044	25.839582	434.97913	186.58167	711.5233	-140.46681	434.9787	186.58113	712.4812	-164.96237	6437.3174	1896.1261	8303.441	-400.18777	1000.0	6471.702	1854.6371	8403.928	-484.7966	1000.0	0.157578	512000	-0.08241548
129	-435.77197	25.862627	436.244	186.605	711.5233	-140.46681	436.2436	186.60483	712.4812	-164.96237	6451.2607	1895.3577	8333.75	-400.18777	1000.0	6485.2964	1853.8456	8403.928	-484.7966	1000.0	0.15801397	516000	-0.081792764
130	-437.0243	25.885973	437.49963	186.62358	712.71643	-140.46681	437.49924	186.62341	712.4812	-164.96237	6464.2373	1893.8108	8333.75	-400.18777	1000.0	6498.4453	1852.7532	8403.928	-484.7966	1000.0	0.15846083	520000	-0.08119651
131	-438.26163	25.907396	438.74014	186.64053	712.71643	-140.46681	438.73975	186.64027	712.4812	-164.96237	6477.366	1892.5302	8360.716	-400.18777	1000.0	6511.268	1851.4651	8403.928	-484.7966	1000.0	0.15887411	524000	-0.08053569
132	-439.48682	25.924435	439.9683	186.6541	714.7957	-140.46681	439.96796	186.65385	713.42645	-164.96237	6489.9146	1890.818	8360.716	-400.18777	1000.0	6524.753	1850.9053	8440.239	-484.7966	1000.0	0.15929598	528000	-0.079935566
133	-440.70465	25.94317	441.18936	186.66824	715.1103	-140.46681	441.189	186.66794	714.792	-164.96237	6501.9297	1888.7664	8360.716	-400.18777	1000.0	6538.352	1850.5654	8543.842	-484.7966	1000.0	0.15968907	532000	-0.07932478
134	-441.91223	25.966644	442.3998	186.6799	715.1103	-140.46681	442.39948	186.67966	714.792	-164.96237	6514.6694	1887.47	8360.716	-400.18777	1000.0	6552.321	1850.6908	8596.242	-484.7966	1000.0	0.16009986	536000	-0.07873783
135	-443.10873	25.991255	443.59927	186.68762	715.1103	-140.46681	443.59888	186.68733	714.792	-164.96237	6527.79	1886.5922	8360.716	-400.18777	1000.0	6564.395	1849.1526	8596.242	-484.7966	1000.0	0.16050933	540000	-0.07810142
136	-444.29126	26.016844	444.78482	186.69408	715.1103	-140.46681	444.78445	186.69362	714.792	-164.96237	6539.6934	1884.7687	8360.716	-400.18777	1000.0	6578.219	1849.353	8688.877	-484.7966	1000.0	0.16091286	544000	-0.077572905
137	-445.46732	26.043217	445.96396	186.70036	715.42084	-140.46681	445.96365	186.69974	717.768	-164.96237	6552.342	1883.6926	8402.448	-400.18777	1000.0	6591.502	1849.1516	8688.877	-484.7966	1000.0	0.16130817	548000	-0.077012785
138	-446.629	26.06898	447.12894	186.70244	716.0613	-140.46681	447.12863	186.70245	717.8676	-164.96237	6564.8354	1882.5647	8423.68	-400.18777	1000.0	6603.8896	1848.166	8688.877	-484.7966	1000.0	0.16171658	552000	-0.07639504
139	-447.78094	26.088066	448.28397	186.70181	717.11115	-140.46681	448.28372	186.70186	717.8676	-164.96237	6577.1504	1881.3674	8436.199	-400.18777	1000.0	6616.774	1847.745	8688.877	-484.7966	1000.0	0.16210349	556000	-0.07587897
140	-448.92313	26.114344	449.42908	186.70169	719.273	-140.46681	449.42874	186.70161	718.6615	-164.96237	6588.627	1879.5259	8436.199	-400.18777	1000.0	6629.8584	1847.6096	8688.877	-484.7966	1000.0	0.16248634	560000	-0.07532184
141	-450.0554	26.134157	450.56442	186.69722	719.273	-140.46681	450.56412	186.69724	718.6615	-164.96237	6599.909	1877.6113	8436.199	-400.18777	1000.0	6641.89	1846.5906	8688.877	-484.7966	1000.0	0.16289617	564000	-0.07477275
142	-451.17746	26.155474	451.6894	186.6934	719.273	-140.46681	451.68906	186.69325	718.6615	-164.96237	6611.6533	1876.2039	8441.417	-400.18777	1000.0	6654.171	1845.8585	8688.877	-484.7966	1000.0	0.16324955	568000	-0.074256904
143	-452.2951	26.17912	452.8099	186.68828	719.8702	-140.46681	452.80948	186.68819	721.0014	-164.96237	6623.409	1874.8763	8441.417	-400.18777	1000.0	6665.5522	1844.418	8688.877	-484.7966	1000.0	0.1636247	572000	-0.07371508
144	-453.40204	26.195766	453.91968	186.6839	721.5941	-140.46681	453.9192	186.68376	721.0014	-164.96237	6634.555	1873.1112	8441.417	-400.18777	1000.0	6677.271	1843.3658	8688.877	-484.7966	1000.0	0.1639746	576000	-0.07322866
145	-454.50412	26.213076	455.02426	186.68143	721.6692	-140.46681	455.0238	186.68117	721.74927	-164.96237	6646.36	1872.0138	8441.417	-400.18777	1000.0	6688.895	1842.3241	8688.877	-484.7966	1000.0	0.16431451	580000	-0.07269975
146	-455.59952	26.23171	456.12244	186.67793	723.0206	-140.46681	456.12195	186.67761	724.96375	-164.96237	6657.821	1870.7335	8570.836	-400.18777	1000.0	6699.496	1840.4595	8688.877	-484.7966	1000.0	0.16466646	584000	-0.072200246
147	-456.68314	26.24828	457.20892	186.67207	723.0206	-140.46681	457.2085	186.67184	724.96375	-164.96237	6668.8843	1869.1489	8570.836	-400.18777	1000.0	6709.834	1838.4863	8688.877	-484.7966	1000.0	0.16504058	588000	-0.07167161
148	-457.7594	26.263079	458.28787	186.66502	723.2029	-140.46681	458.28745	186.66495	724.96375	-164.96237	6680.3765	1868.0531	8570.836	-400.18777	1000.0	6721.305	1837.5863	8688.877	-484.7966	1000.0	0.16540992	592000	-0.0711895
149	-458.82816	26.28255	459.35928	186.65765	726.21606	-140.46681	459.35886	186.6576	726.3499	-164.96237	6690.6284	1865.9805	8570.836	-400.18777	1000.0	6732.758	1836.7167	8688.877	-484.7966	1000.0	0.16575667	596000	-0.07072023
150	-459.89008	26.300167	460.42368	186.6509	726.21606	-140.46681	460.42325	186.6506	726.3499	-164.96237	6701.5864	1864.5645	8570.836	-400.18777	1000.0	6744.1973	1835.9264	8688.877	-484.7966	1000.0	0.1660953	600000	-0.070224755
151	-460.94635	26.31893	461.48257	186.64383	726.47894	-140.46681	461.4822	186.64354	726.3499	-164.96237	6712.981	1863.6238	8570.836	-400.18777	1000.0	6754.236	1833.9958	8688.877	-484.7966	1000.0	0.16643852	604000	-0.0697572
152	-461.99435	26.333292	462.53293	186.6368	728.77423	-140.46681	462.53256	186.6368	727.28467	-164.96237	6723.7104	1862.2108	8570.836	-400.18777	1000.0	6761.3086	1833.9733	8688.877	-484.7966	1000.0	0.16678008	608000	-0.069315046
153	-463.03384	26.358944	463.5751	186.62932	733.9321	-140.46681	463.57474	186.62904	734.3273	-164.96237	6735.831	1862.1299	8647.078	-400.18777	1000.0	6771.204	1832.053	8688.877	-484.7966	1000.0	0.16713704	612000	-0.068819165
154	-464.06195	26.380957	464.606	186.61879	733.9321	-140.46681	464.60556	186.6188	734.3273	-164.96237	6746.477	1860.7428	8647.078	-400.18777	1000.0	6781.7417	1830.7723	8688.877	-484.7966	1000.0	0.16751693	616000	-0.06838294
155	-465.08115	26.403177	465.62802	186.60582	735.70123	-140.46681	465.62762	186.60544	734.3273	-164.96237	6757.2905	1859.6093	8647.078	-400.18777	1000.0	6792.8228	1830.0587	8779.479	-484.7966	1000.0	0.16786024	620000	-0.06792227
156	-466.09457	26.42616	466.64417	186.59082	735.70123	-140.46681	466.6437	186.59038	735.3087	-164.96237	6768.907	1859.2852	8656.001	-400.18777	1000.0	6804.459	1829.9751	8853.869	-484.7966	1000.0	0.16820379	624000	-0.06748932
157	-467.1012	26.448315	467.65326	186.57678	735.70123	-140.46681	467.6528	186.57654	735.3087	-164.96237	6779.8535	1858.4242	8701.622	-400.18777	1000.0	6810.689	1832.8182	8853.869	-484.7966	1000.0	0.16851953	628000	-0.06708951
158	-468.09998	26.472183	468.6545	186.56209	735.70123	-140.46681	468.65405	186.56197	737.7991	-164.96237	6789.5825	1856.5771	8701.622	-400.18777	1000.0	6822.2593	1832.8022	8955.69	-484.7966	1000.0	0.16883989	632000	-0.06665944
159	-469.09354	26.49787	469.65063	186.5476	737.447	-140.46681	469.65018	186.54747	738.5655	-164.96237	6800.6885	1855.9957	8701.622	-400.18777	1000.0	6833.8555	1832.857	8955.69	-484.7966	1000.0	0.16916208	636000	-0.0662214
160	-470.07986	26.52306	470.6395	186.53186	737.447	-140.46681	470.63913	186.532	738.5655	-164.96237	6811.0283	1854.7855	8701.622	-400.18777	1000.0	6845.073	1832.6107	8955.69	-484.7966	1000.0	0.1695104	640000	-0.065788195
161	-471.05582	26.552305	471.6182	186.51434	738.81104	-140.46681	471.61786	186.51398	738.5655	-164.96237	6820.7134	1853.1173	8701.622	-400.18777	1000.0	6854.605	1830.9677	8955.69	-484.7966	1000.0	0.1698618	644000	-0.0653668
162	-472.02362	26.577831	472.58878	186.49454	738.84503	-140.46681	472.58838	186.4942	738.5655	-164.96237	6831.7886	1852.7272	8701.622	-400.18777	1000.0	6865.051	1830.1323	8955.69	-484.7966	1000.0	0.17020501	648000	-0.06496968
163	-472.98492	26.605742	473.55258	186.47299	738.84503	-140.46681	473.55222	186.47253	738.5655	-164.96237	6841.419	1851.1482	8701.622	-400.18777	1000.0	6874.2554	1828.2823	8955.69	-484.7966	1000.0	0.17053029	652000	-0.06456228
164	-473.937	26.63811	474.50717	186.45029	738.84503	-140.46681	474.5068	186.45007	741.20874	-164.96237	6851.605	1850.0923	8701.622	-400.18777	1000.0	6883.167	1826.2649	8955.69	-484.7966	1000.0	0.17086577	656000	-0.06416563
165	-474.88412	26.664547	475.45667	186.42781	739.1962	-140.46681	475.45636	186.42789	741.20874	-164.96237	6862.4795	1849.7333	8719.192	-400.18777	1000.0	6893.0107	1825.1019	8955.69	-484.7966	1000.0	0.17118986	660000	-0.06378747
166	-475.82416	26.691778	476.39914	186.40544	741.0309	-140.46681	476.3988	186.40518	742.10364	-164.96237	6872.839	1848.9913	8738.045	-400.18777	1000.0	6902.847	1824.0299	8955.69	-484.7966	1000.0	0.1715259	664000	-0.06337111
167	-476.7567	26.717953	477.334	186.3804	743.89514	-140.46681	477.33368	186.38023	744.195	-164.96237	6883.0405	1848.1422	8738.045	-400.18777	1000.0	6912.648	1822.9536	8955.69	-484.7966	1000.0	0.17185248	668000	-0.06299449
168	-477.68533	26.733349	478.265	186.35535	743.89514	-140.46681	478.26468	186.35493	744.195	-164.96237	6893.807	1847.8899	8783.067	-400.18777	1000.0	6921.043	1820.7803	8955.69	-484.7966	1000.0	0.1721652	672000	-0.06258418
169	-478.60693	26.752985	479.18903	186.3298	743.89514	-140.46681	479.18875	186.32967	744.195	-164.96237	6903.51	1846.7488	8783.067	-400.18777	1000.0	6931.7817	1820.7294	8955.69	-484.7966	1000.0	0.17250037	676000	-0.06222737
170	-479.52066	26.775318	480.10507	186.30508	743.89514	-140.46681	480.10477	186.30498	744.195	-164.96237	6913.1523	1845.6158	8791.103	-400.18777	1000.0	6941.8877	1820.1622	8955.69	-484.7966	1000.0	0.17281608	680000	-0.06187683
171	-480.42856	26.80415	481.01535	186.28006	745.7439	-140.46681	481.01492	186.27989	747.398	-164.96237	6922.3887	1844.1803	8791.103	-400.18777	1000.0	6952.6704	1820.2871	8955.69	-484.7966	1000.0	0.17312492	684000	-0.061505448
172	-481.33017	26.836464	481.91946	186.25385	746.5962	-140.46681	481.91907	186.2536	747.398	-164.96237	6932.5386	1843.6042	8791.103	-400.18777	1000.0	6962.744	1819.8239	8955.69	-484.7966	1000.0	0.17344455	688000	-0.061117344
173	-482.225	26.870504	482.81668	186.22473	747.1422	-140.46681	482.81625	186.2245	747.398	-164.96237	6942.3706	1842.8003	8791.103	-400.18777	1000.0	6972.2534	1818.8689	8955.69	-484.7966	1000.0	0.17375813	692000	-0.060809508
174	-483.11295	26.89395	483.70688	186.1974	747.6327	-140.46681	483.7065	186.19742	748.58734	-164.96237	6952.4653	1842.325	8871.057	-400.18777	1000.0	6981.3193	1817.5859	8955.69	-484.7966	1000.0	0.17406389	696000	-0.060463067
175	-483.99902	26.916397	484.5954	186.1696	747.89856	-140.46681	484.59494	186.16942	748.58734	-164.96237	6961.9736	1841.3584	8871.057	-400.18777	1000.0	6990.762	1816.6676	8955.69	-484.7966	1000.0	0.1743745	700000	-0.060075823
176	-484.8784	26.942059	485.47717	186.14102	748.7717	-140.46681	485.47678	186.14096	748.7261	-164.96237	6972.02	1840.9287	8871.057	-400.18777	1000.0	7001.493	1817.0907	9272.864	-484.7966	1000.0	0.1747052	704000	-0.05972057
177	-485.75476	26.963547	486.3558	186.11385	749.61273	-140.46681	486.35547	186.11353	749.5533	-164.96237	6981.4956	1840.0251	8871.057	-400.18777	1000.0	7011.889	1817.2162	9272.864	-484.7966	1000.0	0.17501025	708000	-0.059411515
178	-486.62408	26.988617	487.22757	186.0874	749.61273	-140.46681	487.22723	186.08682	749.5533	-164.96237	6991.3994	1839.5986	8878.578	-400.18777	1000.0	7021.215	1816.3569	9272.864	-484.7966	1000.0	0.17533702	712000	-0.059059594
179	-487.48636	27.016626	488.09225	186.0599	749.61273	-140.46681	488.09192	186.0598	749.5533	-164.96237	7001.425	1839.3223	8878.578	-400.18777	1000.0	7029.7983	1814.9015	9272.864	-484.7966	1000.0	0.17565499	716000	-0.058720708
180	-488.3441	27.045235	488.95218	186.03197	751.27423	-140.46681	488.95193	186.03162	752.559	-164.96237	7010.691	1838.4065	8878.578	-400.18777	1000.0	7039.0757	1814.1265	9272.864	-484.7966	1000.0	0.1759788	720000	-0.058377966
181	-489.1946	27.073715	489.80518	186.00142	754.79205	-140.46681	489.8049	186.00114	754.24243	-164.96237	7019.725	1837.3513	8878.578	-400.18777	1000.0	7047.8774	1812.9723	9272.864	-484.7966	1000.0	0.17630006	724000	-0.058036417
182	-490.039	27.10182	490.65186	185.97086	755.82587	-140.46681	490.65152	185.97087	755.17847	-164.96237	7029.2114	1836.7633	8913.485	-400.18777	1000.0	7058.486	1813.6403	9272.864	-484.7966	1000.0	0.17662159	728000	-0.05772691
183	-490.88065	27.12583	491.4957	185.94133	755.82587	-140.46681	491.4954	185.94095	755.5277	-164.96237	7039.164	1836.6918	8964.709	-400.18777	1000.0	7067.206	1812.522	9272.864	-484.7966	1000.0	0.1769166	732000	-0.057409585
184	-491.71646	27.151712	492.33386	185.91223	755.95447	-140.46681	492.33356	185.91212	755.5277	-164.96237	7048.835	1836.3759	8964.709	-400.18777	1000.0	7076.5195	1811.9921	9272.864	-484.7966	1000.0	0.17724384	736000	-0.057067282
185	-492.5469	27.17673	493.16644	185.88287	758.60455	-140.46681	493.16626	185.88281	758.4504	-164.96237	7058.9014	1836.5096	9087.982	-400.18777	1000.0	7084.802	1811.2283	9272.864	-484.7966	1000.0	0.1775643	740000	-0.056784596
186	-493.37354	27.201012	493.99536	185.85246	765.95526	-140.46681	493.99518	185.85236	765.42267	-164.96237	7068.8066	1836.56	9172.398	-400.18777	1000.0	7093.504	1810.2588	9272.864	-484.7966	1000.0	0.17787136	744000	-0.0564713
187	-494.19562	27.232643	494.81973	185.824	766.9879	-140.46681	494.8195	185.8241	767.78015	-164.96237	7077.7646	1835.7212	9172.398	-400.18777	1000.0	7102.8945	1809.9568	9272.864	-484.7966	1000.0	0.17817435	748000	-0.056179248
188	-495.0133	27.264067	495.6395	185.7963	766.9879	-140.46681	495.63934	185.79593	767.78015	-164.96237	7087.1836	1835.3973	9172.398	-400.18777	1000.0	7113.48	1810.9379	9272.864	-484.7966	1000.0	0.1784773	752000	-0.055852134
189	-495.82935	27.28831	496.4576	185.7699	772.4765	-140.46681	496.4575	185.76962	769.4777	-164.96237	7096.4155	1834.9081	9172.398	-400.18777	1000.0	7122.763	1810.6555	9272.864	-484.7966	1000.0	0.17876376	756000	-0.05556962
190	-496.64136	27.319012	497.27182	185.74612	772.4765	-140.46681	497.2716	185.74565	769.4777	-164.96237	7105.8296	1834.649	9172.398	-400.18777	1000.0	7132.386	1810.7454	9272.864	-484.7966	1000.0	0.1790571	760000	-0.055276357
191	-497.4514	27.350027	498.08374	185.72066	772.4765	-140.46681	498.08353	185.72072	771.4636	-164.96237	7115.279	1834.4756	9172.398	-400.18777	1000.0	7142.103	1810.9731	9272.864	-484.7966	1000.0	0.17935045	764000	-0.05499223
192	-498.25836	27.378124	498.89297	185.69984	776.71606	-140.46681	498.8927	185.69936	777.07855	-164.96237	7124.647	1834.2698	9172.398	-400.18777	1000.0	7152.0596	1811.519	9272.864	-484.7966	1000.0	0.179647	768000	-0.054704275
193	-499.06125	27.41169	499.6981	185.67838	779.6049	-140.46681	499.6978	185.67804	780.2541	-164.96237	7134.246	1834.3639	9172.398	-400.18777	1000.0	7161.433	1811.5421	9272.864	-484.7966	1000.0	0.17994633	772000	-0.054401543
194	-499.85956	27.442648	500.49832	185.657	780.22845	-140.46681	500.4981	185.65665	780.2541	-164.96237	7143.639	1834.2802	9172.398	-400.18777	1000.0	7168.971	1809.9255	9272.864	-484.7966	1000.0	0.1802532	776000	-0.05409762
195	-500.653	27.467138	501.29388	185.63448	780.22845	-140.46681	501.2936	185.634	780.2541	-164.96237	7152.705	1833.9326	9172.398	-400.18777	1000.0	7177.439	1809.1382	9272.864	-484.7966	1000.0	0.18055034	780000	-0.053855773
196	-501.44406	27.492756	502.08685	185.61258	781.95404	-140.46681	502.08655	185.61234	783.89813	-164.96237	7161.3774	1833.2565	9172.398	-400.18777	1000.0	7187.3438	1809.8287	9303.703	-484.7966	1000.0	0.18085453	784000	-0.05355706
197	-502.22818	27.51875	502.87296	185.58931	787.5111	-140.46681	502.87268	185.58936	785.2779	-164.96237	7170.3257	1832.9688	9188.838	-400.18777	1000.0	7196.5806	1809.8875	9303.703	-484.7966	1000.0	0.18119009	788000	-0.053289384
198	-503.0054	27.54542	503.65225	185.56346	787.5111	-140.46681	503.65198	185.56337	785.3807	-164.96237	7179.336	1832.7074	9188.838	-400.18777	1000.0	7205.6626	1809.8268	9303.703	-484.7966	1000.0	0.18150237	792000	-0.05301529
199	-503.7786	27.570112	504.42755	185.53784	787.638	-140.46681	504.42725	185.53761	787.5485	-164.96237	7188.1826	1832.3346	9188.838	-400.18777	1000.0	7214.3667	1809.4454	9303.703	-484.7966	1000.0	0.18179682	796000	-0.052748833
200	-504.5497	27.593508	505.20044	185.51237	788.399	-140.46681	505.20013	185.51254	788.488	-164.96237	7197.0913	1832.1161	9225.934	-400.18777	1000.0	7223.025	1809.0643	9303.703	-484.7966	1000.0	0.18209937	800000	-0.052471396
201	-505.31512	27.620708	505.9677	185.48758	788.399	-140.46681	505.9674	185.4872	788.488	-164.96237	7205.7705	1831.68	9225.934	-400.18777	1000.0	7232.998	1810.0891	9459.736	-484.7966	1000.0	0.18240526	804000	-0.0522171
202	-506.0767	27.643776	506.73135	185.46324	789.1117	-140.46681	506.731	185.46281	789.3467	-164.96237	7213.773	1830.6715	9225.934	-400.18777	1000.0	7242.4453	1810.5729	9459.736	-484.7966	1000.0	0.18270317	808000	-0.05193228
203	-506.833	27.668476	507.4897	185.43701	789.3558	-140.46681	507.4893	185.43689	789.3467	-164.96237	7222.707	1830.5773	9225.934	-400.18777	1000.0	7251.6494	1810.853	9459.736	-484.7966	1000.0	0.18300687	812000	-0.05168079
204	-507.58365	27.6936	508.24237	185.41066	790.39197	-140.46681	508.24197	185.41057	790.61566	-164.96237	7231.1997	1830.1075	9225.934	-400.18777	1000.0	7261.0264	1811.3534	9459.736	-484.7966	1000.0	0.183321	816000	-0.051434327
205	-508.33203	27.726593	508.99258	185.38435	790.39197	-140.46681	508.9921	185.38405	791.94073	-164.96237	7240.0596	1830.0574	9325.811	-400.18777	1000.0	7269.247	1810.7588	9459.736	-484.7966	1000.0	0.18362579	820000	-0.051164422
206	-509.0761	27.752758	509.73898	185.35793	790.39197	-140.46681	509.73853	185.35771	791.94073	-164.96237	7249.075	1830.222	9325.811	-400.18777	1000.0	7277.769	1810.5142	9459.736	-484.7966	1000.0	0.18392652	824000	-0.05089804
207	-509.81616	27.778154	510.4811	185.33229	791.50336	-140.46681	510.4807	185.33212	791.94073	-164.96237	7258.34	1830.6471	9337.735	-400.18777	1000.0	7286.709	1810.7057	9459.736	-484.7966	1000.0	0.18423127	828000	-0.050648812
208	-510.54843	27.807224	511.2156	185.30466	792.23596	-140.46681	511.2152	185.30458	793.0671	-164.96237	7263.7354	1830.0022	9337.735	-400.18777	1000.0	7295.9023	1811.2069	9459.736	-484.7966	1000.0	0.1845359	832000	-0.050424382
209	-511.27756	27.845392	511.94687	185.27806	792.23596	-140.46681	511.94647	185.27805	793.0671	-164.96237	7272.4165	1829.9296	9337.735	-400.18777	1000.0	7302.455	1809.3572	9459.736	-484.7966	1000.0	0.18483242	836000	-0.050164543
210	-512.0037	27.888313	512.67505	185.25052	792.23596	-140.46681	512.6747	185.2504	793.0671	-164.96237	7280.69	1829.4824	9337.735	-400.18777	1000.0	7307.5874	1811.8188	9459.736	-484.7966	1000.0	0.18513542	840000	-0.04991299
211	-512.7238	27.92974	513.39734	185.22269	792.23596	-140.46681	513.397	185.22241	793.0671	-164.96237	7289.5166	1829.633	9337.735	-400.18777	1000.0	7316.0513	1811.7026	9459.736	-484.7966	1000.0	0.1854494	844000	-0.049663085
212	-513.4413	27.96562	514.1167	185.19469	792.7956	-140.46681	514.11646	185.19453	793.0671	-165.26605	7298.417	1829.9119	9337.735	-400.18777	1000.0	7324.2397	1811.345	9459.736	-484.7966	1000.0	0.18574804	848000	-0.04947728
213	-514.1586	28.005896	514.836	185.17009	795.1551	-140.46681	514.8358	185.1694	794.1285	-165.26605	7308.0728	1831.0194	9410.135	-400.18777	1000.0	7332.9404	1811.5377	9459.736	-484.7966	1000.0	0.18603244	852000	-0.049195286
214	-514.87164	28.03915	515.55115	185.14566	795.1551	-140.46681	515.5509	185.14568	795.96924	-165.26605	7316.666	1831.0763	9410.135	-400.18777	1000.0	7341.813	1811.9537	9459.736	-484.7966	1000.0	0.18632482	856000	-0.048978526
215	-515.5828	28.077742	516.2642	185.12285	795.1551	-140.46681	516.26404	185.12245	795.96924	-165.26605	7325.3037	1831.1865	9410.135	-400.18777	1000.0	7349.1777	1810.9574	9459.736	-484.7966	1000.0	0.18662424	860000	-0.048742577
216	-516.2885	28.110277	516.9718	185.09778	797.52094	-140.46681	516.97156	185.09732	797.0922	-165.26605	7333.7544	1831.1901	9410.135	-400.18777	1000.0	7357.4507	1810.8594	9459.736	-484.7966	1000.0	0.18693563	864000	-0.04851113
217	-516.99054	28.14982	517.67566	185.07312	797.52094	-140.46681	517.6754	185.07288	797.0922	-165.26605	7342.8296	1831.8385	9410.135	-400.18777	1000.0	7366.3955	1811.5026	9632.884	-484.7966	1000.0	0.18723738	868000	-0.048265345
218	-517.6887	28.184254	518.3757	185.04861	798.3183	-140.46681	518.3755	185.04832	797.0922	-165.26605	7352.031	1832.6638	9508.135	-400.18777	1000.0	7373.6123	1810.4993	9632.884	-484.7966	1000.0	0.18754978	872000	-0.04803346
219	-518.37933	28.219254	519.06836	185.02176	798.3183	-140.46681	519.0682	185.02147	797.0922	-165.26605	7360.5103	1832.8003	9511.386	-400.18777	1000.0	7382.438	1811.07	9632.884	-484.7966	1000.0	0.18786183	876000	-0.047851715
220	-519.066	28.254845	519.75684	184.99287	798.3183	-140.46681	519.7568	184.99275	797.0922	-165.26605	7369.2183	1833.1848	9511.386	-400.18777	1000.0	7390.756	1811.1869	9632.884	-484.7966	1000.0	0.18816829	880000	-0.047620893
221	-519.75055	28.300266	520.44324	184.96611	798.3183	-140.46681	520.4431	184.96585	799.0051	-165.26605	7378.145	1833.8362	9511.386	-400.18777	1000.0	7399.1133	1811.3376	9632.884	-484.7966	1000.0	0.18845895	884000	-0.047413114
222	-520.4324	28.33713	521.1272	184.93898	798.3183	-140.46681	521.1271	184.93848	799.0051	-165.26605	7386.662	1834.0819	9511.386	-400.18777	1000.0	7407.2295	1811.3256	9632.884	-484.7966	1000.0	0.18876942	888000	-0.04717752
223	-521.1097	28.373352	521.8065	184.9101	798.87683	-140.46681	521.80646	184.9101	799.0051	-165.26605	7395.3096	1834.5037	9511.386	-400.18777	1000.0	7414.845	1810.8328	9632.884	-484.7966	1000.0	0.18908031	892000	-0.04694411
224	-521.7848	28.41343	522.48364	184.88333	798.87683	-140.46681	522.4835	184.88312	799.0051	-165.26605	7403.6025	1834.6074	9511.386	-400.18777	1000.0	7422.385	1810.3041	9632.884	-484.7966	1000.0	0.18938662	896000	-0.046736993
225	-522.45593	28.454128	523.1568	184.8562	798.87683	-140.46681	523.1566	184.85587	803.1687	-165.26605	7412.1196	1834.9681	9511.386	-400.18777	1000.0	7431.231	1811.1565	9632.884	-484.7966	1000.0	0.18969196	900000	-0.046542455
226	-523.12463	28.49619	523.82745	184.82974	800.01544	-140.46681	523.8273	184.8296	803.1687	-165.26605	7420.0054	1834.7343	9511.386	-400.18777	1000.0	7439.4824	1811.4327	9632.884	-484.7966	1000.0	0.18999104	904000	-0.0463161
227	-523.78937	28.536087	524.49414	184.80272	800.4456	-140.46681	524.4939	184.80202	803.1687	-165.26605	7429.09	1835.8004	9688.748	-400.18777	1000.0	7446.8916	1810.8976	9632.884	-484.7966	1000.0	0.19031043	908000	-0.046110976
228	-524.45026	28.565948	525.15717	184.7749	800.4456	-140.46681	525.157	184.77458	803.1687	-165.26605	7437.384	1836.0524	9688.748	-400.18777	1000.0	7455.623	1811.7427	9774.406	-484.7966	1000.0	0.19062108	912000	-0.045922328
229	-525.1066	28.596436	525.8154	184.7461	800.9257	-140.46681	525.8153	184.74582	803.1687	-165.26605	7445.3657	1836.0264	9688.748	-400.18777	1000.0	7463.917	1812.1498	9774.406	-484.7966	1000.0	0.19092408	916000	-0.04570949
230	-525.7613	28.62515	526.4719	184.7185	802.3148	-140.46681	526.4718	184.71825	803.7224	-165.26605	7453.013	1835.755	9688.748	-400.18777	1000.0	7470.886	1811.3073	9774.406	-484.7966	1000.0	0.19121788	920000	-0.04553575
231	-526.4155	28.66126	527.128	184.69115	803.46796	-140.46681	527.12787	184.69116	803.822	-165.26605	7461.1265	1835.9382	9688.748	-400.18777	1000.0	7477.4146	1810.8704	9774.406	-484.7966	1000.0	0.19151323	924000	-0.045295887
232	-527.0667	28.692007	527.7812	184.66676	803.6728	-140.46681	527.781	184.66643	803.822	-165.26605	7469.2207	1836.1161	9688.748	-400.18777	1000.0	7485.395	1811.0444	9774.406	-484.7966	1000.0	0.19181387	928000	-0.045124054
233	-527.71454	28.72193	528.4308	184.64117	806.36194	-140.46681	528.4306	184.64076	806.4811	-165.26605	7477.3516	1836.405	9688.748	-400.18777	1000.0	7492.989	1810.8647	9774.406	-484.7966	1000.0	0.19210927	932000	-0.044918247
234	-528.36145	28.757872	529.0795	184.6169	807.4243	-140.46681	529.0794	184.6167	809.13416	-165.26605	7484.842	1836.0807	9688.748	-400.18777	1000.0	7495.9	1815.4235	9774.406	-484.7966	1000.0	0.19240242	936000	-0.044715617
235	-529.0051	28.79338	529.72534	184.59396	812.42896	-140.46681	529.72516	184.59366	812.0195	-165.26605	7492.97	1836.3881	9688.748	-400.18777	1000.0	7503.9688	1815.8209	9813.8	-484.7966	1000.0	0.1927136	940000	-0.044520672
236	-529.645	28.831564	530.36707	184.56938	812.42896	-140.46681	530.3669	184.56895	812.0195	-165.26605	7500.9746	1836.6298	9688.748	-400.18777	1000.0	7512.4424	1816.8475	9813.8	-484.7966	1000.0	0.19302061	944000	-0.04433727
237	-530.28094	28.86288	531.00476	184.5427	812.42896	-140.46681	531.00464	184.54248	812.0195	-165.26605	7508.5317	1836.467	9688.748	-400.18777	1000.0	7520.211	1817.0685	9813.8	-484.7966	1000.0	0.19331823	948000	-0.04413135
238	-530.91376	28.897806	531.63947	184.5167	812.42896	-140.46681	531.6394	184.51663	812.0195	-165.26605	7516.174	1836.4142	9688.748	-400.18777	1000.0	7527.516	1817.3219	9813.8	-484.7966	1000.0	0.19361326	952000	-0.043932784
239	-531.5449	28.931942	532.27246	184.49152	812.42896	-140.46681	532.2724	184.49112	812.0195	-165.26605	7524.4736	1837.0426	9688.748	-400.18777	1000.0	7535.913	1818.1564	9813.8	-484.7966	1000.0	0.19390728	956000	-0.043775354
240	-532.17017	28.97833	532.8997	184.46388	813.0303	-175.5747	532.8997	184.46385	812.0195	-165.26605	7531.2656	1836.3501	9688.748	-400.18777	1000.0	7544.104	1818.8025	9813.8	-484.7966	1000.0	0.19422892	960000	-0.0435729
241	-532.7909	29.010824	533.5222	184.43512	813.0303	-175.5747	533.5223	184.43494	812.0195	-165.26605	7538.6235	1836.0886	9688.748	-400.18777	1000.0	7552.2256	1819.4019	9813.8	-484.7966	1000.0	0.19452174	964000	-0.043393698
242	-533.4081	29.046694	534.14124	184.40518	813.0303	-175.5747	534.1413	184.40497	812.0195	-165.26605	7546.6987	1836.5818	9688.748	-400.18777	1000.0	7557.802	1821.354	9813.8	-484.7966	1000.0	0.19482616	968000	-0.043210585
243	-534.0221	29.085583	534.7571	184.37575	813.0303	-175.5747	534.7571	184.3754	812.0195	-305.90372	7551.848	1835.3055	9688.748	-400.18777	1000.0	7563.3877	1823.337	9813.8	-484.7966	1000.0	0.19511123	972000	-0.043040212
244	-534.63367	29.121788	535.3706	184.34602	813.0303	-175.5747	535.3706	184.34615	812.0195	-305.90372	7559.8706	1835.8103	9688.748	-400.18777	1000.0	7572.2817	1824.881	9864.348	-484.7966	1000.0	0.19539823	976000	-0.0428599
245	-535.24255	29.156227	535.9813	184.31636	813.0303	-175.5747	535.9812	184.3161	812.0195	-305.90372	7567.676	1836.1211	9688.748	-400.18777	1000.0	7580.847	1826.077	9884.437	-484.7966	1000.0	0.19569552	980000	-0.042682283
246	-535.8491	29.192947	536.5897	184.28656	813.0303	-175.5747	536.58966	184.2866	812.0195	-305.90372	7575.751	1836.7599	9777.427	-400.18777	1000.0	7582.127	1830.5463	9907.768	-484.7966	1000.0	0.1959828	984000	-0.04251143
247	-536.45374	29.232508	537.19604	184.25932	814.2848	-175.5747	537.1959	184.25903	812.0195	-305.90372	7583.786	1837.3718	9777.427	-400.18777	1000.0	7589.1045	1830.1392	9907.768	-484.7966	1000.0	0.19627173	988000	-0.04231185
248	-537.0556	29.285076	537.7999	184.23239	814.2848	-185.81482	537.79974	184.23216	813.072	-305.90372	7583.9546	1844.8595	9777.427	-400.18777	1000.0	7596.287	1829.946	9907.768	-484.7966	1000.0	0.1965737	992000	-0.042151283
249	-537.6512	29.339546	538.3974	184.20511	814.2848	-200.31197	538.3973	184.20462	813.8786	-305.90372	7591.5933	1845.1038	9777.427	-400.18777	1000.0	7602.67	1830.2201	9907.768	-484.7966	1000.0	0.19687341	996000	-0.042000823
250	-538.2437	29.38299	538.9915	184.17715	817.39136	-200.31197	538.99133	184.1768	818.92365	-305.90372	7598.881	1845.0135	9777.427	-400.18777	1000.0	7610.395	1830.6359	9907.768	-484.7966	1000.0	0.19715346	1000000	-0.04178597
