epoch	pi-loss	q-loss	average-q1-values	std-q1-values	max-q1-values	min-q1-values	average-q2-values	std-q2-values	max-q2-values	min-q2-values	average-episode-return	std-episode-return	max-episode-return	min-episode-return	episode-length	average-test-episode-return	std-test-episode-return	max-test-episode-return	min-test-episode-return	test-episode-length	entropy-coeff	total-env-interacts	entropy-coeff-loss
1	-12.11424	1.2449114	10.800122	3.3427906	22.422035	-1.160612	10.801688	3.3377607	22.493618	-0.6038008	-234.71367	47.402676	-180.52193	-301.01593	1000.0	-414.74225	40.560047	-366.16373	-485.723	1000.0	0.3158842	4000	-12.314524
2	-15.296866	1.5822439	14.303031	5.1558332	38.83446	-1.160612	14.303567	5.1536837	39.014683	-0.6038008	-230.08478	43.855762	-168.79181	-301.01593	1000.0	-311.22568	108.75665	-157.65091	-485.723	1000.0	0.15407349	8000	-7.9087877
3	-16.311497	1.6831596	15.541812	7.732828	53.036285	-1.160612	15.54202	7.732241	54.316254	-0.6038008	-206.02925	66.092	-35.60741	-301.01593	1000.0	-236.219	139.14236	-40.001312	-485.723	1000.0	0.10249188	12000	-5.372219
4	-16.78469	1.8390745	16.16231	10.205073	58.28797	-2.239421	16.162325	10.20535	57.596317	-3.174159	-47.323593	333.83786	787.0426	-301.01593	1000.0	38.782608	493.37427	964.9933	-485.723	1000.0	0.0771496	16000	-3.9084303
5	-18.372637	2.1289914	17.82472	13.4195595	87.437195	-5.073306	17.824955	13.419624	89.26302	-5.0461464	243.09468	663.7539	1666.8713	-301.01593	1000.0	360.44772	782.74176	1959.8013	-485.723	1000.0	0.06373537	20000	-2.9812686
6	-21.342274	2.730933	20.826942	18.042898	116.82092	-6.1217613	20.827082	18.043169	117.86562	-6.54166	469.52994	853.401	2473.4143	-301.01593	1000.0	687.5381	1024.9767	2621.0671	-485.723	1000.0	0.05670446	24000	-2.4284842
7	-25.717793	3.609259	25.219894	24.549765	147.165	-8.785135	25.219883	24.550516	149.03697	-8.938355	767.61945	1076.0681	2658.4487	-301.01593	1000.0	982.7384	1195.9999	3083.456	-485.723	1000.0	0.052791692	28000	-2.045208
8	-31.464327	4.6989727	30.98438	32.270885	182.67657	-11.892572	30.984257	32.272034	183.76964	-10.989524	1029.8059	1224.277	3172.245	-301.01593	1000.0	1283.0422	1373.1592	3558.1282	-485.723	1000.0	0.05108537	32000	-1.7681069
9	-38.289658	5.7991076	37.828156	40.664032	218.29056	-12.598708	37.82802	40.66522	221.96248	-11.440457	1298.6895	1384.2423	3815.7915	-301.01593	1000.0	1550.8486	1501.247	4156.756	-485.723	1000.0	0.050896958	36000	-1.5543175
10	-46.017136	6.9129767	45.571198	49.528297	247.29121	-12.598708	45.57104	49.529396	249.39496	-12.13169	1564.1351	1536.8062	4248.274	-301.01593	1000.0	1794.7708	1601.9967	4295.442	-485.723	1000.0	0.051787846	40000	-1.3867153
11	-54.48319	8.019654	54.05306	58.616184	276.739	-14.580401	54.05283	58.61698	276.97247	-13.328624	1797.9844	1641.9701	4360.866	-301.01593	1000.0	1999.8297	1660.1805	4295.442	-485.723	1000.0	0.053562503	44000	-1.2536323
12	-63.334663	9.123703	62.926643	67.43606	308.69617	-14.580401	62.926357	67.43658	309.64438	-13.328624	1996.459	1704.4557	4360.866	-301.01593	1000.0	2184.2485	1703.7363	4422.916	-485.723	1000.0	0.05582105	48000	-1.1438227
13	-72.355835	10.179812	71.97245	75.703545	328.26065	-14.580401	71.97215	75.70389	328.64352	-13.328624	2168.3948	1743.2303	4400.2886	-301.01593	1000.0	2346.5376	1731.1932	4576.7466	-485.723	1000.0	0.058186065	52000	-1.0516948
14	-81.307755	11.186589	80.95069	83.25611	349.76764	-14.580401	80.95034	83.25628	346.24792	-13.328624	2329.2087	1777.0763	4443.1875	-301.01593	1000.0	2481.9265	1755.3345	4711.6216	-485.723	1000.0	0.06078151	56000	-0.9734701
15	-89.934685	12.248707	89.604965	90.05174	369.20624	-20.457283	89.604614	90.05179	364.86884	-22.626177	2436.8833	1813.9348	4984.7974	-301.01593	1000.0	2603.134	1783.4108	5131.709	-485.723	1000.0	0.06333333	60000	-0.90652424
16	-98.39409	13.265969	98.09157	96.2998	375.17584	-29.412994	98.0912	96.29972	375.89932	-22.883999	2575.88	1837.2355	4984.7974	-301.01593	1000.0	2741.1406	1807.7908	5131.709	-485.723	1000.0	0.065992445	64000	-0.8477559
17	-106.67273	14.197592	106.39804	101.98779	386.97882	-29.412994	106.39767	101.98766	387.81107	-22.883999	2708.5488	1859.8624	4984.7974	-301.01593	1000.0	2863.1538	1820.8472	5158.1787	-485.723	1000.0	0.068766944	68000	-0.7962598
18	-114.703125	15.057373	114.45517	107.14328	397.5616	-29.412994	114.45479	107.14309	397.688	-22.883999	2844.083	1892.4149	5368.554	-301.01593	1000.0	2990.4834	1845.9872	5304.774	-485.723	1000.0	0.071406655	72000	-0.75107056
19	-122.52561	15.822508	122.30349	111.910576	407.5684	-29.412994	122.30305	111.910324	408.82907	-22.883999	2970.7024	1918.9077	5463.4634	-301.01593	1000.0	3117.165	1875.5709	5598.428	-485.723	1000.0	0.07397328	76000	-0.71009904
20	-130.15646	16.509773	129.95786	116.339615	425.46307	-29.412994	129.95743	116.33929	427.5256	-22.883999	3093.519	1945.4932	5510.324	-301.01593	1000.0	3225.3196	1889.0027	5715.649	-485.723	1000.0	0.076528646	80000	-0.6740306
21	-137.59811	17.12825	137.42314	120.47088	432.03473	-29.412994	137.42267	120.470566	431.49655	-22.883999	3203.9082	1961.7699	5510.324	-301.01593	1000.0	3333.4172	1906.0208	5740.0728	-485.723	1000.0	0.078997016	84000	-0.64048797
22	-144.83438	17.67388	144.6806	124.319084	438.81564	-29.412994	144.6802	124.31876	437.55493	-22.883999	3311.915	1979.6006	5682.4004	-301.01593	1000.0	3444.205	1930.2806	6013.234	-485.723	1000.0	0.08140321	88000	-0.61131376
23	-151.912	18.190048	151.77899	127.959854	451.44052	-29.412994	151.77855	127.95958	449.73407	-22.883999	3423.3508	2005.487	5994.77	-301.01593	1000.0	3546.0623	1947.6484	6013.234	-485.723	1000.0	0.08374904	92000	-0.58357877
24	-158.79413	18.677322	158.68118	131.37439	458.3618	-29.412994	158.68071	131.37402	457.70847	-22.883999	3519.2432	2016.7612	5994.77	-301.01593	1000.0	3644.59	1964.4247	6013.234	-485.723	1000.0	0.08603875	96000	-0.5589808
25	-165.52202	19.120266	165.42792	134.59744	463.92456	-29.412994	165.42749	134.59718	465.753	-22.883999	3615.7078	2031.9467	6116.6313	-301.01593	1000.0	3737.6443	1978.1514	6135.904	-485.723	1000.0	0.088400744	100000	-0.5356534
26	-172.08202	19.49572	172.0064	137.63297	472.36472	-29.412994	172.00597	137.63264	470.86395	-22.883999	3709.19	2046.6694	6206.3994	-301.01593	1000.0	3823.2087	1986.4498	6135.904	-485.723	1000.0	0.090710774	104000	-0.51507616
27	-178.48541	19.832142	178.42775	140.50992	478.58392	-29.412994	178.42735	140.50964	479.1495	-22.883999	3799.709	2060.7864	6239.4546	-301.01593	1000.0	3913.9834	2003.647	6467.27	-485.723	1000.0	0.09287467	108000	-0.49549517
28	-184.75621	20.144016	184.71484	143.24661	485.60672	-29.412994	184.71445	143.24625	489.96884	-22.883999	3885.312	2072.0083	6308.7866	-301.01593	1000.0	3999.7585	2017.477	6474.245	-485.723	1000.0	0.09502195	112000	-0.47749004
29	-190.86609	20.413076	190.84145	145.84274	489.78757	-29.412994	190.84097	145.84244	493.93442	-22.883999	3965.99	2080.3484	6358.691	-301.01593	1000.0	4080.4216	2027.9015	6559.2236	-485.723	1000.0	0.09708691	116000	-0.4606669
30	-196.81604	20.638573	196.8071	148.2859	498.5226	-29.412994	196.80667	148.28566	499.21103	-22.883999	4047.307	2091.751	6460.2266	-301.01593	1000.0	4155.848	2034.8846	6559.2236	-485.723	1000.0	0.09909342	120000	-0.44536158
31	-202.62306	20.849327	202.62929	150.60258	504.1265	-29.412994	202.62898	150.60243	506.5462	-22.883999	4123.255	2099.4297	6493.154	-301.01593	1000.0	4231.6562	2044.5203	6718.747	-485.723	1000.0	0.10099884	124000	-0.4304962
32	-208.3032	21.028906	208.32436	152.81268	512.1053	-29.412994	208.3241	152.81247	511.48837	-22.883999	4199.332	2109.3777	6636.8105	-301.01593	1000.0	4303.8857	2052.1987	6718.747	-485.723	1000.0	0.102897294	128000	-0.4170167
33	-213.86113	21.187046	213.89735	154.91597	515.0636	-29.412994	213.89702	154.9159	515.59924	-22.883999	4270.4487	2115.9368	6683.923	-301.01593	1000.0	4370.728	2056.01	6718.747	-485.723	1000.0	0.104742266	132000	-0.40411615
34	-219.28403	21.346699	219.33357	156.91441	527.50696	-29.412994	219.33327	156.91411	526.93335	-27.162489	4341.0137	2123.6587	6743.4546	-301.01593	1000.0	4439.1807	2063.4185	6862.4424	-485.723	1000.0	0.106480464	136000	-0.39193383
35	-224.57954	21.484428	224.642	158.8182	535.126	-29.412994	224.64171	158.8181	533.4423	-27.162489	4407.973	2129.2195	6754.6304	-301.01593	1000.0	4506.6416	2071.4546	6903.4155	-485.723	1000.0	0.10815993	140000	-0.380737
36	-229.75766	21.62911	229.83345	160.63628	539.023	-48.773476	229.83324	160.6362	538.41315	-27.162489	4470.1885	2131.4932	6754.6304	-301.01593	1000.0	4572.1465	2078.996	7062.2446	-485.723	1000.0	0.10980408	144000	-0.37017435
37	-234.82707	21.75478	234.9152	162.37077	543.8172	-48.773476	234.91496	162.37053	545.3021	-27.162489	4530.698	2133.6526	6804.095	-301.01593	1000.0	4632.3027	2082.2847	7062.2446	-485.723	1000.0	0.111462615	148000	-0.35965082
38	-239.78487	21.86559	239.88474	164.02457	547.9347	-48.773476	239.88437	164.0244	547.1178	-27.162489	4590.622	2136.8245	6945.266	-301.01593	1000.0	4691.064	2085.5762	7062.2446	-485.723	1000.0	0.11301115	152000	-0.35014737
39	-244.64407	21.970737	244.75505	165.61038	560.5905	-48.773476	244.75465	165.61012	560.0903	-27.162489	4648.3037	2139.25	7055.1826	-301.01593	1000.0	4746.6934	2087.1328	7093.2734	-485.723	1000.0	0.11453767	156000	-0.341218
40	-249.40031	22.070621	249.52258	167.13394	562.49023	-48.773476	249.5222	167.13387	563.17914	-27.162489	4706.0337	2142.9202	7055.1826	-301.01593	1000.0	4781.676	2088.836	7093.2734	-485.723	1000.0	0.1160647	160000	-0.33237916
41	-254.05095	22.186302	254.18404	168.59262	570.37726	-50.13957	254.18367	168.59253	571.59924	-84.97427	4764.614	2148.917	7269.277	-301.01593	1000.0	4836.498	2092.1653	7161.948	-485.723	1000.0	0.11750824	164000	-0.32412243
42	-258.60568	22.288464	258.74933	169.98956	575.1844	-50.13957	258.74884	169.9895	575.0594	-84.97427	4818.4316	2151.097	7269.277	-301.01593	1000.0	4885.2085	2092.0127	7206.918	-485.723	1000.0	0.118978865	168000	-0.31635928
43	-263.0718	22.387705	263.226	171.32204	579.8184	-50.13957	263.22556	171.322	579.9535	-84.97427	4869.924	2152.0222	7269.277	-301.01593	1000.0	4937.9805	2095.7397	7416.0566	-485.723	1000.0	0.12038052	172000	-0.30895594
44	-267.44186	22.517246	267.6068	172.59637	584.55383	-50.13957	267.6063	172.59628	582.97	-84.97427	4922.698	2155.4138	7280.164	-301.01593	1000.0	4990.16	2099.8872	7416.0566	-485.723	1000.0	0.121793695	176000	-0.3018737
45	-271.7206	22.642513	271.89566	173.80525	588.76086	-50.13957	271.89508	173.8051	588.8629	-84.97427	4973.5957	2158.0693	7360.96	-301.01593	1000.0	5037.8506	2100.4622	7416.0566	-485.723	1000.0	0.12313123	180000	-0.29499993
46	-275.92184	22.75918	276.10696	174.97104	590.93536	-50.13957	276.10654	174.97112	593.4493	-84.97427	5024.797	2162.016	7452.222	-301.01593	1000.0	5086.7725	2103.3977	7575.6436	-485.723	1000.0	0.12446328	184000	-0.28871512
47	-280.03683	22.862192	280.23138	176.09285	599.0192	-50.13957	280.23093	176.09288	596.7849	-84.97427	5075.7236	2166.7034	7538.2393	-301.01593	1000.0	5136.931	2108.5894	7607.6934	-485.723	1000.0	0.12576894	188000	-0.2823454
48	-284.08835	22.954414	284.29242	177.17316	602.85767	-50.13957	284.29205	177.17325	600.25635	-84.97427	5124.229	2169.6865	7538.2393	-301.01593	1000.0	5183.211	2110.5645	7607.6934	-485.723	1000.0	0.12706251	192000	-0.27641714
49	-288.06244	23.086126	288.2757	178.21022	606.52954	-50.13957	288.2753	178.21022	606.1716	-84.97427	5167.5693	2168.3938	7538.2393	-301.01593	1000.0	5227.5215	2111.476	7607.6934	-485.723	1000.0	0.12828654	196000	-0.27077922
50	-291.96533	23.211277	292.1871	179.21292	609.33185	-50.13957	292.1866	179.21278	611.48114	-84.97427	5210.7886	2167.9404	7538.2393	-301.01593	1000.0	5271.381	2112.704	7607.6934	-485.723	1000.0	0.1294933	200000	-0.26523975
