epoch	pi-loss	q-loss	average-q1-values	std-q1-values	max-q1-values	min-q1-values	average-q2-values	std-q2-values	max-q2-values	min-q2-values	average-episode-return	std-episode-return	max-episode-return	min-episode-return	episode-length	average-test-episode-return	std-test-episode-return	max-test-episode-return	min-test-episode-return	test-episode-length	entropy-coeff	total-env-interacts	entropy-coeff-loss
1	-14.473882	2.362781	12.783764	7.935504	57.642998	-7.1265974	12.784375	7.925004	58.332787	-4.5751505	16.726454	12.253389	88.29225	5.156622	21.857924	74.72265	9.536127	84.89693	48.44772	41.9	0.34305426	4000	-2.936606
2	-39.09923	24.150888	35.62126	30.128273	168.78577	-33.177097	35.620808	30.120337	169.78954	-31.472343	27.033958	35.88912	192.59998	4.7436666	26.229507	117.21593	43.162056	166.23701	48.44772	65.9	0.23745307	8000	-1.1085052
3	-68.10632	44.678795	63.937737	50.478836	198.24893	-45.064133	63.937317	50.460865	200.33182	-44.298557	46.709282	64.92426	227.41553	4.7436666	34.88372	145.74156	53.626038	208.89203	48.44772	77.86667	0.22251152	12000	-0.71063006
4	-87.264145	51.327435	83.02796	60.274956	211.20856	-60.915665	83.02843	60.242016	212.53412	-51.826008	63.63906	80.459656	257.8638	4.7436666	41.884815	175.51389	69.51302	277.7352	48.44772	93.775	0.20937805	16000	-0.5395289
5	-97.94866	52.793922	93.87942	63.60707	215.89948	-64.185265	93.88046	63.566353	224.37668	-55.830242	75.640114	91.22898	374.45502	4.7436666	48.192772	176.25899	80.811035	391.19598	48.44772	100.94	0.19064416	20000	-0.42472643
6	-106.096596	55.019024	102.07518	63.766712	215.89948	-70.76724	102.07707	63.723576	224.37668	-69.592926	86.09819	105.7888	565.9858	4.7436666	55.04587	205.14658	98.285065	391.19598	48.44772	113.55	0.18244149	24000	-0.35108864
7	-112.84467	55.746677	108.96776	63.62332	215.89948	-70.76724	108.96862	63.582893	224.37668	-69.592926	99.8441	117.446236	565.9858	4.7436666	60.475163	227.55113	106.51287	391.19598	48.44772	118.27143	0.17219746	28000	-0.30695227
8	-117.70286	55.3009	114.00801	63.446526	249.77899	-89.777306	114.00894	63.4084	250.752	-69.592926	114.245605	128.04468	565.9858	4.7436666	64.90872	238.81918	104.11558	391.19598	48.44772	119.7875	0.16351622	32000	-0.26676786
9	-121.27952	54.023026	117.75763	63.076164	249.77899	-89.777306	117.75849	63.040794	250.752	-74.63191	129.87292	146.55489	921.50464	4.7436666	69.49807	275.47104	146.03806	810.5544	48.44772	127.077774	0.1568577	36000	-0.23751348
10	-124.54818	53.231163	121.15866	62.68895	257.0891	-89.777306	121.159225	62.65686	252.44444	-74.63191	147.3169	194.72235	2016.934	4.7436666	75.32957	338.80725	238.69241	1163.6455	48.44772	149.61	0.15142833	40000	-0.21232374
11	-127.77352	52.670082	124.521416	62.4945	257.0891	-106.23554	124.52198	62.46498	252.44444	-87.720474	159.7456	205.35231	2016.934	4.7436666	79.710144	331.7446	229.48691	1163.6455	48.44772	146.89091	0.14701588	44000	-0.19301525
12	-130.75937	52.953274	127.6373	62.41174	291.7401	-106.23554	127.637886	62.38533	300.34805	-87.720474	171.95277	214.89351	2016.934	4.7436666	83.478264	356.75958	235.78549	1163.6455	48.44772	152.75	0.14314534	48000	-0.17715366
13	-133.59647	53.219223	130.58685	62.438858	299.8583	-106.23554	130.5876	62.415348	300.34805	-87.720474	184.88054	227.2945	2016.934	4.7436666	87.83784	377.30536	237.54437	1163.6455	48.44772	156.38461	0.13986573	52000	-0.16287023
14	-136.40054	53.258057	133.4883	62.72976	299.8583	-106.23554	133.48909	62.70891	303.37766	-94.90014	200.53564	246.52469	2016.934	4.7436666	92.10526	439.78696	344.08368	2120.066	48.44772	173.97858	0.13679431	56000	-0.15239507
15	-139.28732	53.391037	136.46269	63.33512	299.8583	-106.23554	136.4634	63.317165	305.23264	-97.484856	216.26721	275.41788	2016.934	4.7436666	96.618355	486.56723	381.39615	2120.066	48.44772	186.57333	0.13386244	60000	-0.1417293
16	-142.22853	53.317867	139.4825	64.1582	299.8583	-106.23554	139.48318	64.14237	305.23264	-97.484856	230.35748	291.62283	2016.934	4.7436666	100.7874	497.5704	386.03342	2120.066	48.44772	189.36874	0.13149041	64000	-0.13162717
17	-145.03209	53.2963	142.36446	64.99856	299.8583	-106.23554	142.36516	64.98452	305.23264	-133.37317	242.46861	302.5419	2016.934	4.7436666	104.45468	499.79797	387.83142	2120.066	48.44772	190.26471	0.12930241	68000	-0.123998985
18	-147.67084	53.50434	145.07474	65.78522	312.09772	-106.23554	145.07538	65.7725	315.78476	-133.37317	255.16432	313.62674	2016.934	4.7436666	108.10811	541.0242	416.62	2120.066	48.44772	200.87778	0.12772043	72000	-0.11730904
19	-150.19318	53.651173	147.66574	66.545204	312.09772	-158.12401	147.66629	66.53363	315.78476	-133.37317	266.99893	323.35437	2016.934	4.7436666	111.43695	549.38385	447.2753	2879.1445	48.44772	204.21579	0.12619878	76000	-0.11029491
20	-152.60876	54.022068	150.14291	67.27598	323.28833	-166.31688	150.14362	67.26515	317.50815	-133.37317	254.90607	327.35724	2016.934	-1.5551487	106.95187	522.14667	451.82724	2879.1445	4.036106	195.445	0.12468467	80000	-0.10561968
21	-154.85672	55.054665	152.43219	67.96617	323.28833	-166.31688	152.43265	67.956764	317.50815	-133.37317	236.43755	320.03998	2016.934	-1.5551487	102.68948	498.3866	453.5609	2879.1445	4.036106	187.51904	0.12362636	84000	-0.09958467
22	-156.89078	56.17439	154.5081	68.50781	323.28833	-166.31688	154.50848	68.49939	320.16382	-133.37317	245.68472	331.7284	2016.934	-1.5551487	105.76923	507.18094	474.6482	2879.1445	4.036106	191.85454	0.122663476	88000	-0.095883146
23	-158.67905	56.787827	156.34244	68.86518	323.28833	-166.31688	156.34283	68.857475	320.9659	-133.37317	254.41968	343.9268	2514.244	-1.5551487	108.87574	521.9957	471.91827	2879.1445	4.036106	196.18695	0.121454194	92000	-0.09112517
24	-160.29266	57.4802	157.99873	69.1151	323.28833	-166.31688	157.99922	69.1079	320.9659	-133.37317	262.8898	350.86743	2514.244	-1.5551487	111.36891	537.9724	468.7523	2879.1445	4.036106	199.92917	0.120326824	96000	-0.08740035
25	-161.80243	57.91167	159.54938	69.33325	323.28833	-166.31688	159.54985	69.326195	320.9659	-142.36472	272.70035	360.27457	2514.244	-1.5551487	114.28571	605.45624	578.12256	3195.1033	4.036106	221.612	0.11926515	100000	-0.08452465
26	-163.22925	58.174797	161.01613	69.49916	323.28833	-166.31688	161.01656	69.49238	320.9659	-142.36472	283.9901	381.76028	3171.0447	-1.5551487	117.64706	620.0621	572.6938	3195.1033	4.036106	225.71153	0.11816851	104000	-0.080992825
27	-164.61046	58.335087	162.43709	69.62844	323.28833	-166.31688	162.43759	69.62187	320.9659	-142.36472	294.16843	393.90823	3171.0447	-1.5551487	120.67039	633.1806	577.0881	3195.1033	4.036106	229.7	0.11708264	108000	-0.077781305
28	-165.95319	58.37196	163.81609	69.72447	323.28833	-166.31688	163.8166	69.718155	320.9659	-172.25624	304.4599	406.4873	3171.0447	-1.5551487	123.62031	676.60205	610.7202	3195.1033	4.036106	241.51785	0.116209805	112000	-0.07513016
29	-167.27423	58.37234	165.1737	69.80601	323.28833	-166.31688	165.17427	69.79963	320.9659	-172.25624	315.52625	424.19684	3171.0447	-1.5551487	126.91466	756.7696	734.92017	3195.1033	4.036106	267.67242	0.11511351	116000	-0.07315761
30	-168.53761	58.292377	166.47578	69.885376	323.28833	-166.31688	166.47632	69.8793	320.9659	-172.25624	327.35437	449.65305	3225.7812	-1.5551487	130.43478	827.54834	827.2578	3195.1033	4.036106	289.56332	0.113953136	120000	-0.07098151
31	-169.74724	58.076317	167.7229	69.95776	323.28833	-166.31688	167.72339	69.951836	320.9659	-172.25624	337.7572	460.9532	3225.7812	-1.5551487	133.33333	841.34796	817.5428	3195.1033	4.036106	292.6613	0.11277426	124000	-0.068857625
32	-170.90408	57.857883	168.91603	70.014366	323.28833	-166.31688	168.91655	70.008606	320.9659	-172.25624	347.625	469.1567	3225.7812	-1.5551487	136.17021	850.06604	808.2538	3195.1033	4.036106	294.54062	0.11166556	128000	-0.06666008
33	-172.01842	57.608128	170.06433	70.05596	323.28833	-166.31688	170.06493	70.05042	320.9659	-172.25624	358.08676	482.37985	3225.7812	-1.5551487	139.09378	860.2306	798.296	3195.1033	4.036106	296.61212	0.11058026	132000	-0.06499126
34	-173.09663	57.344116	171.17555	70.09491	323.28833	-166.31688	171.17606	70.08956	320.9659	-172.25624	368.05667	489.86664	3225.7812	-1.5551487	141.81439	869.4208	788.47284	3195.1033	4.036106	298.47647	0.10955401	136000	-0.0630519
35	-174.16698	57.10728	172.27713	70.14429	323.28833	-166.31688	172.27766	70.13903	320.9659	-172.25624	378.41168	504.9563	3225.7812	-1.5551487	144.77766	883.0797	786.8589	3195.1033	4.036106	301.76285	0.10861921	140000	-0.060843475
36	-175.24585	56.947933	173.38615	70.22242	323.28833	-168.07793	173.3867	70.21733	320.9659	-172.25624	387.57172	515.5415	3225.7812	-1.5551487	147.38997	905.18427	787.8492	3195.1033	4.036106	307.8889	0.10777892	144000	-0.05960801
37	-176.31447	56.658264	174.48447	70.30259	323.28833	-168.07793	174.48508	70.29743	320.9659	-172.25624	397.32974	523.9255	3225.7812	-1.5551487	150.10143	916.51917	780.29395	3195.1033	4.036106	310.28378	0.10685808	148000	-0.057532415
38	-177.36655	56.397007	175.5661	70.39266	323.28833	-168.07793	175.56665	70.38755	320.9659	-172.25624	407.28006	534.9549	3225.7812	-1.5551487	152.91751	942.8099	788.8158	3195.1033	4.036106	317.06317	0.1059479	152000	-0.05665963
39	-178.40344	56.144226	176.63094	70.50042	323.28833	-168.07793	176.63148	70.49553	320.9659	-172.25624	417.24356	546.2621	3225.7812	-1.5551487	155.68863	963.5989	789.5666	3195.1033	4.036106	322.43076	0.10506499	156000	-0.05497711
40	-179.4447	55.85165	177.69922	70.62627	323.28833	-181.54216	177.69977	70.621475	320.9659	-172.25624	427.8354	563.7654	3225.7812	-1.5551487	158.73016	1019.8695	855.22375	3336.083	4.036106	339.2025	0.10419311	160000	-0.053883653
41	-180.4934	55.573605	178.77379	70.76616	323.28833	-181.54216	178.77428	70.76142	320.9659	-172.25624	438.8592	584.88574	3322.1267	-1.5551487	161.89536	1072.089	906.9981	3336.083	4.036106	355.31952	0.103378564	164000	-0.052252714
42	-181.53354	55.315372	179.8383	70.9184	323.28833	-181.54216	179.83879	70.91369	320.9659	-172.25624	448.7946	598.29266	3322.1267	-1.5551487	164.70589	1088.0773	903.13763	3336.083	4.036106	359.09763	0.102595836	168000	-0.05086738
43	-182.56898	55.01759	180.89824	71.07185	323.28833	-181.54216	180.89879	71.067245	320.9659	-172.25624	458.98102	613.2806	3322.1267	-1.5551487	167.64133	1135.6019	944.2331	3336.083	4.036106	374.00232	0.10183725	172000	-0.050125144
44	-183.6034	54.72881	181.95578	71.241875	323.28833	-181.54216	181.95642	71.23742	320.9659	-172.25624	469.0704	627.50757	3322.1267	-1.5551487	170.54263	1154.7175	942.5384	3336.083	4.036106	378.8568	0.10106696	176000	-0.04861863
45	-184.6375	54.451275	183.01305	71.42316	323.28833	-181.54216	183.01367	71.4188	320.9659	-172.25624	478.18488	634.8687	3322.1267	-1.5551487	173.07692	1164.1531	934.30365	3336.083	4.036106	380.81778	0.10032128	180000	-0.047517724
46	-185.66664	54.149357	184.0643	71.6132	323.28833	-181.54216	184.06482	71.60906	320.9659	-172.25624	488.11575	648.4608	3322.1267	-1.5551487	175.90822	1183.2245	933.4837	3336.083	4.036106	385.7761	0.09962689	184000	-0.046603
47	-186.69006	53.85835	185.1088	71.807434	323.28833	-181.54216	185.10931	71.80346	321.2028	-172.25624	497.82828	661.34	3338.4177	-1.5551487	178.70723	1226.5095	969.09656	3336.083	4.036106	398.59573	0.09895392	188000	-0.04585854
48	-187.70084	53.54828	186.13948	72.005066	323.28833	-181.54216	186.14006	72.001236	321.2028	-172.25624	507.60428	674.5021	3338.4177	-1.5551487	181.47449	1241.9231	964.91754	3336.083	4.036106	402.35	0.09827116	192000	-0.04532586
49	-188.7371	53.31823	187.1915	72.216896	323.28833	-181.54216	187.1921	72.2131	321.2028	-172.25624	516.28754	687.5167	3338.4177	-1.5551487	184.21053	1271.7642	978.6192	3336.083	4.036106	411.82245	0.09774387	196000	-0.043711644
50	-189.7582	53.016296	188.23209	72.41545	323.28833	-181.54216	188.2327	72.41167	321.2028	-172.25624	524.61346	701.2616	3338.4177	-1.5551487	186.9159	1311.1793	1007.30725	3336.083	4.036106	423.586	0.09710783	200000	-0.043459926
51	-190.73895	52.75224	189.23244	72.59866	323.28833	-181.54216	189.233	72.59485	321.2028	-251.77779	534.45734	715.39526	3338.4177	-1.5551487	189.76744	1330.1493	1007.7503	3336.083	4.036106	428.25882	0.0964445	204000	-0.042338397
52	-191.71141	52.4532	190.2228	72.78562	323.28833	-181.54216	190.22337	72.78194	321.2028	-251.77779	544.5608	733.02893	3338.4177	-1.5551487	192.77109	1367.4685	1032.9862	3336.083	4.036106	439.25385	0.095841035	208000	-0.041458976
53	-192.67094	52.18959	191.201	72.97405	323.28833	-181.54216	191.20158	72.970604	321.2028	-251.77779	553.93555	746.0707	3338.4177	-1.5551487	195.39171	1379.9264	1029.0396	3336.083	4.036106	442.15283	0.0952268	212000	-0.041374795
54	-193.62016	51.891197	192.16759	73.15644	323.28833	-181.54216	192.16809	73.15305	321.2028	-251.77779	563.63434	759.6813	3338.4177	-1.5551487	198.16513	1381.275	1019.5487	3336.083	4.036106	441.7148	0.094588496	216000	-0.039906062
55	-194.55736	51.651875	193.12183	73.34153	341.46112	-181.54216	193.12231	73.33811	341.28827	-251.77779	572.64124	769.8431	3338.4177	-1.5551487	200.72992	1415.482	1041.0413	3336.083	4.036106	451.86545	0.094033815	220000	-0.039366327
56	-195.48674	51.358273	194.06798	73.532135	341.46112	-181.54216	194.06844	73.528915	341.28827	-251.77779	582.0292	783.1021	3338.4177	-1.5551487	203.4514	1427.1439	1036.517	3336.083	4.036106	454.6232	0.093428224	224000	-0.038963445
57	-196.41168	51.098186	195.00887	73.7218	341.46112	-181.54216	195.00938	73.71853	341.28827	-251.77779	590.79364	794.3742	3338.4177	-1.5551487	205.96207	1459.1152	1054.8752	3336.083	4.036106	464.19122	0.092825636	228000	-0.03782964
58	-197.32588	50.812172	195.93898	73.90827	341.46112	-181.54216	195.93942	73.90512	341.28827	-251.77779	600.32526	805.6997	3354.04	-1.5551487	208.63309	1490.0155	1071.4491	3336.083	4.036106	473.42932	0.09226346	232000	-0.037491187
59	-198.23499	50.581947	196.8632	74.095	341.46112	-181.54216	196.86366	74.09189	341.28827	-251.77779	609.46326	817.7619	3354.04	-1.5551487	211.28021	1518.0415	1084.4779	3336.083	4.036106	481.7322	0.09169708	236000	-0.036922548
60	-199.13522	50.36949	197.77861	74.28106	341.46112	-181.54216	197.77904	74.27807	341.28827	-251.77779	618.3367	829.92633	3354.04	-1.5551487	213.90375	1547.2329	1098.5305	3336.083	4.036106	490.37	0.09113855	240000	-0.03618288
61	-200.0268	50.09361	198.68507	74.46448	341.46112	-181.54216	198.68565	74.46165	341.28827	-251.77779	627.7457	843.3055	3354.04	-1.5551487	216.69627	1575.7794	1111.7026	3336.083	4.036106	498.72458	0.09058366	244000	-0.035856083
62	-200.91289	49.872818	199.58551	74.645164	341.46112	-181.54216	199.58612	74.64238	341.28827	-251.77779	637.16187	856.5091	3354.04	-1.5551487	219.46902	1603.3131	1123.4741	3336.083	4.036106	506.8097	0.09002358	248000	-0.035097618
63	-201.78835	49.615303	200.47516	74.8183	341.46112	-181.54216	200.47578	74.81548	341.28827	-251.77779	646.1615	866.89014	3354.04	-1.5551487	222.02643	1606.696	1115.2202	3336.083	4.036106	507.1476	0.089484125	252000	-0.034969747
64	-202.64488	49.322308	201.34592	74.982994	341.46112	-181.54216	201.34648	74.98026	341.28827	-251.77779	654.9071	879.0044	3354.04	-1.5551487	224.5614	1632.8301	1125.7493	3336.083	4.036106	514.84845	0.08892464	256000	-0.03425685
65	-203.49121	49.053596	202.20587	75.14712	341.46112	-231.13876	202.2064	75.14452	341.28827	-251.77779	664.0452	890.92535	3354.04	-1.5551487	227.27272	1657.6691	1134.5931	3336.083	4.036106	522.3123	0.08843403	260000	-0.033589467
66	-204.3335	48.801697	203.06107	75.315315	341.46112	-231.13876	203.06157	75.312775	341.28827	-251.77779	672.6032	899.9456	3354.04	-1.5551487	229.76501	1681.1738	1141.8005	3336.083	4.036106	529.55	0.08795678	264000	-0.03284446
67	-205.1703	48.524803	203.91107	75.48525	341.46112	-231.13876	203.91158	75.48271	341.28827	-251.77779	681.56616	911.1361	3354.04	-1.5551487	232.43712	1705.2336	1149.981	3336.083	4.036106	536.57166	0.08747737	268000	-0.032775346
68	-205.99709	48.289597	204.75043	75.65124	341.46112	-231.13876	204.75093	75.648705	341.28827	-251.77779	690.0874	922.43665	3354.04	-1.5551487	234.88774	1728.9095	1157.8286	3341.6294	4.036106	543.3868	0.08702171	272000	-0.03209724
69	-206.81702	48.066147	205.58264	75.814026	341.46112	-231.13876	205.5832	75.81159	341.28827	-251.77779	698.13043	929.2117	3373.2761	-1.5551487	237.1134	1751.7306	1164.7123	3341.6294	4.036106	550.00433	0.08654509	276000	-0.03175345
70	-207.62277	47.81301	206.4006	75.970764	341.46112	-231.13876	206.40106	75.9684	341.28827	-251.77779	707.24274	940.56415	3493.2861	-1.5551487	239.72603	1753.4509	1156.6185	3341.6294	4.036106	549.88855	0.08605888	280000	-0.03142984
71	-208.42332	47.576633	207.2134	76.12162	341.46112	-231.13876	207.21387	76.119255	341.28827	-251.77779	716.1534	951.2242	3493.2861	-1.5551487	242.32082	1774.2373	1161.5377	3341.6294	4.036106	556.22815	0.08563162	284000	-0.03083724
72	-209.21228	47.337494	208.01414	76.26631	341.46112	-231.13876	208.01466	76.26395	341.28827	-251.77779	725.17145	962.0725	3493.2861	-1.5551487	244.89796	1796.5394	1168.6517	3396.0593	4.036106	562.39166	0.08519721	288000	-0.0303846
73	-209.99315	47.068405	208.80672	76.40581	341.46112	-231.13876	208.80717	76.40351	341.28827	-251.77779	734.0713	972.4945	3493.2861	-1.5551487	247.45763	1817.3018	1173.9148	3396.0593	4.036106	568.3863	0.084737524	292000	-0.03030783
74	-210.75967	46.83039	209.58493	76.53975	341.46112	-231.13876	209.5854	76.537415	341.28827	-251.77779	742.75696	982.2459	3493.2861	-1.5551487	250.0	1837.449	1178.5948	3396.0593	4.036106	574.21893	0.08430084	296000	-0.02981521
75	-211.51733	46.603035	210.35352	76.67045	341.46112	-231.13876	210.35405	76.6682	341.28827	-251.77779	750.9385	989.71606	3493.2861	-1.5551487	252.31287	1857.3767	1183.1952	3396.0593	4.036106	579.896	0.08387969	300000	-0.02939898
76	-212.27086	46.327744	211.11781	76.79797	341.46112	-231.13876	211.11829	76.79583	341.28827	-251.77779	759.55646	999.1663	3493.2861	-1.5551487	254.81978	1872.6864	1183.974	3396.0593	4.036106	583.85	0.08344318	304000	-0.029103436
77	-213.01654	46.096714	211.87431	76.92647	341.46112	-231.13876	211.8748	76.92437	341.28827	-251.77779	767.63983	1006.7505	3493.2861	-1.5551487	257.09515	1891.564	1187.7181	3396.0593	4.036106	589.2545	0.08302165	308000	-0.028756294
78	-213.7502	45.856773	212.61845	77.052795	341.46112	-231.13876	212.61896	77.05078	341.28827	-251.77779	775.7275	1013.6232	3493.2861	-1.5551487	259.35162	1902.2817	1184.8335	3396.0593	4.036106	591.8359	0.08260173	312000	-0.028306015
79	-214.474	45.636547	213.3527	77.17154	341.46112	-231.13876	213.35329	77.16951	341.28827	-251.77779	783.51575	1022.0071	3493.2861	-1.5551487	261.58942	1921.0183	1188.8837	3397.1304	4.036106	597.0025	0.082185835	316000	-0.027955942
80	-215.19196	45.433216	214.08075	77.283516	341.46112	-231.13876	214.08136	77.28147	341.28827	-251.77779	791.9071	1030.6874	3493.2861	-1.5551487	264.0264	1938.2997	1191.3727	3397.1304	4.036106	602.04	0.08181353	320000	-0.027330754
81	-215.90263	45.199604	214.80162	77.387115	341.46112	-231.13876	214.8022	77.38516	341.28827	-251.77779	800.26245	1039.2192	3493.2861	-1.5551487	266.44736	1945.8108	1188.149	3397.1304	4.036106	604.563	0.08141896	324000	-0.027225338
82	-216.60216	44.976444	215.51102	77.48837	346.8044	-231.13876	215.51157	77.48639	345.5865	-251.77779	808.5875	1047.6191	3493.2861	-1.5551487	268.85245	1962.6991	1190.6244	3397.1304	4.036106	609.3854	0.08101971	328000	-0.027156299
83	-217.29861	44.74398	216.21666	77.58829	346.8044	-231.13876	216.21716	77.58637	345.5865	-251.77779	816.7717	1055.6276	3493.2861	-1.5551487	271.24182	1978.6837	1192.2565	3397.1304	4.036106	613.9229	0.08062527	332000	-0.026849287
84	-217.99388	44.52208	216.92104	77.68504	346.8044	-246.00548	216.92154	77.68322	345.5865	-251.77779	824.9294	1063.5256	3493.2861	-1.5551487	273.61563	1994.1274	1193.5681	3397.1304	4.036106	618.2131	0.08023183	336000	-0.026411474
85	-218.68399	44.309093	217.61972	77.785515	346.8044	-246.00548	217.6203	77.78362	345.5865	-251.77779	833.06085	1071.3168	3493.2861	-1.5551487	275.97403	2009.6956	1195.075	3397.1304	4.036106	622.7047	0.07986437	340000	-0.026066868
86	-219.36636	44.08611	218.31166	77.8834	346.8044	-246.00548	218.31224	77.88169	345.5865	-251.77779	841.15845	1078.9818	3493.2861	-1.5551487	278.31714	2009.8134	1188.6443	3397.1304	4.036106	622.0709	0.07946148	344000	-0.025961159
87	-220.04002	43.875843	218.99393	77.98109	346.8044	-246.00548	218.99455	77.97919	345.5865	-255.96342	849.2293	1086.5459	3493.2861	-1.5551487	280.64517	2024.953	1190.1046	3397.1304	4.036106	626.4149	0.07908688	348000	-0.025292829
88	-220.70654	43.648823	219.66943	78.074	346.8044	-246.00548	219.67003	78.07233	345.5865	-255.96342	857.22186	1093.8885	3493.2861	-1.5551487	282.9582	2040.475	1192.149	3428.9917	4.036106	630.6602	0.07874504	352000	-0.025537036
89	-221.36484	43.46211	220.33638	78.16241	346.8044	-246.00548	220.337	78.1607	345.5865	-255.96342	865.29626	1101.3782	3493.2861	-1.5551487	285.2564	2042.2587	1187.9515	3428.9917	4.036106	630.6517	0.07836427	356000	-0.025277492
90	-222.02095	43.27614	221.00076	78.2484	346.8044	-246.00548	221.00137	78.24666	345.5865	-255.96342	872.0648	1106.5591	3493.2861	-1.5551487	287.08133	2054.5247	1188.3021	3428.9917	4.036106	634.0	0.07800759	360000	-0.024767749
91	-222.66518	43.07415	221.65273	78.33321	346.8044	-246.00548	221.65332	78.33148	345.5865	-255.96342	878.7411	1111.0862	3493.2861	-1.5551487	288.8889	2068.3188	1189.1893	3428.9917	4.036106	637.75604	0.077680916	364000	-0.024649896
92	-223.30202	42.86733	222.29784	78.413635	346.8044	-246.00548	222.29836	78.41194	345.5865	-255.96342	886.1376	1115.8447	3493.2861	-1.5551487	290.9091	2082.596	1190.5249	3428.9917	4.036106	641.6935	0.07732906	368000	-0.024426932
93	-223.9259	42.649204	222.92981	78.48959	346.8044	-246.00548	222.93033	78.48782	345.5865	-255.96342	894.02795	1122.8873	3493.2861	-1.5551487	293.1442	2097.435	1192.631	3478.034	4.036106	645.54626	0.07699455	372000	-0.023899086
94	-224.54794	42.459312	223.5597	78.5669	354.488	-246.00548	223.5602	78.56516	345.5865	-255.96342	901.1315	1129.3777	3493.2861	-1.5551487	295.13342	2111.6458	1194.1615	3478.034	4.036106	649.317	0.076672345	376000	-0.023765618
95	-225.1667	42.250813	224.18607	78.64649	354.488	-246.00548	224.18657	78.64482	345.5865	-255.96342	908.9411	1136.1907	3493.2861	-1.5551487	297.3396	2125.89	1195.8616	3489.012	4.036106	653.0084	0.07633022	380000	-0.023866361
96	-225.78033	42.08339	224.80734	78.720345	354.488	-246.00548	224.80785	78.71875	345.5865	-255.96342	916.67773	1142.8151	3493.2861	-1.5551487	299.53198	2138.7837	1196.2365	3489.012	4.036106	656.6229	0.07599782	384000	-0.023403004
97	-226.38853	41.87683	225.42302	78.79323	354.488	-246.00548	225.42352	78.79164	347.21167	-255.96342	924.4063	1149.3971	3493.2861	-1.5551487	301.71072	2152.3215	1197.4241	3489.012	4.036106	660.1629	0.07568116	388000	-0.02308034
98	-226.99036	41.68372	226.03232	78.86313	354.488	-246.00548	226.03282	78.86162	348.15256	-255.96342	931.4049	1153.857	3493.2861	-1.5551487	303.6406	2165.1528	1197.9849	3489.012	4.036106	663.6306	0.07535388	392000	-0.022383189
99	-227.59047	41.507782	226.6395	78.93093	354.488	-246.00548	226.63995	78.92944	348.15256	-255.96342	939.1481	1160.4418	3493.2861	-1.5551487	305.7915	2178.785	1199.5356	3535.6868	4.036106	667.02826	0.07506905	396000	-0.022469899
100	-228.18684	41.308327	227.24263	79.00065	354.488	-246.00548	227.24312	78.99898	349.3455	-255.96342	946.751	1166.7054	3493.2861	-1.5551487	307.92917	2190.3582	1199.2571	3558.5098	4.036106	670.16	0.07474353	400000	-0.022563258
101	-228.77841	41.11628	227.84126	79.06933	354.488	-246.00548	227.84166	79.0678	350.03683	-255.96342	954.4094	1173.0599	3493.2861	-1.5551487	310.0537	2203.6826	1200.7216	3558.5098	4.036106	673.4257	0.074415006	404000	-0.021993881
102	-229.36093	40.961536	228.4307	79.13377	354.488	-246.00548	228.43109	79.13223	350.5193	-255.96342	962.0304	1179.3152	3494.6965	-1.5551487	312.16525	2214.9937	1200.218	3558.5098	4.036106	676.62744	0.074112	408000	-0.021728005
103	-229.93694	40.79486	229.01326	79.19851	354.488	-246.00548	229.01369	79.19717	350.5193	-255.96342	967.9566	1184.6565	3494.6965	-1.5551487	313.78522	2225.6946	1199.2587	3558.5098	4.036106	679.76697	0.07385372	412000	-0.021563899
104	-230.5058	40.62325	229.58894	79.2575	359.3005	-246.00548	229.58931	79.25615	350.5193	-255.96342	975.4208	1190.5637	3494.6965	-1.5551487	315.86942	2237.0269	1199.0093	3558.5098	4.036106	682.8461	0.07356839	416000	-0.021402918
105	-231.07379	40.448586	230.16331	79.3106	359.3005	-246.00548	230.1637	79.30914	350.65372	-255.96342	982.8423	1196.3632	3494.6965	-1.5551487	317.94095	2248.2852	1198.7988	3558.5098	4.036106	685.86664	0.07329696	420000	-0.021210235
106	-231.63167	40.278748	230.72774	79.36232	359.3005	-246.00548	230.7281	79.36086	350.93274	-255.96342	990.1631	1201.942	3494.6965	-1.5551487	320.0	2259.9138	1199.0668	3558.5098	4.036106	688.8302	0.07300916	424000	-0.021221189
107	-232.18193	40.100166	231.2846	79.410355	359.3005	-246.00548	231.285	79.40889	350.93274	-255.96342	997.5162	1207.5726	3500.8457	-1.5551487	322.04666	2271.793	1199.7032	3564.876	4.036106	691.73834	0.0727287	428000	-0.020676326
108	-232.72842	39.929916	231.83711	79.45792	359.3005	-246.00548	231.83754	79.45651	351.4378	-255.96342	1004.9291	1213.3083	3528.7295	-1.5551487	324.08102	2274.1416	1197.1415	3564.876	4.036106	692.0509	0.07245518	432000	-0.020872613
109	-233.27234	39.768753	232.38739	79.50438	359.3005	-246.00548	232.38777	79.50308	353.90536	-255.96342	1012.2801	1218.9022	3528.7295	-1.5551487	326.1032	2283.2927	1195.731	3564.876	4.036106	694.51373	0.072193265	436000	-0.020628143
110	-233.80899	39.601585	232.93025	79.54949	359.3005	-246.00548	232.93057	79.54819	353.90536	-255.96342	1019.5977	1224.4165	3528.7295	-1.5551487	328.11334	2283.113	1191.956	3564.876	4.036106	694.17456	0.07193318	440000	-0.020335654
111	-234.3413	39.42462	233.4685	79.59084	359.3005	-246.00548	233.4689	79.589516	353.90536	-255.96342	1026.847	1229.7799	3528.7295	-1.5551487	330.1115	2278.5564	1187.9161	3564.876	4.036106	692.46484	0.07165834	444000	-0.020126203
112	-234.87012	39.2577	234.00305	79.635765	359.3005	-246.00548	234.00342	79.6344	353.90536	-255.96342	1034.0885	1235.1161	3528.7295	-1.5551487	332.09784	2287.0942	1187.2972	3564.876	4.036106	694.4741	0.071399	448000	-0.019758433
113	-235.39801	39.11573	234.53667	79.68056	377.21594	-246.00548	234.53706	79.67922	370.0781	-255.96342	1040.51	1239.8191	3531.5645	-1.5551487	333.8257	2297.6475	1187.2969	3564.876	4.036106	697.17786	0.07115677	452000	-0.019677542
114	-235.9229	38.971172	235.06712	79.72517	430.1804	-246.00548	235.06758	79.723755	422.03625	-255.96342	1047.2975	1244.3064	3531.5645	-1.5551487	335.78793	2308.0679	1187.2577	3564.876	4.036106	699.8342	0.070902415	456000	-0.019601984
115	-236.44307	38.835033	235.59279	79.77007	430.1804	-246.00548	235.59319	79.76884	422.03625	-255.96342	1054.4238	1249.3984	3531.5645	-1.5551487	337.73862	2319.1604	1188.0027	3595.4106	4.036106	702.44434	0.07066454	460000	-0.019518016
116	-236.96046	38.69904	236.11555	79.81692	430.1804	-246.00548	236.116	79.81555	422.03625	-255.96342	1061.5627	1254.5038	3531.5645	-1.5551487	339.6779	2327.8062	1186.9803	3595.4106	4.036106	704.5328	0.07041931	464000	-0.019253895
117	-237.4755	38.569508	236.63576	79.86397	441.9868	-246.00548	236.6362	79.86272	431.6854	-255.96342	1066.1018	1256.7877	3531.5645	-1.5551487	340.85944	2337.2136	1186.2356	3595.4106	4.036106	707.0581	0.07019159	468000	-0.018789634
118	-237.99281	38.444584	237.15804	79.91187	441.9868	-246.00548	237.15842	79.91056	437.01117	-255.96342	1072.9917	1261.4366	3531.5645	-1.5551487	342.77414	2346.3792	1185.3539	3595.4106	4.036106	709.5	0.06998173	472000	-0.018652538
119	-238.50941	38.325554	237.67938	79.95722	446.09277	-246.00548	237.6798	79.95601	437.01117	-255.96342	1078.982	1264.183	3531.5645	-1.5551487	344.42838	2352.5576	1185.9487	3595.4106	4.036106	711.1177	0.06979874	476000	-0.018650655
120	-239.0155	38.19051	238.19072	80.00042	446.09277	-246.00548	238.19115	79.99916	437.01117	-255.96342	1084.9304	1266.847	3531.5645	-1.5551487	346.07065	2357.2605	1186.6744	3595.4106	4.036106	712.2183	0.069562584	480000	-0.018341402
121	-239.51149	38.040054	238.69185	80.04193	446.09277	-246.00548	238.6923	80.04077	437.01117	-255.96342	1088.2456	1267.7804	3531.5645	-1.5551487	346.9534	2362.9075	1186.1008	3595.4106	4.036106	713.57605	0.06934026	484000	-0.018529998
122	-239.99722	37.909218	239.18292	80.080055	446.09277	-246.00548	239.18344	80.078865	437.01117	-255.96342	1094.2385	1270.9066	3531.5645	-1.5551487	348.57144	2348.8977	1193.8656	3595.4106	4.036106	709.63116	0.06911322	488000	-0.018203268
123	-240.47601	37.782562	239.66684	80.11519	446.09277	-246.00548	239.66734	80.114006	437.01117	-255.96342	1101.0836	1275.542	3568.507	-1.5551487	350.42734	2358.6562	1193.8789	3595.4106	4.036106	711.9919	0.06890583	492000	-0.018011365
124	-240.95161	37.647945	240.14755	80.150055	446.09277	-246.00548	240.14806	80.14888	437.01117	-255.96342	1108.0262	1280.3534	3568.507	-1.5551487	352.27274	2367.471	1193.0676	3595.4106	4.036106	714.3145	0.06869472	496000	-0.018046347
125	-241.42426	37.523434	240.62512	80.18114	446.09277	-246.00548	240.62567	80.18014	437.01117	-255.96342	1113.9733	1283.5334	3568.507	-1.5551487	353.85706	2376.2793	1192.3866	3595.4106	4.036106	716.5072	0.068494275	500000	-0.017937766
126	-241.89088	37.40684	241.09656	80.21235	446.09277	-246.00548	241.0971	80.21118	437.01117	-255.96342	1120.784	1288.0994	3573.0105	-1.5551487	355.68103	2384.9863	1191.629	3595.4106	4.036106	718.75714	0.06829432	504000	-0.017756714
127	-242.3513	37.28507	241.56198	80.23982	446.09277	-246.00548	241.56256	80.23868	437.01117	-255.96342	1126.6635	1290.26	3573.0105	-1.5551487	357.24332	2393.7322	1190.9819	3595.4106	4.036106	720.9717	0.06809001	508000	-0.017610818
128	-242.80232	37.183273	242.01804	80.267105	446.09277	-246.00548	242.01862	80.265884	437.01117	-255.96342	1132.4552	1293.1161	3573.0105	-1.5551487	358.79468	2402.7053	1190.6246	3595.4106	4.036106	723.15155	0.06788996	512000	-0.017447619
129	-243.24986	37.06062	242.47043	80.290276	446.09277	-246.00548	242.47101	80.289154	437.01117	-255.96342	1139.0336	1297.273	3573.0105	-1.5551487	360.587	2410.8484	1189.7015	3595.4106	4.036106	725.14264	0.06769784	516000	-0.017236823
130	-243.69327	36.937294	242.91858	80.314095	446.09277	-246.00548	242.91919	80.31298	437.01117	-255.96342	1145.7815	1301.7362	3585.2107	-1.5551487	362.36932	2419.068	1188.9242	3595.4106	4.036106	727.10693	0.06752301	520000	-0.016952021
131	-244.13535	36.802467	243.36526	80.33705	446.09277	-246.00548	243.36581	80.33591	437.01117	-255.96342	1152.4185	1305.9899	3585.2107	-1.5551487	364.14175	2427.9492	1188.6987	3599.0908	4.036106	729.19006	0.06733168	524000	-0.017077737
132	-244.57767	36.678173	243.81204	80.35895	446.09277	-246.00548	243.81256	80.35789	437.01117	-255.96342	1157.3016	1307.8326	3585.2107	-1.5551487	365.39792	2435.4946	1187.6526	3599.0908	4.036106	731.00836	0.06713286	528000	-0.016737888
133	-245.0174	36.544662	244.25626	80.38208	446.09277	-270.74545	244.25674	80.38096	437.01117	-255.96342	1163.0198	1310.1246	3585.2107	-1.5551487	366.89655	2439.754	1186.5969	3599.0908	4.036106	731.99396	0.066942334	532000	-0.016757712
134	-245.45554	36.423992	244.6987	80.40475	446.09277	-270.74545	244.69928	80.40354	437.01117	-255.96342	1169.5542	1314.2239	3585.2107	-1.5551487	368.63824	2447.5981	1185.6521	3605.6802	4.036106	733.8597	0.06677344	536000	-0.016491838
135	-245.88943	36.313114	245.13704	80.42855	446.09277	-314.7191	245.13763	80.42749	437.01117	-255.96342	1176.0881	1318.3203	3585.2107	-1.5551487	370.37036	2454.9563	1184.3212	3605.6802	4.036106	735.8311	0.06660445	540000	-0.016539901
136	-246.32109	36.190334	245.57289	80.45123	446.09277	-314.7191	245.57347	80.44998	437.01117	-255.96342	1181.6671	1320.5609	3585.2107	-1.5551487	371.83868	2456.257	1182.4634	3609.0925	4.036106	735.8294	0.06642506	544000	-0.01629769
137	-246.7477	36.072853	246.0037	80.47363	446.09277	-314.7191	246.00432	80.47226	437.01117	-265.51022	1188.1307	1324.5409	3595.7651	-1.5551487	373.55145	2463.759	1181.3849	3609.0925	4.036106	737.7577	0.06624461	548000	-0.016375918
138	-247.16872	35.949352	246.42897	80.49394	446.09277	-314.7191	246.42955	80.49285	437.01117	-265.51022	1194.4485	1328.2609	3595.7651	-1.5551487	375.25494	2466.9202	1178.8184	3609.0925	4.036106	738.49567	0.06605617	552000	-0.016243221
139	-247.58539	35.847813	246.84984	80.51347	446.09277	-314.7191	246.85045	80.512115	437.01117	-265.51022	1199.0964	1330.4424	3595.7651	-1.5551487	376.43872	2475.0076	1178.408	3621.2305	4.036106	740.37695	0.06587326	556000	-0.016047291
140	-247.99771	35.74044	247.26619	80.53119	446.09277	-314.7191	247.26685	80.52993	437.01117	-265.51022	1204.6078	1332.7234	3616.0964	-1.5551487	377.86774	2482.8975	1177.8717	3621.2305	4.036106	742.23145	0.065688625	560000	-0.016001511
141	-248.4071	35.63843	247.67973	80.549225	446.09277	-314.7191	247.68034	80.54791	437.01117	-265.51022	1210.9442	1336.5062	3616.0964	-1.5551487	379.5424	2490.4797	1177.1115	3621.2305	4.036106	744.0596	0.065525465	564000	-0.015907867
142	-248.81331	35.545307	248.08992	80.56513	446.09277	-314.7191	248.09058	80.56392	437.01117	-265.51022	1216.3331	1338.5182	3616.0964	-1.5551487	380.9524	2497.7585	1176.1599	3621.2305	4.036106	745.7993	0.06535001	568000	-0.015731443
143	-249.21881	35.446045	248.4994	80.58011	446.09277	-314.7191	248.50006	80.57882	437.01117	-265.51022	1220.9462	1340.3986	3616.0964	-1.5551487	382.09753	2499.9946	1173.4594	3621.2305	4.036106	746.04333	0.06516605	572000	-0.01579028
144	-249.62181	35.343227	248.9063	80.597824	446.09277	-314.7191	248.90694	80.59667	437.01117	-265.51022	1225.5267	1340.9429	3616.0964	-1.5551487	383.23352	2507.5117	1172.8291	3621.2305	4.036106	747.78125	0.06498499	576000	-0.015496418
145	-250.0211	35.24354	249.30933	80.61759	446.09277	-314.7191	249.30998	80.61648	437.01117	-265.51022	1230.8658	1342.9213	3616.0964	-1.5551487	384.6154	2514.6614	1171.9241	3621.2305	4.036106	749.5207	0.06482731	580000	-0.015486456
146	-250.41933	35.156494	249.71121	80.635796	446.09277	-314.7191	249.71184	80.63471	437.01117	-265.51022	1237.0428	1346.4973	3624.4724	-1.5551487	386.24338	2514.6191	1171.0774	3621.2305	4.036106	749.2664	0.06468035	584000	-0.014865094
147	-250.81306	35.055107	250.10889	80.651886	446.09277	-314.7191	250.10954	80.65081	440.66504	-265.51022	1241.5056	1346.7908	3624.4724	-1.5551487	387.35178	2519.4924	1169.2095	3621.2305	4.036106	750.2973	0.06452386	588000	-0.015015279
148	-251.19737	34.95885	250.49725	80.66421	446.09277	-314.7191	250.4979	80.66284	440.66504	-265.51022	1246.8225	1350.2526	3629.4216	-1.5551487	388.7065	2517.6455	1166.6738	3621.2305	4.036106	749.64056	0.06437771	592000	-0.014919443
149	-251.57666	34.866066	250.8805	80.67373	446.09277	-314.7191	250.88115	80.672455	440.66504	-265.51022	1252.0275	1353.483	3629.4216	-1.5551487	390.05237	2525.0056	1166.1962	3640.1753	4.036106	751.3208	0.064229794	596000	-0.014945491
150	-251.94937	34.777054	251.25714	80.67961	446.09277	-314.7191	251.25778	80.6784	440.66504	-265.51022	1256.2231	1355.181	3629.4216	-1.5551487	391.13428	2531.631	1165.113	3640.1753	4.036106	752.97864	0.06408871	600000	-0.014942258
151	-252.31935	34.699867	251.63074	80.684326	446.09277	-314.7191	251.63147	80.683105	440.66504	-265.51022	1261.2035	1358.0095	3629.4216	-1.5551487	392.46265	2537.7297	1163.649	3640.1753	4.036106	754.61456	0.06394784	604000	-0.014914441
152	-252.68716	34.603226	252.00235	80.68962	446.09277	-314.7191	252.00311	80.688515	440.66504	-265.51022	1267.1163	1361.199	3629.4216	-1.5551487	394.0376	2543.7517	1162.1732	3640.1753	4.036106	756.22894	0.06379888	608000	-0.014714042
153	-253.0503	34.50886	252.36922	80.69276	446.09277	-314.7191	252.37001	80.69155	440.66504	-265.51022	1271.9681	1363.1338	3629.4216	-1.5551487	395.34885	2550.241	1161.1343	3640.1753	4.036106	757.8222	0.06365773	612000	-0.014287854
154	-253.41306	34.419262	252.73563	80.6932	446.09277	-314.7191	252.73639	80.69217	440.66504	-265.51022	1271.3134	1364.4476	3629.4216	-1.5551487	395.1251	2547.183	1165.8071	3640.1753	4.036106	756.90845	0.06350632	616000	-0.014474038
155	-253.77399	34.35006	253.09988	80.69314	446.09277	-314.7191	253.10068	80.69214	440.66504	-265.51022	1271.9414	1365.5975	3629.4216	-1.5551487	395.40817	2543.9307	1164.5557	3640.1753	4.036106	756.0826	0.063366145	620000	-0.0143992845
156	-254.13054	34.25752	253.46	80.69232	446.09277	-314.7191	253.46078	80.69129	440.66504	-265.51022	1277.4712	1368.2583	3629.4216	-1.5551487	396.94656	2550.9075	1164.0636	3663.9944	4.036106	757.6462	0.06321954	624000	-0.014086771
157	-254.4871	34.182983	253.82002	80.69525	446.09277	-314.7191	253.82076	80.69426	440.66504	-265.51022	1282.2928	1369.6923	3629.4216	-1.5551487	398.2245	2555.2783	1163.3052	3663.9944	4.036106	758.7408	0.06309275	628000	-0.01396083
158	-254.8418	34.118416	254.17805	80.69955	446.09277	-314.7191	254.17879	80.69827	440.66504	-265.51022	1287.9893	1372.627	3629.4216	-1.5551487	399.747	2561.731	1162.4333	3663.9944	4.036106	760.2677	0.06298985	632000	-0.013926189
159	-255.19379	34.043262	254.53343	80.7038	446.09277	-314.7191	254.53418	80.70265	440.66504	-265.51022	1292.0769	1372.7996	3629.4216	-1.5551487	400.75613	2567.2078	1160.8154	3663.9944	4.036106	761.77545	0.06287491	636000	-0.013832652
160	-255.5375	33.956837	254.88069	80.70361	446.09277	-314.7191	254.88148	80.7023	440.66504	-265.51022	1297.7987	1375.8031	3629.4216	-1.5551487	402.26273	2573.5618	1159.9525	3663.9944	4.036106	763.2644	0.06274001	640000	-0.01413503
161	-255.87602	33.881638	255.22256	80.698845	446.09277	-314.7191	255.22331	80.69758	440.66504	-265.51022	1303.5093	1378.7897	3629.4216	-1.5551487	403.76175	2579.952	1159.1664	3663.9944	4.036106	764.7348	0.06259715	644000	-0.013703983
162	-256.21112	33.79786	255.561	80.691956	446.09277	-314.7191	255.56177	80.69072	440.66504	-265.51022	1309.1611	1381.6821	3629.4216	-1.5551487	405.2533	2585.6372	1157.8326	3663.9944	4.036106	766.187	0.062458236	648000	-0.013821726
163	-256.5437	33.72448	255.8969	80.68409	446.09277	-314.7191	255.89763	80.68289	440.66504	-265.51022	1314.8124	1384.576	3629.4216	-1.5551487	406.73737	2592.176	1157.2725	3673.9336	4.036106	767.62146	0.06231322	652000	-0.013761038
164	-256.87225	33.642162	256.2287	80.67572	446.09277	-314.7191	256.2294	80.67465	440.66504	-265.51022	1319.5455	1386.4695	3629.4216	-1.5551487	407.9602	2598.0947	1156.212	3673.9336	4.036106	769.0384	0.062165316	656000	-0.013598056
165	-257.20184	33.558136	256.56134	80.66602	446.09277	-314.7191	256.56207	80.66484	440.66504	-265.51022	1324.216	1388.1118	3629.4216	-1.5551487	409.17545	2604.1606	1155.3177	3673.9336	4.036106	770.4382	0.06202763	660000	-0.0134618115
166	-257.5341	33.477776	256.8966	80.659195	446.09277	-327.11743	256.89737	80.657906	440.66504	-265.51022	1329.7737	1390.879	3629.4216	-1.5551487	410.637	2609.8394	1154.1415	3673.9336	4.036106	771.8211	0.061881516	664000	-0.013588608
167	-257.867	33.397003	257.23254	80.65662	446.09277	-327.11743	257.23325	80.655525	440.66504	-265.51022	1334.4397	1393.433	3629.4216	-1.5551487	411.83725	2615.3958	1152.9065	3673.9336	4.036106	773.18744	0.061735924	668000	-0.013421142
168	-258.19852	33.33157	257.56696	80.652695	446.09277	-327.11743	257.5676	80.65145	440.66504	-265.51022	1339.8792	1396.0225	3629.4216	-1.5551487	413.28412	2618.4868	1152.2994	3673.9336	4.036106	773.7946	0.061611146	672000	-0.013345787
169	-258.52548	33.258293	257.8971	80.64863	446.09277	-327.11743	257.89777	80.64739	440.66504	-265.51022	1343.52	1397.0786	3629.4216	-1.5551487	414.2157	2609.1287	1155.625	3673.9336	4.036106	771.08167	0.061464254	676000	-0.013337911
170	-258.85034	33.19317	258.22488	80.64615	446.09277	-327.11743	258.22565	80.645	440.66504	-265.51022	1348.0417	1398.4191	3629.4216	-1.5551487	415.394	2614.6672	1154.4694	3673.9336	4.036106	772.4282	0.061341252	680000	-0.012998445
171	-259.17462	33.103916	258.55215	80.64573	446.09277	-327.11743	258.55286	80.64443	440.66504	-265.51022	1352.5973	1400.5992	3629.4216	-1.5551487	416.56516	2617.7163	1153.9841	3673.9336	4.036106	773.0398	0.06122226	684000	-0.013134203
172	-259.4955	33.028557	258.8762	80.64475	446.09277	-327.11743	258.87695	80.64369	440.66504	-265.51022	1357.0569	1401.8838	3629.4216	-1.5551487	417.72922	2623.1	1152.7775	3673.9336	4.036106	774.3593	0.061083857	688000	-0.013160876
173	-259.81656	32.95726	259.1999	80.64405	446.09277	-327.11743	259.20065	80.64289	440.66504	-265.51022	1362.3965	1404.3716	3629.4216	-1.5551487	419.13992	2628.3496	1151.5038	3673.9336	4.036106	775.6636	0.060956933	692000	-0.012864528
174	-260.13928	32.88575	259.52533	80.644775	446.09277	-327.11743	259.52606	80.643654	440.66504	-265.51022	1367.678	1406.7728	3629.4216	-1.5551487	420.5438	2631.4377	1150.0265	3673.9336	4.036106	776.269	0.06083386	696000	-0.013064036
175	-260.46033	32.819252	259.8491	80.64622	446.09277	-327.11743	259.8498	80.64506	440.66504	-265.51022	1373.032	1409.2906	3629.4216	-1.5551487	421.94092	2636.764	1148.8899	3673.9336	4.036106	777.5474	0.06070759	700000	-0.012859776
176	-260.7807	32.7554	260.17233	80.64436	446.09277	-327.11743	260.17303	80.643326	440.66504	-265.51022	1378.2953	1411.6708	3629.4216	-1.5551487	423.33133	2642.0933	1147.7927	3673.9336	4.036106	778.81134	0.06057379	704000	-0.012762647
177	-261.09793	32.67913	260.49216	80.642914	446.09277	-327.11743	260.49292	80.641685	440.66504	-265.51022	1383.4672	1413.9144	3629.4216	-1.5551487	424.71506	2647.271	1146.6088	3673.9336	4.036106	780.06104	0.060449198	708000	-0.012535248
178	-261.41315	32.608093	260.81	80.63779	446.09277	-327.11743	260.8107	80.636604	440.66504	-265.51022	1386.9467	1413.7461	3629.4216	-1.5551487	425.5828	2651.7952	1145.1663	3673.9336	4.036106	781.12866	0.060326092	712000	-0.012596043
179	-261.72696	32.533543	261.12653	80.63391	446.09277	-327.11743	261.12723	80.6328	440.66504	-265.51022	1391.3529	1414.3784	3629.4216	-1.5551487	426.69846	2651.239	1144.6875	3673.9336	4.036106	780.7061	0.060200036	716000	-0.012697171
180	-262.04202	32.46044	261.44418	80.63093	446.09277	-327.11743	261.44492	80.6298	440.66504	-265.51022	1396.4481	1416.5465	3629.4216	-1.5551487	428.06183	2656.3635	1143.5605	3673.9336	4.036106	781.92444	0.060075544	720000	-0.012576101
181	-262.3559	32.389263	261.76074	80.62801	446.09277	-327.11743	261.76147	80.62679	440.66504	-265.51022	1401.5894	1418.7903	3629.4216	-1.5551487	429.41873	2661.5486	1142.517	3673.9336	4.036106	783.1293	0.059950076	724000	-0.012570932
182	-262.66995	32.31963	262.07745	80.62565	487.82602	-327.11743	262.0782	80.62457	491.61676	-265.51022	1405.9675	1420.751	3636.5425	-1.5551487	430.5145	2666.6672	1141.4531	3673.9336	4.036106	784.32086	0.059829667	728000	-0.012318609
183	-262.9829	32.26934	262.393	80.6244	497.32248	-327.11743	262.3937	80.62315	505.01343	-265.51022	1410.164	1422.7788	3636.5425	-1.5551487	431.60376	2661.974	1141.5199	3673.9336	4.036106	782.85956	0.059731722	732000	-0.012300883
184	-263.29388	32.199017	262.70642	80.62117	497.32248	-327.11743	262.70718	80.62007	505.01343	-265.51022	1414.2737	1424.4357	3636.5425	-1.5551487	432.68665	2665.492	1140.3276	3673.9336	4.036106	783.73914	0.05962063	736000	-0.011901093
185	-263.6068	32.163326	263.02103	80.61896	497.32248	-327.11743	263.02182	80.61768	505.01343	-265.51022	1415.6954	1422.8293	3636.5425	-1.5551487	433.00177	2670.4622	1139.2407	3673.9336	4.036106	784.9081	0.05955612	740000	-0.01192671
186	-263.91074	32.107807	263.32758	80.614624	497.32248	-327.11743	263.3283	80.613365	505.01343	-265.51022	1417.1641	1421.4181	3636.5425	-1.5551487	433.56644	2671.0474	1137.1779	3673.9336	4.036106	785.44244	0.059463475	744000	-0.011975967
187	-264.20322	32.054306	263.62274	80.60835	497.32248	-327.11743	263.6234	80.60721	505.01343	-265.51022	1420.2585	1420.8271	3636.5425	-1.5551487	434.37863	2676.032	1136.1722	3673.9336	4.036106	786.58984	0.059350736	748000	-0.011983063
188	-264.49084	31.990812	263.91284	80.603584	497.32248	-327.11743	263.9135	80.60248	505.01343	-265.51022	1423.5874	1420.6836	3636.5425	-1.5551487	435.18518	2680.8162	1135.0342	3673.9336	4.036106	787.725	0.059251558	752000	-0.011592409
189	-264.7781	31.933594	264.20255	80.5975	497.32248	-327.11743	264.2032	80.59627	505.01343	-265.51022	1427.7087	1421.5731	3647.2285	-1.5551487	436.23773	2685.738	1134.0376	3673.9336	4.036106	788.84814	0.059151713	756000	-0.0119199185
190	-265.06433	31.880495	264.49118	80.591415	497.32248	-327.11743	264.49185	80.5902	505.01343	-265.51022	1432.6144	1423.6027	3647.2285	-1.5551487	437.53598	2689.9717	1132.9137	3680.8005	4.036106	789.7521	0.05903798	760000	-0.011737828
191	-265.35126	31.822662	264.7805	80.58636	497.32248	-327.11743	264.7811	80.585075	505.01343	-265.51022	1436.7167	1424.4073	3647.2285	-1.5551487	438.57635	2694.661	1131.7921	3680.8005	4.036106	790.8529	0.058937605	764000	-0.0118010305
192	-265.63556	31.773983	265.06735	80.58037	497.32248	-327.11743	265.06796	80.579056	505.01343	-265.51022	1441.6675	1426.5217	3647.2285	-1.5551487	439.86255	2699.5437	1130.8569	3680.8005	4.036106	791.9422	0.05883587	768000	-0.01167537
193	-265.91934	31.720976	265.3535	80.573685	497.32248	-327.11743	265.3541	80.57247	505.01343	-265.51022	1445.7251	1427.3905	3647.2285	-1.5551487	440.89093	2698.7554	1129.9432	3680.8005	4.036106	791.4373	0.058745395	772000	-0.011425023
194	-266.2018	31.672354	265.63815	80.56726	497.32248	-327.11743	265.6388	80.56612	505.01343	-265.51022	1449.7666	1429.1069	3654.7231	-1.5551487	441.91345	2699.8071	1128.7601	3680.8005	4.036106	791.4696	0.058650784	776000	-0.01137677
195	-266.486	31.625511	265.92453	80.560646	497.32248	-327.11743	265.92517	80.55948	505.01343	-265.51022	1453.9297	1429.8043	3654.7231	-1.5551487	442.93015	2704.643	1127.8767	3680.8005	4.036106	792.539	0.05856616	780000	-0.01153774
196	-266.7676	31.564745	266.20844	80.555084	497.32248	-327.11743	266.209	80.553696	505.01343	-265.51022	1457.1108	1430.6162	3660.908	-1.5551487	443.68988	2707.97	1126.6362	3680.8005	4.036106	793.3449	0.05845888	784000	-0.011518844
197	-267.0475	31.501993	266.49057	80.549614	497.32248	-327.11743	266.49115	80.5483	505.01343	-265.51022	1461.0345	1431.763	3671.708	-1.5551487	444.69525	2712.364	1125.4572	3680.8005	4.036106	794.3939	0.058355674	788000	-0.011445496
198	-267.32507	31.44624	266.77045	80.54488	497.32248	-327.11743	266.77103	80.54365	505.01343	-265.51022	1464.9274	1432.4268	3671.708	-1.5551487	445.69498	2716.6223	1124.2041	3680.8005	4.036106	795.4323	0.058245633	792000	-0.011415523
199	-267.60007	31.406961	267.04773	80.540436	497.32248	-327.11743	267.0483	80.53934	505.01343	-265.51022	1468.8223	1433.7909	3671.708	-1.5551487	446.68912	2721.1055	1123.1742	3680.8005	4.036106	796.3965	0.05814887	796000	-0.011364451
200	-267.8734	31.349182	267.32327	80.53555	497.32248	-327.11743	267.32388	80.53428	505.01343	-265.51022	1472.781	1435.6095	3671.708	-1.5551487	447.67767	2724.611	1121.7246	3680.8005	4.036106	797.1065	0.058041953	800000	-0.011309189
201	-268.14676	31.306177	267.59888	80.53014	497.32248	-327.11743	267.5995	80.52905	505.01343	-337.69406	1477.435	1437.376	3671.708	-1.5551487	448.91122	2721.8962	1121.4519	3680.8005	4.036106	796.1498	0.0579468	804000	-0.011310269
202	-268.41843	31.250584	267.8727	80.52432	497.32248	-334.0052	267.87332	80.52309	505.01343	-337.69406	1482.1177	1439.1888	3671.708	-1.5551487	450.13928	2725.683	1119.9622	3680.8005	4.036106	797.15894	0.05785431	808000	-0.011251542
203	-268.6886	31.19639	268.14526	80.51747	497.32248	-334.0052	268.1458	80.51649	505.01343	-337.69406	1485.9755	1441.0284	3671.708	-1.5551487	451.1111	2729.767	1118.7073	3680.8005	4.036106	798.15814	0.057751816	812000	-0.01120018
204	-268.95633	31.15606	268.415	80.510445	497.32248	-334.0052	268.41556	80.50926	505.01343	-337.69406	1489.8306	1441.6504	3671.708	-1.5551487	452.07758	2734.167	1117.7247	3683.9473	4.036106	799.1475	0.057654075	816000	-0.01112395
205	-269.22235	31.105864	268.68317	80.50282	497.32248	-334.0052	268.68372	80.50161	505.01343	-337.69406	1493.77	1442.0676	3671.708	-1.5551487	453.03867	2735.7844	1116.1542	3683.9473	4.036106	799.3512	0.057556	820000	-0.010974586
206	-269.4874	31.069386	268.95032	80.49629	497.32248	-334.0052	268.95087	80.49519	505.01343	-337.69406	1495.223	1440.1536	3671.708	-1.5551487	453.24533	2730.9473	1115.9982	3683.9473	4.036106	797.7306	0.057453807	824000	-0.010816423
207	-269.75256	31.01274	269.21756	80.49084	497.32248	-334.0052	269.2181	80.489746	505.01343	-337.69406	1498.9711	1440.7155	3671.708	-1.5551487	454.19638	2735.2058	1114.976	3683.9473	4.036106	798.7077	0.05734896	828000	-0.011104181
208	-270.01443	30.959585	269.48154	80.48594	497.32248	-334.0052	269.48206	80.48468	505.01343	-337.69406	1501.1558	1439.173	3671.708	-1.5551487	454.6448	2731.6987	1114.4832	3683.9473	4.036106	797.54474	0.057249933	832000	-0.010967874
209	-270.2754	30.915869	269.7446	80.48113	497.32248	-334.0052	269.7451	80.479965	505.01343	-337.69406	1503.3192	1438.1981	3691.3225	-1.5551487	455.0898	2732.554	1113.9514	3683.9473	4.036106	797.64355	0.05716637	836000	-0.01062811
210	-270.535	30.870777	270.00632	80.476715	497.32248	-334.0052	270.0068	80.47557	505.01343	-337.69406	1504.67	1435.9795	3691.3225	-1.5551487	455.28455	2736.3894	1112.68	3683.9473	4.036106	798.6071	0.057075076	840000	-0.010620458
211	-270.79108	30.83884	270.2645	80.47139	497.32248	-334.0052	270.26495	80.470184	505.01343	-337.69406	1506.7562	1434.6481	3691.3225	-1.5551487	455.72354	2740.4316	1111.5881	3683.9473	4.036106	799.5616	0.056979954	844000	-0.010687895
212	-271.04382	30.794338	270.5193	80.46409	497.32248	-334.0052	270.51974	80.462944	505.01343	-337.69406	1511.2347	1436.3381	3691.3225	-1.5551487	456.89655	2738.1785	1111.0928	3683.9473	4.036106	798.81415	0.05689429	848000	-0.01048036
213	-271.293	30.75296	270.7706	80.454765	497.32248	-334.0052	270.7711	80.45379	505.01343	-337.69406	1512.5138	1434.3812	3691.3225	-1.5551487	457.08154	2738.0564	1109.2794	3683.9473	4.036106	798.56714	0.056799505	852000	-0.010563114
214	-271.54333	30.708246	271.02286	80.44755	497.32248	-334.0052	271.0233	80.44634	505.01343	-337.69406	1513.7085	1433.6902	3691.3225	-1.5551487	457.26495	2734.7485	1108.6813	3683.9473	4.036106	797.40466	0.056709245	856000	-0.01049927
215	-271.7938	30.667414	271.2751	80.44239	497.32248	-334.0052	271.2755	80.44122	505.01343	-337.69406	1514.1498	1431.3536	3691.3225	-1.5551487	457.2036	2736.6345	1107.6466	3683.9473	4.036106	797.82654	0.056627832	860000	-0.01035731
216	-272.0445	30.624226	271.52777	80.44048	497.32248	-334.0052	271.52823	80.43934	505.01343	-337.69406	1516.1613	1430.1399	3691.3225	-1.5551487	457.6271	2734.5327	1106.4492	3683.9473	4.036106	797.0005	0.056540053	864000	-0.010313198
217	-272.2929	30.580559	271.77817	80.44032	497.32248	-334.0052	271.7786	80.43914	505.01343	-337.69406	1519.8195	1430.7711	3719.9993	-1.5551487	458.53143	2738.7122	1105.6051	3683.9473	4.036106	797.936	0.056460656	868000	-0.0103374
218	-272.5371	30.541735	272.0244	80.43606	497.32248	-334.0052	272.0248	80.435	505.01343	-337.69406	1524.2225	1432.4685	3719.9993	-1.5551487	459.67316	2742.9058	1104.7965	3686.4155	4.036106	798.86285	0.05637249	872000	-0.01024935
219	-272.77826	30.516958	272.2675	80.42864	497.32248	-334.0052	272.26788	80.427574	505.01343	-337.69406	1527.7443	1433.0533	3719.9993	-1.5551487	460.5678	2745.953	1103.9171	3686.4155	4.036106	799.5219	0.056283414	876000	-0.010289351
220	-273.0181	30.474617	272.50922	80.41954	497.32248	-334.0052	272.5096	80.41857	505.01343	-337.69406	1531.4067	1433.2767	3719.9993	-1.5551487	461.4578	2742.0227	1103.9955	3686.4155	4.036106	798.2314	0.056194022	880000	-0.010158155
221	-273.2577	30.438965	272.7507	80.41139	497.32248	-334.0052	272.7511	80.410286	505.01343	-337.69406	1535.0045	1435.0381	3719.9993	-1.5551487	462.3431	2741.9106	1104.2009	3686.4155	4.036106	798.0525	0.056118347	884000	-0.010132786
222	-273.49533	30.401707	272.9903	80.40385	497.32248	-334.0052	272.9907	80.40289	505.01343	-337.69406	1538.5706	1435.3381	3719.9993	-1.5551487	463.2238	2745.6697	1103.1287	3686.4155	4.036106	798.96216	0.056034498	888000	-0.010044073
223	-273.73053	30.371338	273.22742	80.396515	497.32248	-334.0052	273.22778	80.39556	505.01343	-337.69406	1541.4794	1434.5603	3719.9993	-1.5551487	463.85855	2749.6282	1102.2343	3693.2966	4.036106	799.86365	0.055954263	892000	-0.010009844
224	-273.9638	30.321814	273.46262	80.38858	497.32248	-334.0052	273.46295	80.38741	505.01343	-337.69406	1545.7368	1436.1095	3719.9993	-1.5551487	464.97147	2753.4124	1101.2236	3693.2966	4.036106	800.75714	0.055866294	896000	-0.01007145
225	-274.19385	30.287178	273.6946	80.37804	497.32248	-334.0052	273.69492	80.37694	505.01343	-337.69406	1549.1678	1437.0443	3719.9993	-1.5551487	465.8385	2757.1453	1100.1956	3693.2966	4.036106	801.64264	0.055785142	900000	-0.00987925
226	-274.4227	30.24987	273.92532	80.36703	497.32248	-334.0052	273.9256	80.36597	505.01343	-337.69406	1552.704	1438.2999	3734.0408	-1.5551487	466.70108	2761.0996	1099.3613	3704.347	4.036106	802.5203	0.055714913	904000	-0.009844405
227	-274.65225	30.202848	274.15665	80.356674	497.32248	-334.0052	274.15695	80.35566	505.01343	-337.69406	1556.1666	1438.8446	3734.0408	-1.5551487	467.5592	2764.821	1098.3638	3704.347	4.036106	803.3903	0.055628598	908000	-0.009821863
228	-274.88156	30.169434	274.38773	80.34697	497.32248	-334.0052	274.388	80.345634	505.01343	-337.69406	1560.41	1440.4031	3734.0408	-1.5551487	468.65366	2766.7004	1097.4548	3715.3015	4.036106	803.68335	0.055546682	912000	-0.0097943125
229	-275.1105	30.131535	274.61847	80.33646	497.32248	-334.0052	274.6187	80.33504	505.01343	-337.69406	1564.6389	1441.9469	3734.0408	-1.5551487	469.7436	2770.6384	1096.6703	3715.3015	4.036106	804.5406	0.0554593	916000	-0.009811438
230	-275.338	30.087662	274.84772	80.32622	497.32248	-334.0052	274.84796	80.325005	505.01343	-337.69406	1567.4132	1441.0271	3734.0408	-1.5551487	470.34766	2773.745	1095.7035	3715.3015	4.036106	805.2074	0.05536446	920000	-0.009789679
231	-275.56412	30.055836	275.0756	80.31491	497.32248	-334.0052	275.07587	80.31382	505.01343	-337.69406	1571.6211	1442.5604	3734.0408	-1.5551487	471.42856	2771.4927	1094.0875	3715.3015	4.036106	804.31946	0.055281624	924000	-0.009740184
232	-275.78775	30.018614	275.3009	80.30284	497.32248	-334.0052	275.30124	80.30176	505.01343	-337.69406	1575.02	1444.031	3734.0408	-1.5551487	472.26462	2775.08	1093.0884	3715.3015	4.036106	805.1629	0.05518461	928000	-0.009867381
233	-276.00836	29.988413	275.52322	80.289474	497.32248	-334.0052	275.52353	80.28838	505.01343	-337.69406	1578.4364	1444.6298	3734.0408	-1.5551487	473.09644	2778.4092	1091.9181	3715.3015	4.036106	805.99915	0.05509917	932000	-0.009642564
234	-276.22827	29.950235	275.74487	80.27642	497.32248	-334.0052	275.74518	80.2755	505.01343	-337.69406	1581.8014	1445.1177	3734.0408	-1.5551487	473.92404	2782.016	1090.9725	3715.3015	4.036106	806.8282	0.055013392	936000	-0.009458352
235	-276.44684	29.911438	275.96512	80.263435	497.32248	-334.0052	275.9654	80.26238	505.01343	-337.69406	1585.1315	1445.8546	3734.0408	-1.5551487	474.74747	2784.8179	1089.8275	3784.581	4.036106	807.27106	0.054939512	940000	-0.0094735725
236	-276.6634	29.875702	276.18338	80.24998	497.32248	-334.0052	276.1837	80.24901	505.01343	-337.69406	1588.6125	1446.5092	3734.0408	-1.5551487	475.56674	2787.9182	1088.6907	3784.581	4.036106	807.9267	0.054859083	944000	-0.009468656
237	-276.8769	29.846413	276.3986	80.235664	497.32248	-334.0052	276.39883	80.23465	505.01343	-337.69406	1592.7366	1447.9718	3734.0408	-1.5551487	476.62143	2791.6204	1087.8798	3784.581	4.036106	808.7371	0.054782063	948000	-0.009606653
238	-277.09082	29.8111	276.61423	80.22218	497.32248	-334.0052	276.61447	80.221054	505.01343	-337.69406	1596.8514	1449.4261	3734.0408	-1.5551487	477.67184	2795.3423	1087.1033	3784.581	4.036106	809.5408	0.05469884	952000	-0.009570722
239	-277.305	29.756838	276.82996	80.210884	497.32248	-334.0052	276.8302	80.20988	505.01343	-337.69406	1599.398	1449.2312	3734.0408	-1.5551487	478.2391	2798.6853	1086.0586	3784.581	4.036106	810.3063	0.054604206	956000	-0.009553912
240	-277.5195	29.723953	277.04614	80.200424	497.32248	-334.0052	277.04636	80.19937	505.01343	-337.69406	1603.4615	1450.6306	3734.0408	-1.5551487	479.28107	2802.209	1085.1619	3784.581	4.036106	811.0967	0.05452142	960000	-0.009264458
241	-277.73407	29.69286	277.26227	80.190506	497.32248	-334.0052	277.26248	80.18958	505.01343	-337.69406	1605.966	1451.0626	3734.0408	-1.5551487	479.84073	2799.286	1084.7515	3784.581	4.036106	810.04645	0.054434277	964000	-0.0094860215
242	-277.94894	29.655994	277.47867	80.18118	497.32248	-334.0052	277.47888	80.18028	505.01343	-337.69406	1608.4854	1450.6798	3734.0408	-1.5551487	480.39703	2802.848	1083.9196	3784.581	4.036106	810.8314	0.05434428	968000	-0.009408424
243	-278.1637	29.609617	277.69507	80.172386	497.32248	-334.0052	277.6953	80.17113	505.01343	-337.69406	1611.8043	1451.1678	3734.0408	-1.5551487	481.1881	2806.2947	1083.0159	3784.581	4.036106	811.60986	0.054257132	972000	-0.009312226
244	-278.37827	29.574047	277.91122	80.16355	497.32248	-334.0052	277.91147	80.16235	505.01343	-337.69406	1614.9598	1452.1738	3734.0408	-1.5551487	481.9753	2809.6052	1082.044	3784.581	4.036106	812.3287	0.054178536	976000	-0.00893652
245	-278.59158	29.54612	278.1261	80.15477	497.32248	-334.0052	278.12634	80.15378	505.01343	-337.69406	1617.4196	1451.6086	3734.0408	-1.5551487	482.52094	2811.6797	1080.7239	3784.581	4.036106	812.6343	0.054100282	980000	-0.009082674
246	-278.80362	29.495226	278.33957	80.14661	497.32248	-334.0052	278.3398	80.14557	505.01343	-337.69406	1621.3828	1452.929	3734.0408	-1.5551487	483.5381	2815.2288	1079.9552	3784.581	4.036106	813.39594	0.054011934	984000	-0.009158618
247	-279.01575	29.468113	278.55322	80.1375	497.32248	-334.0052	278.55347	80.136505	505.01343	-337.69406	1625.3206	1454.2195	3734.0408	-1.5551487	484.55124	2816.5068	1078.4116	3784.581	4.036106	813.4915	0.053939395	988000	-0.009055228
248	-279.22632	29.437462	278.76532	80.129135	497.32248	-334.0052	278.7656	80.128204	505.01343	-337.69406	1628.547	1454.2628	3734.0408	-1.5551487	485.3229	2819.9302	1077.5796	3784.581	4.036106	814.2435	0.05387007	992000	-0.008994578
249	-279.43448	29.39361	278.97498	80.11906	497.32248	-334.0052	278.97525	80.11814	505.01343	-337.69406	1632.5546	1455.6653	3750.3792	-1.5551487	486.32812	2818.0847	1078.0297	3784.581	4.036106	813.54016	0.053782117	996000	-0.008914624
250	-279.64252	29.365362	279.1845	80.10738	497.32248	-334.0052	279.18475	80.10624	505.01343	-337.69406	1635.6443	1456.5549	3750.3792	-1.5551487	487.09207	2821.3733	1077.1222	3784.581	4.036106	814.286	0.05370293	1000000	-0.0089484025
