epoch	pi-loss	v-loss	average-v-values	std-v-values	max-v-values	min-v-values	average-episode-return	std-episode-return	max-episode-return	min-episode-return	episode-length	total-env-interacts
1	-0.03305614	614.8579	-3.9275963	0.855256	0.3840057	-5.228992	-270.41467	57.85903	-233.26208	-370.53915	1000.0	4000
2	-0.040711418	538.6127	-6.37084	2.521881	0.3840057	-8.950877	-273.48993	58.03496	-185.02151	-370.53915	1000.0	8000
3	-0.037904743	412.84708	-7.87647	2.9631886	0.3840057	-10.946383	-253.88136	56.26978	-185.02151	-370.53915	1000.0	12000
4	-0.03425384	395.84558	-9.309576	3.5704038	0.3840057	-13.649685	-257.52957	51.06603	-185.02151	-370.53915	1000.0	16000
5	-0.037411164	367.25375	-10.553407	4.0481586	0.3840057	-15.569234	-255.76372	48.97591	-185.02151	-370.53915	1000.0	20000
6	-0.039035123	354.43503	-11.7154455	4.5179935	0.3840057	-17.560741	-256.65518	45.650173	-185.02151	-370.53915	1000.0	24000
7	-0.03409366	341.23926	-12.818411	4.9795995	0.3840057	-19.464853	-260.56445	47.355072	-185.02151	-370.53915	1000.0	28000
8	-0.034514382	323.20093	-13.77761	5.3163176	4.1315136	-20.659243	-260.45343	46.183445	-185.02151	-370.53915	1000.0	32000
9	-0.03293601	302.56598	-14.217764	5.2964206	6.4450746	-20.659243	-253.0708	49.15178	-154.20284	-370.53915	1000.0	36000
10	-0.030957833	303.33963	-14.961444	5.5025544	6.4450746	-21.846018	-256.9451	55.06205	-154.20284	-377.368	1000.0	40000
11	-0.034707487	295.3357	-15.603277	5.674779	7.540578	-22.860413	-258.34387	56.703964	-154.20284	-379.19504	1000.0	44000
12	-0.033332616	283.6998	-16.25575	5.8532147	7.540578	-23.64843	-260.92526	55.862274	-154.20284	-379.19504	1000.0	48000
13	-0.031434074	275.8294	-16.67189	5.869309	14.3753	-23.64843	-259.17096	59.128048	-96.81663	-379.19504	1000.0	52000
14	-0.03199681	274.10083	-16.786085	5.799861	14.3753	-23.64843	-255.95885	61.61215	-96.81663	-379.19504	1000.0	56000
15	-0.031239295	268.03003	-16.966608	5.72142	14.3753	-23.64843	-253.47621	61.22629	-96.81663	-379.19504	1000.0	60000
16	-0.027749948	268.10483	-17.070745	5.663955	14.3753	-23.64843	-251.64622	65.04681	-96.81663	-384.56485	1000.0	64000
17	-0.026045814	264.86206	-17.247662	5.6609354	14.3753	-23.813362	-250.87138	66.218	-96.81663	-384.56485	1000.0	68000
18	-0.0257313	266.3597	-17.59424	5.749053	14.3753	-25.40492	-253.42255	65.5437	-96.81663	-384.56485	1000.0	72000
19	-0.02827918	267.16684	-17.743132	5.781945	14.3753	-25.747784	-252.67842	65.52885	-96.81663	-384.56485	1000.0	76000
20	-0.027848035	261.70862	-17.9441	5.7771792	14.3753	-25.899878	-252.23482	64.90883	-96.81663	-384.56485	1000.0	80000
21	-0.028074492	257.1753	-18.101963	5.742335	14.3753	-25.993567	-251.6595	64.09089	-96.81663	-384.56485	1000.0	84000
22	-0.028485222	255.25089	-18.38063	5.802355	14.3753	-26.715532	-253.25972	63.257946	-96.81663	-384.56485	1000.0	88000
23	-0.030388728	259.57587	-18.281837	5.909365	22.49292	-26.733112	-250.46338	69.254364	-73.29517	-417.90683	1000.0	92000
24	-0.029372195	257.2175	-18.500301	5.9366174	22.49292	-27.317144	-250.91695	68.43979	-73.29517	-417.90683	1000.0	96000
25	-0.030271368	252.52371	-18.522165	5.885824	22.49292	-27.317144	-249.37125	68.357956	-73.29517	-417.90683	1000.0	100000
26	-0.030082555	251.39236	-18.815722	5.977224	22.49292	-28.115812	-250.8854	69.83883	-73.29517	-417.90683	1000.0	104000
27	-0.030691985	250.75153	-18.788876	5.952629	22.49292	-28.115812	-248.86081	70.04835	-73.29517	-417.90683	1000.0	108000
28	-0.02833731	246.5926	-18.897135	5.91381	22.49292	-28.115812	-248.46175	69.06785	-73.29517	-417.90683	1000.0	112000
29	-0.027355218	243.50072	-18.82432	5.8680887	22.49292	-28.115812	-246.31294	69.39241	-73.29517	-417.90683	1000.0	116000
30	-0.028012522	240.7583	-18.759146	5.92986	22.49292	-28.115812	-244.27646	71.039825	-39.076633	-417.90683	1000.0	120000
31	-0.02682912	238.07243	-18.762413	5.9239154	22.49292	-28.115812	-242.99905	70.974846	-39.076633	-417.90683	1000.0	124000
32	-0.026015438	241.73418	-18.8397	5.956095	22.49292	-28.381348	-243.37021	71.909256	-39.076633	-417.90683	1000.0	128000
33	-0.025351495	238.58162	-18.85505	5.911741	22.49292	-28.381348	-242.24243	71.57091	-39.076633	-417.90683	1000.0	132000
34	-0.026019916	237.19362	-18.84355	5.8838935	22.49292	-28.381348	-241.33723	71.46257	-39.076633	-417.90683	1000.0	136000
35	-0.027622761	236.59174	-18.711008	5.9498706	22.49292	-28.381348	-238.80981	73.5828	-39.076633	-417.90683	1000.0	140000
36	-0.027970817	234.19489	-18.645233	5.9531794	22.49292	-28.381348	-237.3284	73.12564	-39.076633	-417.90683	1000.0	144000
37	-0.026771365	231.6204	-18.714455	5.928024	22.49292	-28.553755	-237.4592	72.4644	-39.076633	-417.90683	1000.0	148000
38	-0.02682588	228.22993	-18.597023	5.9513903	22.49292	-28.553755	-235.29128	73.193535	-39.076633	-417.90683	1000.0	152000
39	-0.026230935	226.42938	-18.499886	6.0028777	22.49292	-28.553755	-233.6521	73.98096	-39.076633	-417.90683	1000.0	156000
40	-0.025514234	222.92632	-18.366913	6.025199	22.49292	-28.553755	-231.37715	74.87457	-39.076633	-417.90683	1000.0	160000
41	-0.025038807	222.6462	-18.37025	6.0243754	22.49292	-28.553755	-230.85822	75.410164	-39.076633	-417.90683	1000.0	164000
42	-0.024835082	221.03049	-18.373726	6.026323	22.49292	-28.688307	-230.39221	74.79476	-39.076633	-417.90683	1000.0	168000
43	-0.025658896	220.51149	-18.331385	6.051168	22.49292	-28.774279	-229.74829	74.22093	-39.076633	-417.90683	1000.0	172000
44	-0.02541439	217.84268	-18.198812	6.114861	22.49292	-28.774279	-227.70836	74.93635	-39.076633	-417.90683	1000.0	176000
45	-0.025577905	216.99297	-18.14314	6.135354	22.49292	-28.774279	-226.56151	75.22956	-39.076633	-417.90683	1000.0	180000
46	-0.026744066	215.02052	-18.050396	6.144405	22.49292	-28.774279	-225.00185	75.41976	-39.076633	-417.90683	1000.0	184000
47	-0.027599791	213.06633	-18.069399	6.1621857	22.49292	-29.318563	-224.42906	74.90254	-39.076633	-417.90683	1000.0	188000
48	-0.026591256	212.4204	-18.088615	6.125376	22.49292	-29.318563	-224.15144	74.60709	-39.076633	-417.90683	1000.0	192000
49	-0.027279377	212.09238	-18.153927	6.1126833	22.49292	-30.11465	-224.02652	74.262695	-39.076633	-417.90683	1000.0	196000
50	-0.02693677	209.91385	-18.192347	6.09762	22.49292	-30.11465	-223.71085	73.57163	-39.076633	-417.90683	1000.0	200000
