epoch	pi-loss	q-loss	average-q-values	std-q-values	max-q-values	min-q-values	average-episode-return	std-episode-return	max-episode-return	min-episode-return	episode-length	average-test-episode-return	std-test-episode-return	max-test-episode-return	min-test-episode-return	test-episode-length	total-env-interacts
1	-10.348875	0.77924645	9.564851	6.577416	44.636814	-8.677696	16.06591	11.421596	79.230354	3.2754288	20.408163	-1.5803708	0.26291484	-1.1271694	-1.9502674	17.8	4000
2	-49.05071	15.387319	43.52018	43.82013	183.34972	-51.2829	28.712029	44.459496	208.91348	3.2754288	25.477707	87.95318	89.54072	180.06702	-1.9502674	49.25	8000
3	-90.59253	44.829994	83.84676	68.8198	273.9836	-95.43432	33.5061	61.260536	394.17993	-1.414431	27.777779	61.52185	82.11216	180.06702	-1.9502674	42.366665	12000
4	-124.148544	85.79536	116.20303	86.549194	372.5947	-166.93776	43.911297	78.88162	412.79	-1.414431	31.936129	113.85445	115.342575	285.49884	-1.9502674	62.65	16000
5	-157.69759	116.29813	148.77454	106.24314	455.0287	-229.74486	62.14005	118.65019	862.0894	-1.414431	37.878788	202.63412	206.41496	609.65326	-1.9502674	87.4	20000
6	-186.14343	139.80423	176.78384	120.6606	501.81287	-229.74486	75.362366	130.35275	862.0894	-1.414431	42.857143	215.5567	193.64719	609.65326	-1.9502674	94.0	24000
7	-210.71214	165.22568	200.99069	132.25223	532.9348	-229.74486	85.30158	136.25494	862.0894	-1.414431	47.457626	223.6306	180.38426	609.65326	-1.9502674	98.814285	28000
8	-232.77206	192.26318	222.81787	142.18185	556.0195	-229.74486	89.8622	139.51694	862.0894	-1.414431	51.779934	237.47348	176.96017	609.65326	-1.9502674	117.2625	32000
9	-252.41504	217.2637	242.33679	149.39984	563.05255	-275.5663	99.77131	149.8688	862.0894	-1.414431	56.074768	259.3007	178.43823	609.65326	-1.9502674	121.26667	36000
10	-270.09006	238.85611	259.9263	155.44298	581.4011	-300.20346	104.04039	158.47264	1020.18207	-1.414431	60.60606	328.16574	275.83224	1021.674	-1.9502674	201.15	40000
11	-285.6648	253.0475	275.47995	160.17175	590.90326	-300.20346	111.05734	161.02676	1020.18207	-1.414431	63.67583	320.18185	264.28726	1021.674	-1.9502674	192.81818	44000
12	-299.31964	264.89832	289.12088	164.07512	606.9715	-323.67014	117.15976	165.60228	1025.6243	-1.414431	66.94561	308.69128	256.83475	1021.674	-1.9502674	186.18333	48000
13	-311.37552	275.66153	301.18146	167.05069	619.315	-353.73132	119.63113	165.1149	1025.6243	-1.414431	70.27027	307.9357	247.02716	1021.674	-1.9502674	187.50769	52000
14	-322.18805	285.34537	312.01404	169.05965	646.3897	-387.686	126.321495	173.66075	1067.7859	-1.414431	74.27055	308.63013	240.74483	1021.674	-1.9502674	185.57857	56000
15	-332.00143	293.6904	321.8571	170.5986	646.3897	-913.5601	133.60573	179.40286	1067.7859	-1.414431	76.92308	328.20688	271.4037	1490.6566	-1.9502674	199.82	60000
16	-340.4708	300.92218	330.40494	171.53711	646.3897	-913.5601	140.17378	183.52176	1067.7859	-1.414431	79.503105	344.97086	279.60632	1490.6566	-1.9502674	209.3375	64000
17	-347.67538	306.25705	337.6803	171.99933	646.3897	-913.5601	146.53487	190.0145	1067.7859	-1.414431	81.829124	350.1898	272.73004	1490.6566	-1.9502674	206.87059	68000
18	-353.85226	310.162	343.9381	172.20992	646.3897	-913.5601	153.949	197.13089	1067.7859	-1.414431	84.407974	340.53812	268.07495	1490.6566	-1.9502674	199.86111	72000
19	-359.06528	312.87613	349.2491	172.2397	646.3897	-913.5601	160.24667	202.39682	1067.7859	-1.414431	86.56036	344.70947	268.41278	1490.6566	-1.9502674	201.86842	76000
20	-363.28842	313.91006	353.58112	171.97166	646.3897	-913.5601	165.58813	208.50677	1099.7206	-1.414431	89.08686	357.42224	275.2362	1490.6566	-1.9502674	208.09	80000
21	-366.55292	313.7762	356.964	171.40208	646.3897	-913.5601	170.18198	209.73291	1099.7206	-1.414431	91.4037	355.4808	270.63425	1490.6566	-1.9502674	207.10477	84000
22	-369.13718	312.53625	359.65958	170.69054	646.3897	-913.5601	174.29332	210.68892	1099.7206	-1.414431	93.81663	367.75595	273.1704	1490.6566	-1.9502674	220.22273	88000
23	-371.1471	310.5364	361.79178	169.76842	646.3897	-913.5601	174.66078	210.98538	1099.7206	-1.414431	96.13375	353.6312	275.2578	1490.6566	-1.9502674	213.81305	92000
24	-372.77106	308.4382	363.5269	168.61212	646.3897	-913.5601	177.21323	214.43857	1099.7206	-1.414431	98.56263	380.37714	298.43408	1490.6566	-1.9502674	246.57083	96000
25	-374.20374	306.03293	365.0573	167.23538	646.3897	-913.5601	180.80544	219.67165	1116.9436	-1.414431	102.04082	404.39804	315.19595	1490.6566	-1.9502674	276.708	100000
26	-375.68997	303.6312	366.63095	165.82753	646.3897	-913.5601	182.9373	220.66292	1116.9436	-1.414431	105.15672	427.35922	329.7116	1490.6566	-1.9502674	304.52692	104000
27	-377.33932	301.02634	368.3609	164.53574	646.3897	-913.5601	186.11728	225.82355	1116.9436	-1.414431	108.76133	447.8841	340.05368	1490.6566	-1.9502674	330.2852	108000
28	-378.96777	298.10312	370.08463	163.08148	646.3897	-913.5601	189.1066	229.82294	1116.9436	-1.414431	112.22445	466.913	348.25763	1490.6566	-1.9502674	354.20358	112000
29	-380.42047	294.84128	371.6322	161.55162	646.3897	-913.5601	191.82906	233.50845	1116.9436	-1.414431	115.19364	464.45636	343.12985	1490.6566	-1.9502674	349.13104	116000
30	-381.84476	292.4758	373.14697	160.06189	646.3897	-913.5601	195.13496	235.70126	1138.5886	-1.414431	116.95906	471.51105	342.1941	1490.6566	-1.9502674	348.08	120000
31	-383.19553	290.03748	374.5887	158.72328	646.3897	-913.5601	199.76332	239.46036	1138.5886	-1.414431	119.34553	475.59512	344.0883	1665.5208	-1.9502674	345.7613	124000
32	-384.19424	287.14133	375.68597	157.33337	646.3897	-913.5601	204.8555	250.5071	1714.4362	-1.414431	122.137405	490.8951	361.046	2009.9749	-1.9502674	348.2531	128000
33	-384.97726	284.32767	376.56854	155.89723	646.3897	-913.5601	210.25221	259.70486	1934.7328	-1.414431	124.7637	502.18533	368.68472	2009.9749	-1.9502674	352.46667	132000
34	-385.4084	281.31625	377.10675	154.4402	646.3897	-913.5601	215.6962	267.53156	1934.7328	-1.414431	127.34082	517.1095	381.31595	2009.9749	-1.9502674	357.65295	136000
35	-385.5107	278.38248	377.31195	152.93887	646.3897	-913.5601	221.10796	276.09808	1934.7328	-1.414431	130.11153	519.35266	376.16132	2009.9749	-1.9502674	354.09143	140000
36	-385.4273	275.34354	377.32928	151.42189	646.3897	-913.5601	225.44574	279.57465	1934.7328	-1.414431	131.74748	515.9676	375.4081	2009.9749	-1.9502674	351.22778	144000
37	-385.15213	272.0944	377.1556	149.94675	646.3897	-913.5601	228.87024	281.03616	1934.7328	-1.414431	133.21332	509.1336	373.89694	2009.9749	-1.9502674	344.69458	148000
38	-384.77716	269.16275	376.87186	148.53233	646.3897	-913.5601	232.94437	284.07065	1934.7328	-1.414431	134.1571	509.2041	369.94415	2009.9749	-1.9502674	340.93948	152000
39	-384.43527	265.92593	376.61502	147.22806	646.3897	-913.5601	239.87524	291.21115	1934.7328	-1.414431	135.8885	525.8173	380.53555	2009.9749	-1.9502674	341.89743	156000
40	-384.1549	263.03506	376.41364	146.03903	646.3897	-913.5601	246.43143	297.4491	1934.7328	-1.414431	137.69363	526.5189	378.8358	2009.9749	-1.9502674	338.89	160000
41	-383.92352	259.97104	376.25986	144.94148	646.3897	-913.5601	253.38234	309.48828	2241.06	-1.414431	139.93175	560.86	441.72693	2767.8557	-1.9502674	347.9	164000
42	-383.72217	257.14066	376.13272	143.90106	646.3897	-913.5601	258.92627	322.9607	2241.06	-1.414431	142.49364	577.8581	455.75162	2767.8557	-1.9502674	356.66904	168000
43	-383.4914	254.29774	375.983	142.87825	646.3897	-913.5601	264.87283	338.2177	2305.2512	-1.414431	145.27026	571.42194	453.0881	2767.8557	-1.9502674	351.87674	172000
44	-383.11743	251.50533	375.69122	141.8669	646.3897	-913.5601	269.7342	346.5911	2305.2512	-1.414431	147.89915	578.5112	457.96042	2767.8557	-1.9502674	355.83636	176000
45	-382.60236	248.55435	375.26117	140.86873	646.3897	-913.5601	274.59146	355.33243	2305.2512	-1.414431	150.25041	598.7809	487.4725	2767.8557	-1.9502674	362.7978	180000
46	-381.93924	245.66838	374.68158	139.90108	646.3897	-913.5601	278.39212	359.63568	2305.2512	-1.414431	151.94055	609.0907	493.71396	2767.8557	-1.9502674	367.0739	184000
47	-381.21555	242.88634	374.0371	138.9649	646.3897	-913.5601	282.73093	368.92435	2305.2512	-1.414431	153.97215	602.58185	493.33328	2767.8557	-1.9502674	363.1787	188000
48	-380.51517	240.28482	373.40863	138.05327	646.3897	-913.5601	289.6624	387.91998	2888.7776	-1.414431	156.22458	601.42084	491.6295	2767.8557	-1.9502674	360.90625	192000
49	-379.91055	237.79147	372.87155	137.1484	646.3897	-913.5601	294.6096	391.06653	2888.7776	-1.414431	157.80998	620.26666	515.4701	2767.8557	-1.9502674	364.70203	196000
50	-379.3428	235.28543	372.37302	136.28185	646.3897	-913.5601	296.95493	389.79025	2888.7776	-1.414431	158.10277	617.6153	511.37167	2767.8557	-1.9502674	360.836	200000
51	-378.7281	232.90407	371.8296	135.47517	646.3897	-913.5601	301.873	392.18845	2888.7776	-1.414431	159.4996	625.1045	511.19296	2767.8557	-1.9502674	360.3412	204000
52	-378.08066	230.6684	371.24713	134.69928	646.3897	-913.5601	306.77203	393.3897	2888.7776	-1.414431	160.49382	638.5637	518.778	2767.8557	-1.9502674	361.32693	208000
53	-377.4971	228.50655	370.72586	133.94162	646.3897	-913.5601	312.49686	402.30573	2893.0186	-1.414431	162.07951	654.25616	533.62994	2767.8557	-1.9502674	364.03397	212000
54	-376.91803	226.45189	370.21072	133.20874	646.3897	-913.5601	318.6834	406.91016	2893.0186	-1.414431	163.76042	679.7223	568.376	3178.589	-1.9502674	369.04816	216000
55	-376.33746	224.45953	369.6907	132.49365	646.3897	-913.5601	324.42563	416.81003	2893.0186	-1.414431	165.91252	700.5105	587.75195	3178.589	-1.9502674	376.20908	220000
56	-375.8389	222.4446	369.24734	131.78589	646.3897	-913.5601	329.0188	424.172	2893.0186	-1.414431	167.79027	716.9607	600.7713	3178.589	-1.9502674	381.50894	224000
57	-375.39008	220.57489	368.85376	131.08783	646.3897	-913.5601	333.9521	428.30954	2893.0186	-1.414431	169.3908	729.3538	609.0912	3178.589	-1.9502674	384.07193	228000
58	-374.97134	218.73825	368.48874	130.41083	646.3897	-913.5601	338.95233	431.98294	2893.0186	-1.414431	170.83946	736.5171	609.0476	3178.589	-1.9502674	384.6431	232000
59	-374.64554	217.10701	368.21045	129.76712	646.3897	-913.5601	344.3405	436.5411	2893.0186	-1.414431	172.51462	736.0888	607.0566	3178.589	-1.9502674	383.839	236000
60	-374.31375	215.37215	367.93256	129.12207	646.3897	-913.5601	348.99173	443.20105	2893.0186	-1.414431	174.16545	730.73706	603.5391	3178.589	-1.9502674	380.29166	240000
61	-373.9404	213.67065	367.6123	128.46675	646.3897	-913.5601	354.87018	454.91437	2893.0186	-1.414431	176.30058	728.10175	600.5437	3178.589	-1.9502674	378.10983	244000
62	-373.53568	212.01599	367.26102	127.82331	646.3897	-913.5601	360.71863	463.1695	2972.237	-1.414431	178.03302	727.2316	597.73596	3178.589	-1.9502674	375.78387	248000
63	-373.13504	210.37675	366.90875	127.191216	646.3897	-913.5601	365.7771	467.5102	2972.237	-1.414431	179.35944	722.80096	594.72217	3178.589	-1.9502674	372.9349	252000
64	-372.82928	209.04543	366.6446	126.622765	646.3897	-913.5601	368.91022	471.29333	2972.237	-1.414431	180.15482	728.7492	594.75433	3178.589	-1.9502674	376.89062	256000
65	-372.70807	207.78337	366.55515	126.11271	646.3897	-913.5601	372.32642	474.76584	2972.237	-1.414431	181.56424	732.595	592.7824	3178.589	-1.9502674	376.3723	260000
66	-372.8896	206.79843	366.7621	125.67517	646.3897	-913.5601	373.99295	472.99536	2972.237	-1.414431	181.69305	747.1916	606.5441	3178.589	-1.9502674	379.06213	264000
67	-373.11783	205.81378	367.02585	125.28296	646.3897	-913.5601	378.88303	474.5818	2972.237	-1.414431	182.81036	750.3795	602.68134	3178.589	-1.9502674	378.02835	268000
68	-373.34418	204.72858	367.28857	124.90769	646.3897	-913.5601	383.0296	477.32736	2972.237	-1.414431	184.03247	758.6057	605.3985	3178.589	-1.9502674	381.575	272000
69	-373.48236	203.55592	367.46625	124.4983	646.3897	-913.5601	386.48053	479.92532	2972.237	-1.414431	185.3593	760.5728	603.83954	3178.589	-1.9502674	382.15073	276000
70	-373.51767	202.45456	367.54337	124.05983	646.3897	-913.5601	389.29514	483.90146	2972.237	-1.414431	186.4181	764.8839	606.87164	3178.589	-1.9502674	383.44144	280000
71	-373.4549	201.19623	367.52274	123.60986	646.3897	-913.5601	393.49588	488.26505	2972.237	-1.414431	187.21161	785.12305	634.47473	3178.589	-1.9502674	388.44226	284000
72	-373.3146	200.01369	367.42365	123.171684	646.3897	-913.5601	399.50504	495.59952	2972.237	-1.414431	188.7287	796.1828	646.4291	3263.592	-1.9502674	389.8	288000
73	-373.15057	198.79594	367.2976	122.75481	646.3897	-913.5601	403.99582	496.0409	2972.237	-1.414431	189.48735	801.36523	645.93024	3263.592	-1.9502674	389.45068	292000
74	-373.01785	197.62456	367.19922	122.35891	646.3897	-913.5601	409.30484	503.12637	3178.3171	-1.414431	190.84462	802.0348	642.89716	3263.592	-1.9502674	387.89594	296000
75	-372.93646	196.56522	367.15036	121.986404	646.3897	-913.5601	413.8742	504.80664	3178.3171	-1.414431	191.6933	826.151	683.8611	3512.445	-1.9502674	393.02667	300000
76	-372.94324	195.44804	367.18698	121.63509	646.3897	-913.5601	419.1554	510.79388	3178.3171	-1.414431	193.01587	837.0886	688.0488	3512.445	-1.9502674	395.5066	304000
77	-372.99472	194.36987	367.26978	121.29549	646.3897	-913.5601	423.25012	514.0739	3178.3171	-1.414431	194.07687	853.7557	701.67615	3512.445	-1.9502674	399.66882	308000
78	-373.026	193.3618	367.33453	120.93944	646.3897	-913.5601	425.96213	519.935	3178.3171	-1.414431	194.63506	843.29816	703.177	3512.445	-1.9502674	394.8372	312000
79	-373.01303	192.39908	367.35614	120.58114	646.3897	-913.5601	427.69986	523.39496	3178.3171	-1.414431	194.58128	865.0739	731.6423	3512.445	-1.9502674	399.4215	316000
80	-372.95718	191.36621	367.33423	120.22196	646.3897	-913.5601	432.53854	530.1924	3335.159	-1.414431	195.71866	869.1061	729.33203	3512.445	-1.9502674	399.03	320000
81	-372.87262	190.33212	367.28293	119.86217	646.3897	-913.5601	435.73322	533.09045	3335.159	-1.414431	196.36363	867.8478	725.9706	3512.445	-1.9502674	397.1247	324000
82	-372.75122	189.39725	367.19586	119.50599	646.3897	-913.5601	438.41788	532.441	3335.159	-1.414431	196.76065	877.91736	733.2707	3512.445	-1.9502674	398.4622	328000
83	-372.57538	188.43523	367.05518	119.16538	646.3897	-913.5601	441.4007	532.6034	3335.159	-1.414431	197.14964	872.5518	731.9609	3512.445	-1.9502674	395.8012	332000
84	-372.3519	187.3794	366.8656	118.83687	646.3897	-913.5601	443.85388	533.1971	3335.159	-1.414431	197.41481	870.54834	727.83984	3512.445	-1.9502674	393.60834	336000
85	-372.11008	186.35805	366.65656	118.51615	646.3897	-913.5601	448.31955	537.10516	3335.159	-1.414431	198.3664	881.6465	734.6331	3512.445	-1.9502674	395.76352	340000
86	-371.9069	185.35762	366.4826	118.197014	646.3897	-913.5601	452.9065	541.58374	3335.159	-1.414431	199.53596	886.53595	733.84656	3512.445	-1.9502674	395.93488	344000
87	-371.74246	184.40587	366.34702	117.8855	646.3897	-913.5601	457.91058	546.3252	3335.159	-1.414431	200.80785	911.4313	767.1419	3512.445	-1.9502674	401.92642	348000
88	-371.58667	183.49641	366.22165	117.58365	646.3897	-913.5601	462.00296	552.1163	3335.159	-1.414431	201.83487	904.4393	766.80365	3512.445	-1.9502674	398.56592	352000
89	-371.4158	182.55959	366.0809	117.2769	646.3897	-913.5601	465.7888	556.7632	3335.159	-1.414431	202.50284	925.1713	790.7802	3512.445	-1.9502674	403.34045	356000
90	-371.22675	181.5841	365.92282	116.96938	646.3897	-913.5601	470.5829	565.4626	3335.159	-1.414431	203.73514	952.05194	826.28925	3536.7668	-1.9502674	409.97	360000
91	-371.0249	180.68073	365.7504	116.679146	646.3897	-913.5601	474.39932	569.86224	3335.159	-1.414431	204.60933	955.75964	823.08795	3536.7668	-1.9502674	410.27692	364000
92	-370.8279	179.74934	365.58243	116.39013	646.3897	-913.5601	479.20142	574.9609	3335.159	-1.414431	205.93173	956.89044	820.7343	3536.7668	-1.9502674	409.96088	368000
93	-370.64008	178.80984	365.42215	116.106926	646.3897	-913.5601	483.5931	577.60406	3335.159	-1.414431	207.01169	973.2888	840.45996	3536.7668	-1.9502674	413.81076	372000
94	-370.44632	177.86658	365.2569	115.8382	646.3897	-913.5601	488.11575	584.0818	3335.159	-1.414431	208.1949	972.26764	838.61804	3536.7668	-1.9502674	412.74255	376000
95	-370.26428	176.89154	365.1018	115.5734	646.3897	-913.5601	492.91293	591.1292	3335.159	-1.414431	209.48181	988.59894	854.83887	3536.7668	-1.9502674	416.66104	380000
96	-370.09708	175.97375	364.96152	115.30768	646.3897	-913.5601	497.22583	596.6373	3335.159	-1.414431	210.6418	1000.8759	865.5969	3536.7668	-1.9502674	419.35312	384000
97	-369.9374	175.04596	364.82953	115.03901	646.3897	-913.5601	502.50482	605.2982	3335.159	-1.414431	212.13779	1018.52203	881.6385	3536.7668	-1.9502674	423.14847	388000
98	-369.77188	174.17744	364.69055	114.77543	646.3897	-913.5601	505.9072	606.4725	3335.159	-1.414431	212.69669	1035.2772	895.082	3536.7668	-1.9502674	427.83878	392000
99	-369.6193	173.31342	364.5635	114.51533	646.3897	-913.5601	510.78287	613.36835	3351.0242	-1.414431	213.93842	1035.9025	891.81226	3536.7668	-1.9502674	426.9404	396000
100	-369.47647	172.46964	364.446	114.26221	646.3897	-913.5601	515.6365	619.3223	3351.0242	-1.414431	215.16945	1059.0415	916.72974	3536.7668	-1.9502674	432.671	400000
101	-369.34918	171.61497	364.34326	114.014854	646.3897	-913.5601	519.3561	623.50134	3460.6868	-1.414431	216.04279	1052.6094	915.4733	3536.7668	-1.9502674	430.0693	404000
102	-369.2479	170.88501	364.2651	113.76724	646.3897	-913.5601	524.43396	630.8214	3466.4219	-1.414431	217.2524	1071.815	935.93835	3536.7668	-1.9502674	434.76276	408000
103	-369.1908	170.11743	364.22913	113.53317	646.3897	-913.5601	527.9523	637.6633	3466.4219	-1.414431	218.22034	1063.166	935.5519	3536.7668	-1.9502674	431.35632	412000
104	-369.1728	169.35542	364.23236	113.31068	646.3897	-913.5601	529.674	639.75134	3466.4219	-1.414431	218.71713	1065.2697	936.1599	3536.7668	-1.9502674	431.69904	416000
105	-369.18933	168.71745	364.26984	113.09985	646.3897	-913.5601	534.3204	647.0821	3466.4219	-1.414431	220.35677	1080.7612	944.99524	3536.7668	-1.9502674	437.11142	420000
106	-369.20776	168.04791	364.31137	112.8758	646.3897	-913.5601	537.884	653.7728	3466.4219	-1.414431	221.40993	1083.1672	949.8	3536.7668	-1.9502674	437.49905	424000
107	-369.21695	167.37572	364.34164	112.65084	646.3897	-913.5601	542.41156	659.9855	3466.4219	-1.414431	222.80063	1083.6158	947.07684	3536.7668	-1.9502674	437.37195	428000
108	-369.2547	166.74438	364.39706	112.42638	646.3897	-913.5601	546.6828	665.75134	3466.4219	-1.414431	224.18266	1084.178	944.61426	3536.7668	-1.9502674	436.9176	432000
109	-369.37006	166.15607	364.5279	112.2176	646.3897	-913.5601	550.82825	669.58276	3466.4219	-1.414431	225.4395	1100.9572	956.4147	3536.7668	-1.9502674	442.0835	436000
110	-369.4653	165.57433	364.6446	112.0095	646.3897	-913.5601	552.8858	672.02295	3466.4219	-1.414431	225.9887	1106.6116	955.2095	3536.7668	-1.9502674	443.29636	440000
111	-369.50806	164.97229	364.70865	111.795	646.3897	-913.5601	556.5165	675.7642	3466.4219	-1.414431	226.99387	1115.5284	958.7722	3536.7668	-1.9502674	445.0883	444000
112	-369.52667	164.41731	364.7475	111.587006	646.3897	-913.5601	560.7324	677.9758	3466.4219	-1.414431	227.87386	1118.3618	955.0416	3536.7668	-1.9502674	444.6277	448000
113	-369.53183	163.81058	364.77374	111.38183	646.3897	-913.5601	563.48816	677.24506	3466.4219	-1.414431	228.28282	1113.2407	952.51465	3536.7668	-1.9502674	442.41946	452000
114	-369.5203	163.16269	364.78308	111.18113	646.3897	-913.5601	566.5906	680.5582	3466.4219	-1.414431	229.03064	1107.3962	950.5316	3536.7668	-1.9502674	440.10526	456000
115	-369.49487	162.57553	364.77808	110.97731	646.3897	-913.5601	570.2817	683.7341	3466.4219	-1.414431	230.11505	1114.6467	953.11633	3536.7668	-1.9502674	441.3452	460000
116	-369.45224	161.93243	364.7563	110.76878	646.3897	-913.5601	571.2173	685.4118	3466.4219	-1.414431	229.93062	1125.2491	959.23706	3556.3945	-1.9502674	443.2569	464000
117	-369.39798	161.33215	364.72217	110.563774	646.3897	-913.5601	574.38654	685.389	3466.4219	-1.414431	230.42836	1126.6385	956.35846	3556.3945	-1.9502674	442.64786	468000
118	-369.3497	160.75551	364.69327	110.36975	646.3897	-913.5601	576.7926	684.7011	3466.4219	-1.414431	230.69403	1128.8264	952.8861	3556.3945	-1.9502674	442.23813	472000
119	-369.31445	160.20412	364.67587	110.18255	646.3897	-913.5601	580.5231	687.1772	3466.4219	-1.414431	231.51752	1132.218	952.79004	3556.3945	-1.9502674	442.6857	476000
120	-369.288	159.60982	364.66904	109.99936	646.3897	-913.5601	584.1679	689.7837	3466.4219	-1.414431	232.44553	1131.369	948.87006	3556.3945	-1.9502674	441.3675	480000
121	-369.2537	159.0446	364.65363	109.81982	646.3897	-913.5601	587.669	692.4453	3466.4219	-1.414431	233.253	1123.8723	948.5113	3556.3945	-1.9502674	438.6719	484000
122	-369.22086	158.5005	364.63904	109.64155	646.3897	-913.5601	591.51807	698.28595	3466.4219	-1.414431	234.16507	1120.323	945.8541	3556.3945	-1.9502674	436.9951	488000
123	-369.1866	157.92453	364.6229	109.46246	646.3897	-913.5601	591.37463	698.7208	3466.4219	-1.414431	233.61824	1122.9773	943.0283	3556.3945	-1.9502674	437.07397	492000
124	-369.16605	157.35637	364.61926	109.286285	646.3897	-913.5601	594.40656	699.61194	3466.4219	-1.414431	234.1832	1128.1455	942.61865	3556.3945	-1.9502674	437.6379	496000
125	-369.15634	156.8346	364.62686	109.107574	646.3897	-913.5601	597.82275	701.60315	3466.4219	-1.414431	234.9624	1142.3226	952.68274	3556.3945	-1.9502674	441.3912	500000
126	-369.14688	156.29012	364.63498	108.93034	646.3897	-913.5601	601.75055	706.21674	3466.4219	-1.414431	236.06557	1153.7108	960.48413	3556.3945	-1.9502674	443.9373	504000
127	-369.137	155.79692	364.6425	108.75181	646.3897	-913.5601	605.67566	710.6126	3466.4219	-1.414431	237.16153	1157.1079	959.7949	3556.3945	-1.9502674	444.24802	508000
128	-369.1264	155.20047	364.64957	108.57789	646.3897	-913.5601	609.7609	716.61743	3466.4219	-1.414431	238.25035	1165.1006	961.65405	3556.3945	-1.9502674	445.85312	512000
129	-369.1103	154.7058	364.65048	108.410484	646.3897	-913.5601	612.5274	717.3123	3466.4219	-1.414431	238.88889	1164.2864	958.2712	3556.3945	-1.9502674	444.9876	516000
130	-369.08963	154.17381	364.6469	108.24684	646.3897	-913.5601	615.8155	718.02716	3466.4219	-1.414431	239.74182	1164.9425	954.9519	3556.3945	-1.9502674	444.38385	520000
131	-369.06635	153.68315	364.64023	108.08646	646.3897	-913.5601	619.6918	720.0394	3466.4219	-1.414431	240.69821	1164.9713	951.34357	3556.3945	-1.9502674	443.63815	524000
132	-369.0415	153.16957	364.6322	107.924255	646.3897	-913.5601	622.3426	720.62744	3466.4219	-1.414431	241.20602	1164.0145	947.84894	3556.3945	-1.9502674	442.6015	528000
133	-369.01987	152.6559	364.62662	107.763626	646.3897	-913.5601	625.259	720.5382	3466.4219	-1.414431	241.81818	1172.2124	952.9861	3556.3945	-1.9502674	444.06918	532000
134	-369.00177	152.13918	364.62466	107.6081	646.3897	-913.5601	629.2382	722.9973	3466.4219	-1.414431	242.75362	1176.0469	951.81006	3556.3945	-1.9502674	444.3097	536000
135	-368.97867	151.63387	364.6179	107.45337	646.3897	-913.5601	632.36475	725.5145	3466.4219	-1.414431	243.46259	1188.4929	962.8823	3556.3945	-1.9502674	447.37482	540000
136	-368.94363	151.12466	364.59927	107.304535	646.3897	-913.5601	635.72034	728.57904	3466.4219	-1.414431	244.27481	1200.1066	969.78143	3556.3945	-1.9502674	450.20883	544000
137	-368.9106	150.61546	364.5819	107.1602	646.3897	-913.5601	639.65704	731.26245	3466.4219	-1.414431	245.19016	1215.877	983.5864	3556.3945	-1.9502674	454.2219	548000
138	-368.8785	150.10762	364.5654	107.02075	646.3897	-913.5601	643.1524	733.4383	3466.4219	-1.414431	245.9893	1216.862	980.2977	3556.3945	-1.9502674	453.80942	552000
139	-368.84384	149.62556	364.54626	106.88669	646.3897	-913.5601	646.79114	735.27893	3466.4219	-1.414431	246.78207	1226.0856	985.8143	3588.2915	-1.9502674	455.5669	556000
140	-368.80936	149.12709	364.52707	106.75474	646.3897	-913.5601	649.8203	735.4757	3466.4219	-1.414431	247.34982	1227.1107	982.4621	3588.2915	-1.9502674	455.00858	560000
141	-368.77063	148.61694	364.50412	106.62227	646.3897	-913.5601	651.8421	735.58307	3466.4219	-1.414431	247.5856	1232.6453	983.6987	3588.2915	-1.9502674	455.71774	564000
142	-368.7283	148.123	364.47726	106.49106	646.3897	-913.5601	654.7523	735.4966	3466.4219	-1.414431	248.1433	1232.355	980.3233	3588.2915	-1.9502674	454.8528	568000
143	-368.68585	147.62645	364.44992	106.36187	646.3897	-913.5601	657.7571	735.2085	3466.4219	-1.414431	248.69565	1241.7981	984.45905	3588.2915	-1.9502674	456.6944	572000
144	-368.6457	147.14882	364.42477	106.23379	646.3897	-913.5601	660.9522	736.15765	3466.4219	-1.414431	249.35065	1247.6119	984.84357	3588.2915	-1.9502674	457.60904	576000
145	-368.605	146.67581	364.39917	106.11162	646.3897	-913.5601	663.99304	737.2841	3466.4219	-1.414431	250.0	1250.5416	983.58167	3588.2915	-1.9502674	457.67932	580000
146	-368.5648	146.18025	364.3738	105.98956	646.3897	-913.5601	665.2287	736.3016	3466.4219	-1.414431	250.0	1248.5459	981.31256	3588.2915	-1.9502674	456.52945	584000
147	-368.5347	145.74266	364.35745	105.875374	646.3897	-913.5601	667.7711	736.4791	3466.4219	-1.414431	250.5326	1243.3706	980.0318	3588.2915	-1.9502674	454.67618	588000
148	-368.51776	145.29665	364.35416	105.76745	646.3897	-913.5601	670.8879	737.432	3466.4219	-1.414431	251.16673	1242.5386	976.88007	3588.2915	-1.9502674	453.73715	592000
149	-368.50797	144.87085	364.35812	105.66031	646.3897	-913.5601	672.5377	736.03564	3466.4219	-1.414431	251.26476	1253.8265	985.1136	3588.2915	-1.9502674	456.51813	596000
150	-368.50418	144.42854	364.36786	105.55118	646.3897	-913.5601	676.1923	739.4757	3466.4219	-1.414431	252.10085	1258.9056	988.7829	3588.2915	-1.9502674	457.376	600000
151	-368.49884	143.97366	364.37708	105.43538	646.3897	-913.5601	677.7145	740.8671	3466.4219	-1.414431	252.29741	1257.0325	986.9159	3588.2915	-1.9502674	456.43774	604000
152	-368.4834	143.52216	364.37555	105.323364	646.3897	-913.5601	679.8877	740.159	3466.4219	-1.414431	252.70158	1250.4268	987.0078	3588.2915	-1.9502674	454.25394	608000
153	-368.46036	143.09357	364.3665	105.210754	646.3897	-913.5601	681.9216	740.86395	3466.4219	-1.414431	253.10173	1256.4231	991.15784	3588.2915	-1.9502674	455.35294	612000
154	-368.43448	142.6865	364.3542	105.09745	646.3897	-913.5601	684.22894	740.622	3466.4219	-1.414431	253.49794	1249.3138	991.84045	3588.2915	-1.9502674	452.9331	616000
155	-368.40158	142.26973	364.33533	104.98888	646.3897	-913.5601	686.6112	740.9312	3466.4219	-1.414431	253.89026	1242.4066	992.3449	3588.2915	-1.9502674	450.57614	620000
156	-368.39426	141.96388	364.33652	104.89254	651.12335	-913.5601	687.5148	740.0683	3466.4219	-1.414431	253.86493	1246.0923	991.6165	3588.2915	-1.9502674	451.13077	624000
157	-368.5685	141.95448	364.5079	104.91133	670.7803	-913.5601	686.59515	740.1802	3466.4219	-1.414431	253.83994	1244.0564	988.8175	3588.2915	-1.9502674	450.2401	628000
158	-368.99347	141.98871	364.93033	105.11107	690.3725	-913.5601	684.91516	737.42285	3466.4219	-1.414431	253.20512	1239.1127	987.6797	3588.2915	-1.9502674	448.48923	632000
159	-369.49258	142.01591	365.43225	105.35705	690.3725	-913.5601	686.27704	737.4169	3466.4219	-1.414431	253.58852	1243.1636	988.6008	3588.2915	-1.9502674	449.98175	636000
160	-369.9762	141.97568	365.92273	105.56831	690.3725	-913.5601	688.69653	739.05115	3466.4219	-1.414431	254.47316	1249.9819	989.982	3588.2915	-1.9502674	451.52188	640000
161	-370.38687	141.85872	366.34326	105.707825	690.3725	-913.5601	691.6524	740.5811	3466.4219	-1.414431	255.25168	1255.8601	993.20624	3588.2915	-1.9502674	452.88074	644000
162	-370.71997	141.69397	366.68692	105.79072	690.3725	-913.5601	694.43463	742.93024	3466.4219	-1.414431	256.0253	1252.8711	990.98035	3588.2915	-1.9502674	451.6969	648000
163	-370.99225	141.51094	366.9702	105.82855	690.3725	-913.5601	697.1925	745.4211	3466.4219	-1.414431	256.794	1265.455	1001.03015	3588.2915	-1.9502674	454.9221	652000
164	-371.21442	141.22145	367.20285	105.82636	690.3725	-913.5601	700.4596	748.1769	3537.139	-1.414431	257.55792	1268.0449	1000.60175	3588.2915	-1.9502674	455.27682	656000
165	-371.3847	140.99289	367.38535	105.795616	690.3725	-913.5601	703.9638	752.1887	3537.139	-1.414431	258.41818	1273.4788	1002.1106	3588.2915	-1.9502674	456.2703	660000
166	-371.50055	140.65808	367.5136	105.741165	690.3725	-913.5601	706.2145	752.2969	3537.139	-1.414431	258.8694	1269.9493	1000.1648	3588.2915	-1.9502674	454.92108	664000
167	-371.5787	140.33029	367.6036	105.67483	690.3725	-913.5601	708.3708	752.0668	3537.139	-1.414431	259.21616	1268.3226	997.4287	3588.2915	-1.9502674	453.8563	668000
168	-371.63184	139.993	367.66852	105.60274	690.3725	-913.5601	710.20953	751.26	3537.139	-1.414431	259.45947	1271.2167	995.35547	3588.2915	-1.9502674	454.07382	672000
169	-371.66736	139.66417	367.71576	105.53083	690.3725	-913.5601	712.22894	750.60284	3537.139	-1.414431	259.80014	1269.0077	992.8635	3588.2915	-1.9502674	452.96982	676000
170	-371.69083	139.32838	367.75098	105.454636	690.3725	-913.5601	714.31647	751.2034	3537.139	-1.414431	260.23727	1278.3031	998.15295	3588.2915	-1.9502674	455.6694	680000
171	-371.69318	138.98659	367.76535	105.370026	690.3725	-913.5601	717.2333	754.4989	3537.139	-1.414431	260.9691	1288.7064	1005.1248	3588.2915	-1.9502674	458.2433	684000
172	-371.67993	138.63095	367.76443	105.27724	690.3725	-913.5601	720.1057	757.73804	3537.139	-1.414431	261.59695	1300.7047	1015.29364	3597.1567	-1.9502674	461.08606	688000
173	-371.64554	138.28926	367.74225	105.181625	690.3725	-913.5601	722.7383	757.7146	3537.139	-1.414431	262.12122	1297.6323	1013.18976	3597.1567	-1.9502674	459.6734	692000
174	-371.59924	137.91992	367.70804	105.07754	690.3725	-913.5601	724.1011	757.4706	3537.139	-1.414431	262.24567	1295.6702	1010.6201	3597.1567	-1.9502674	458.5529	696000
175	-371.54117	137.54152	367.66165	104.97471	690.3725	-913.5601	726.27844	758.91113	3537.139	-1.414431	262.66415	1295.993	1010.5203	3597.1567	-1.9502674	458.25772	700000
176	-371.47675	137.1983	367.60898	104.87079	690.3725	-913.5601	727.6606	759.1284	3537.139	-1.414431	262.7846	1298.4962	1010.4152	3597.1567	-1.9502674	458.3949	704000
177	-371.4018	136.83849	367.54614	104.76468	690.3725	-913.5601	727.9217	759.1154	3537.139	-1.414431	262.61127	1305.4724	1015.9687	3597.1567	-1.9502674	460.37967	708000
178	-371.31772	136.49692	367.47415	104.66057	690.3725	-913.5601	730.88196	761.69434	3537.139	-1.414431	263.3136	1311.389	1018.7663	3597.1567	-1.9502674	461.74887	712000
179	-371.22406	136.1128	367.39264	104.556	690.3725	-913.5601	732.7035	761.1746	3537.139	-1.414431	263.623	1310.1366	1017.30414	3597.1567	-1.9502674	460.8609	716000
180	-371.12463	135.76785	367.30466	104.4519	690.3725	-913.5601	734.075	762.08765	3537.139	-1.414431	263.83292	1318.431	1021.29504	3597.1567	-1.9502674	463.09277	720000
181	-371.02478	135.41872	367.2164	104.34513	690.3725	-913.5601	736.7031	762.74994	3537.139	-1.414431	264.42657	1320.293	1019.04974	3597.1567	-1.9502674	463.0735	724000
182	-370.92365	135.06693	367.1266	104.24068	690.3725	-913.5601	739.2369	763.9921	3537.139	-1.414431	265.0164	1330.7454	1025.9335	3597.1567	-1.9502674	466.02362	728000
183	-370.8284	134.71907	367.04254	104.13649	690.3725	-913.5601	742.364	767.0915	3537.139	-1.414431	265.7952	1330.5536	1023.2075	3597.1567	-1.9502674	465.48907	732000
184	-370.73373	134.35002	366.95923	104.02778	690.3725	-913.5601	744.23193	768.1119	3537.139	-1.414431	266.18445	1333.2098	1024.3373	3623.363	-1.9502674	465.75815	736000
185	-370.6339	133.99188	366.87085	103.92312	690.3725	-913.5601	746.4899	770.0032	3537.139	-1.414431	266.7628	1340.7017	1028.7942	3623.363	-1.9502674	467.6989	740000
186	-370.5318	133.62604	366.78018	103.821144	690.3725	-913.5601	748.2232	769.3862	3537.139	-1.414431	267.04953	1341.6089	1026.2478	3623.363	-1.9502674	467.45108	744000
187	-370.42712	133.29012	366.6863	103.720436	690.3725	-913.5601	750.894	770.7355	3537.139	-1.414431	267.62076	1342.6711	1024.2489	3623.363	-1.9502674	467.2492	748000
188	-370.32672	132.93132	366.5964	103.62164	690.3725	-913.5601	752.8889	770.1835	3537.139	-1.414431	267.90167	1349.9513	1030.27	3623.363	-1.9502674	468.92712	752000
189	-370.23138	132.5755	366.51202	103.524956	690.3725	-913.5601	754.61584	770.94775	3537.139	-1.414431	268.1802	1354.8114	1031.4613	3623.363	-1.9502674	469.91217	756000
190	-370.13147	132.2225	366.4233	103.43487	690.3725	-913.5601	756.7705	773.2594	3537.139	-1.414431	268.64618	1362.1152	1034.9397	3623.363	-1.9502674	471.57104	760000
191	-370.03424	131.89868	366.3364	103.34734	690.3725	-913.5601	758.2283	772.6788	3537.139	-1.414431	268.82477	1365.7285	1034.3336	3623.363	-1.9502674	472.01727	764000
192	-369.95175	131.60544	366.2636	103.2605	690.3725	-913.5601	759.836	773.85175	3537.139	-1.414431	269.096	1375.7427	1041.255	3623.363	-1.9502674	474.55365	768000
193	-369.88397	131.27983	366.20578	103.176765	690.3725	-913.5601	762.51746	776.1556	3537.139	-1.414431	269.74142	1378.5933	1040.3009	3623.363	-1.9502674	474.99222	772000
194	-369.82095	130.99042	366.15256	103.093994	690.3725	-913.5601	764.98517	776.7391	3537.139	-1.414431	270.2891	1378.5535	1037.7756	3623.363	-1.9502674	474.48196	776000
195	-369.76187	130.69325	366.10315	103.01376	690.3725	-913.5601	766.19714	776.52454	3537.139	-1.414431	270.36395	1377.3083	1035.4097	3623.363	-1.9502674	473.6554	780000
196	-369.7053	130.386	366.05624	102.93515	690.3725	-913.5601	767.54346	775.66675	3537.139	-1.414431	270.5314	1380.7416	1035.9457	3623.363	-1.9502674	474.36072	784000
197	-369.64783	130.05641	366.00894	102.85793	690.3725	-913.5601	769.293	776.0745	3537.139	-1.414431	270.88345	1375.55	1038.4545	3623.363	-1.9502674	472.53146	788000
198	-369.58417	129.74217	365.95554	102.783905	690.3725	-913.5601	770.5584	778.13007	3537.139	-1.414431	271.04724	1382.4681	1041.9789	3623.363	-1.9502674	474.27475	792000
199	-369.51535	129.45915	365.8965	102.71196	690.3725	-913.5601	772.4164	777.5116	3537.139	-1.414431	271.39447	1380.9126	1039.5905	3623.363	-1.9502674	473.34976	796000
200	-369.44525	129.1384	365.8362	102.64103	690.3725	-913.5601	774.188	777.77637	3537.139	-1.414431	271.73914	1379.1505	1037.2998	3623.363	-1.9502674	472.461	800000
201	-369.37683	128.81773	365.77762	102.566635	690.3725	-913.5601	775.77997	777.5143	3537.139	-1.414431	271.98917	1381.3055	1039.6434	3623.363	-1.9502674	472.97314	804000
202	-369.3057	128.52226	365.7164	102.489876	690.3725	-913.5601	778.3008	779.3512	3537.139	-1.414431	272.60458	1378.4877	1037.9102	3623.363	-1.9502674	471.86288	808000
203	-369.2335	128.21259	365.65396	102.411514	690.3725	-913.5601	780.4855	780.2383	3537.139	-1.414431	273.03296	1377.6748	1035.7395	3623.363	-1.9502674	471.11624	812000
204	-369.15887	127.88808	365.58926	102.33601	690.3725	-913.5601	780.9417	778.2345	3537.139	-1.414431	272.9097	1375.585	1033.6448	3623.363	-1.9502674	470.13922	816000
205	-369.07938	127.59228	365.51932	102.262764	690.3725	-913.5601	782.5608	778.0239	3537.139	-1.414431	273.15125	1374.881	1031.8108	3623.363	-1.9502674	469.481	820000
206	-369.0024	127.29675	365.45178	102.187546	690.3725	-913.5601	784.88184	780.3523	3676.9236	-1.414431	273.66324	1373.8971	1029.6996	3623.363	-1.9502674	468.75922	824000
207	-368.9228	126.982445	365.3817	102.11611	690.3725	-913.5601	786.24414	779.2923	3676.9236	-1.414431	273.8095	1381.1362	1033.0605	3623.363	-1.9502674	470.5396	828000
208	-368.84103	126.690704	365.30927	102.04659	690.3725	-913.5601	787.8785	779.7557	3676.9236	-1.414431	274.0448	1378.3867	1031.3376	3623.363	-1.9502674	469.38126	832000
209	-368.7655	126.390915	365.24255	101.97571	690.3725	-913.5601	788.04047	777.7807	3676.9236	-1.414431	273.829	1378.8726	1030.0502	3623.363	-1.9502674	469.13397	836000
210	-368.69357	126.08688	365.17963	101.90583	690.3725	-913.5601	789.26746	777.5716	3676.9236	-1.414431	273.9726	1377.9684	1027.7137	3623.363	-1.9502674	468.41382	840000
211	-368.6214	125.794624	365.11655	101.833435	690.3725	-913.5601	790.32306	777.12494	3676.9236	-1.414431	274.11496	1379.6395	1025.766	3623.363	-1.9502674	468.46304	844000
212	-368.54855	125.49883	365.05255	101.76215	690.3725	-913.5601	791.5154	775.8211	3676.9236	-1.414431	274.25613	1377.7454	1023.7212	3623.363	-1.9502674	467.52783	848000
213	-368.48413	125.21855	364.99652	101.69475	690.3725	-913.5601	792.46136	774.5824	3676.9236	-1.414431	274.3078	1384.0153	1027.7545	3623.363	-1.9502674	468.96008	852000
214	-368.42517	124.922134	364.946	101.62966	690.3725	-913.5601	793.11084	773.25745	3676.9236	-1.414431	274.27106	1385.911	1027.9866	3623.363	-1.9502674	469.3014	856000
215	-368.36627	124.63594	364.89587	101.56554	690.3725	-913.5601	794.0853	771.9836	3676.9236	-1.414431	274.32217	1385.054	1025.7499	3623.363	-1.9502674	468.64978	860000
216	-368.3022	124.355606	364.8406	101.50156	690.3725	-913.5601	795.5495	770.97266	3676.9236	-1.414431	274.54718	1385.0325	1024.0032	3623.363	-1.9502674	468.27777	864000
217	-368.2338	124.087364	364.78082	101.44309	690.3725	-913.5601	797.171	770.4777	3676.9236	-1.414431	274.8575	1383.8235	1021.8783	3623.363	-1.9502674	467.5645	868000
218	-368.17145	123.82135	364.72662	101.38643	690.3725	-913.5601	798.87213	770.112	3676.9236	-1.414431	275.16568	1382.6067	1019.70764	3623.363	-1.9502674	466.80597	872000
219	-368.11337	123.55078	364.67697	101.32826	690.3725	-913.5601	800.92487	770.79504	3676.9236	-1.414431	275.64505	1390.9469	1025.5256	3623.363	-1.9502674	468.86987	876000
220	-368.05777	123.28068	364.6294	101.268486	690.3725	-913.5601	803.308	772.4249	3676.9236	-1.414431	276.2084	1399.045	1031.1299	3623.363	-1.9502674	470.98773	880000
221	-368.00195	123.01834	364.58194	101.20585	690.3725	-913.5601	804.96387	772.3221	3676.9236	-1.414431	276.50922	1401.5917	1031.6105	3623.363	-1.9502674	471.31403	884000
222	-367.93954	122.745995	364.5282	101.1453	690.3725	-913.5601	806.0903	771.4704	3676.9236	-1.414431	276.63553	1399.9309	1029.7502	3623.363	-1.9502674	470.4518	888000
223	-367.8714	122.45088	364.46866	101.08458	690.3725	-913.5601	808.0247	772.4086	3676.9236	-1.414431	277.01865	1402.5131	1031.1627	3623.363	-1.9502674	470.81705	892000
224	-367.797	122.18209	364.40283	101.024185	690.3725	-913.5601	809.6561	773.04694	3676.9236	-1.414431	277.31354	1405.0265	1030.6602	3623.363	-1.9502674	471.2799	896000
225	-367.7198	121.903275	364.33417	100.96493	690.3725	-913.5601	811.0299	772.3131	3676.9236	-1.414431	277.5208	1405.4956	1030.2129	3636.5293	-1.9502674	471.0258	900000
226	-367.64227	121.63634	364.26495	100.90761	690.3725	-913.5601	813.08716	772.8151	3676.9236	-1.414431	277.9828	1414.3533	1036.4839	3636.5293	-1.9502674	473.36636	904000
227	-367.56897	121.36802	364.1998	100.84947	690.3725	-913.5601	815.28864	775.6094	3676.9236	-1.414431	278.52762	1412.7737	1034.5621	3636.5293	-1.9502674	472.60925	908000
228	-367.4963	121.11301	364.1353	100.78968	690.3725	-913.5601	817.0413	775.56445	3676.9236	-1.414431	278.8138	1411.6544	1032.4604	3636.5293	-1.9502674	471.9066	912000
229	-367.4244	120.840034	364.07147	100.729935	690.3725	-913.5601	818.7028	776.0245	3676.9236	-1.414431	279.0981	1414.2645	1031.6365	3636.5293	-1.9502674	472.23056	916000
230	-367.35065	120.57864	364.00568	100.67292	690.3725	-913.5601	819.046	774.48303	3676.9236	-1.414431	278.95694	1412.3276	1029.8127	3636.5293	-1.9502674	471.33478	920000
231	-367.2748	120.32051	363.9379	100.61568	690.3725	-913.5601	820.90295	774.32477	3676.9236	-1.414431	279.32285	1413.1301	1027.9674	3636.5293	-1.9502674	471.1394	924000
232	-367.19504	120.04296	363.86642	100.55822	690.3725	-913.5601	821.6164	773.1974	3676.9236	-1.414431	279.3498	1411.5575	1026.0321	3636.5293	-1.9502674	470.3306	928000
233	-367.11188	119.78544	363.79126	100.50068	690.3725	-913.5601	823.19684	773.22565	3676.9236	-1.414431	279.62796	1409.3848	1024.374	3636.5293	-1.9502674	469.37982	932000
234	-367.0333	119.5328	363.72012	100.44292	690.3725	-913.5601	823.45325	771.62866	3676.9236	-1.414431	279.48642	1407.2667	1022.70844	3636.5293	-1.9502674	468.46967	936000
235	-366.96262	119.278984	363.65677	100.385826	690.3725	-913.5601	824.0677	770.2812	3676.9236	-1.414431	279.42926	1405.6454	1020.8361	3636.5293	-1.9502674	467.68	940000
236	-366.89166	119.02577	363.59354	100.32814	690.3725	-913.5601	824.8952	769.3291	3676.9236	-1.414431	279.4553	1405.7852	1019.9261	3636.5293	-1.9502674	467.34323	944000
237	-366.81775	118.76011	363.52744	100.2711	690.3725	-913.5601	826.2354	769.23596	3676.9236	-1.414431	279.64603	1407.8635	1020.80334	3636.5293	-1.9502674	467.55655	948000
238	-366.74036	118.50853	363.45807	100.21463	690.3725	-913.5601	828.50604	770.3466	3676.9236	-1.414431	280.1648	1408.3298	1019.95593	3636.5293	-1.9502674	467.3412	952000
239	-366.66016	118.26011	363.38525	100.16135	690.3725	-913.5601	830.1805	771.10333	3676.9236	-1.414431	280.51642	1415.1776	1024.9307	3636.5293	-1.9502674	468.9795	956000
240	-366.58646	118.01077	363.31903	100.10779	690.3725	-913.5601	831.8635	771.6577	3676.9236	-1.414431	280.866	1414.4606	1023.10046	3636.5293	-1.9502674	468.52	960000
241	-366.51865	117.76463	363.25867	100.05429	690.3725	-913.5601	833.80414	773.6058	3676.9236	-1.414431	281.2956	1413.8481	1021.17566	3636.5293	-1.9502674	468.01907	964000
242	-366.45386	117.51601	363.20123	100.00202	690.3725	-913.5601	835.53174	773.72	3676.9236	-1.414431	281.64096	1416.4761	1020.7793	3636.5293	-1.9502674	468.4628	968000
243	-366.3874	117.26623	363.14227	99.95017	690.3725	-913.5601	835.8003	772.32	3676.9236	-1.414431	281.49435	1414.9081	1019.09564	3636.5293	-1.9502674	467.68808	972000
244	-366.32224	117.014755	363.08417	99.899254	690.3725	-913.5601	836.7227	772.4565	3676.9236	-1.414431	281.59262	1412.1415	1017.92035	3636.5293	-1.9502674	466.65247	976000
245	-366.25833	116.76899	363.02744	99.84917	690.3725	-913.5601	838.24524	773.36676	3676.9236	-1.414431	281.85217	1409.991	1016.4156	3636.5293	-1.9502674	465.73102	980000
246	-366.19446	116.53615	362.9708	99.800156	690.3725	-913.5601	838.9381	772.6983	3676.9236	-1.414431	281.86765	1407.3864	1015.1708	3636.5293	-1.9502674	464.72397	984000
247	-366.12726	116.30672	362.91086	99.755104	690.3725	-913.5601	839.2902	771.82715	3676.9236	-1.414431	281.8026	1412.1938	1017.5013	3636.5293	-1.9502674	466.0988	988000
248	-366.06384	116.06716	362.85443	99.71234	690.3725	-913.5601	840.9618	772.26404	3676.9236	-1.414431	282.1388	1415.68	1018.73236	3636.5293	-1.9502674	466.96896	992000
249	-366.0087	115.84757	362.80582	99.66736	690.3725	-913.5601	842.76324	773.9097	3676.9236	-1.414431	282.5532	1424.0323	1025.1581	3636.5293	-1.9502674	469.10965	996000
250	-365.95886	115.62532	362.76288	99.62063	690.3725	-913.5601	845.1453	775.83154	3676.9236	-1.414431	283.1257	1432.0736	1030.9448	3636.5293	-1.9502674	471.2332	1000000
