epoch	pi-loss	v-loss	average-v-values	std-v-values	max-v-values	min-v-values	kl	average-episode-return	std-episode-return	max-episode-return	min-episode-return	episode-length	total-env-interacts
1	-0.051120125	223.87827	2.836239	2.523922	5.355855	-4.690865	0.008811326	18.433779	20.730694	121.8408	4.0387907	35.727272	4000
2	-0.041527495	661.48914	5.438471	4.2579293	9.638208	-9.4050255	0.008689519	32.243977	36.45859	192.7454	4.0387907	42.85246	8000
3	-0.038573656	838.24634	8.04949	5.121946	13.410475	-11.561751	0.008226197	44.489895	40.388466	192.7454	4.0387907	45.891052	12000
4	-0.03385029	1050.2556	10.300977	5.906218	17.05926	-11.561751	0.0075509935	53.956913	43.09966	261.4917	4.0387907	47.849693	16000
5	-0.03309127	1266.9558	12.3369875	6.693688	20.577024	-11.561751	0.0076172454	62.06495	47.34136	261.4917	4.0387907	49.789204	20000
6	-0.03258614	1645.2587	14.377872	7.6265306	24.583332	-11.561751	0.007663606	71.80047	55.726795	263.11826	4.0387907	52.76818	24000
7	-0.032458644	1980.1046	16.38473	8.603468	28.426613	-11.561751	0.007692695	80.92109	62.51776	263.11826	4.0387907	55.48148	28000
8	-0.032287434	2297.3577	18.36355	9.600904	32.215675	-11.561751	0.0076118032	90.136566	69.09648	263.11826	4.0387907	58.590477	32000
9	-0.03093842	2498.576	20.275576	10.544294	35.572006	-11.561751	0.007587241	98.21065	73.144806	263.11826	4.0387907	61.113075	36000
10	-0.029955368	2674.0598	22.129158	11.444904	38.811592	-11.561751	0.007478354	105.654465	76.48095	263.11826	4.0387907	63.466114	40000
11	-0.029007403	2783.9119	23.91649	12.289168	41.790024	-11.561751	0.0073847366	112.10856	78.74868	263.11826	4.0387907	65.60964	44000
12	-0.027984256	2841.3918	25.629147	13.065345	44.46844	-11.561751	0.00725893	117.54749	80.23202	265.41992	4.0387907	67.469894	48000
13	-0.027363535	2894.048	27.282717	13.797969	47.125786	-11.561751	0.0072241095	122.95391	81.678055	265.41992	4.0387907	69.387726	52000
14	-0.027046522	2936.4102	28.888275	14.501609	49.760647	-11.561751	0.0072230333	127.68709	82.46861	265.41992	4.0387907	70.908485	56000
15	-0.026643373	2958.7644	30.446844	15.175137	52.266895	-11.561751	0.0071558375	132.14323	83.015396	265.41992	4.0387907	72.3287	60000
16	-0.02632438	2972.3447	31.961615	15.821186	54.683273	-11.561751	0.0071462383	136.30193	83.31918	265.41992	4.0387907	73.56506	64000
17	-0.025779044	2975.2405	33.436234	16.44317	57.03025	-11.561751	0.0070761987	140.0035	83.397705	265.41992	4.0387907	74.7301	68000
18	-0.025432624	2957.8428	34.863445	17.02893	59.12607	-11.561751	0.0070887655	143.25455	83.198364	265.41992	4.0387907	75.71413	72000
19	-0.02549678	2933.5261	36.24538	17.581179	61.12039	-11.561751	0.0071048564	146.26305	82.86425	265.41992	4.0387907	76.62646	76000
20	-0.02525189	2908.8706	37.58625	18.105345	63.062782	-11.561751	0.0070635392	149.07095	82.53419	265.41992	4.0387907	77.481705	80000
21	-0.02541042	2894.7046	38.89898	18.61878	65.153625	-11.561751	0.007079807	151.77705	82.23054	265.41992	4.0387907	78.29579	84000
22	-0.025153155	2878.223	40.186996	19.124344	67.23542	-11.561751	0.0070165056	154.45528	82.01134	265.41992	4.0387907	79.08507	88000
23	-0.025002068	2848.1956	41.440224	19.605902	69.01122	-11.561751	0.0069848797	156.85066	81.5937	265.41992	4.0387907	79.76138	92000
24	-0.024880676	2832.995	42.67323	20.08338	71.03243	-11.561751	0.0069367923	159.29378	81.40134	272.19675	4.0387907	80.448456	96000
25	-0.025093403	2810.4844	43.883636	20.551651	72.933395	-11.561751	0.006947975	161.54599	81.09142	272.19675	4.0387907	81.10324	100000
26	-0.025070144	2781.063	45.064865	21.000189	74.595634	-11.561751	0.0069468743	163.59702	80.63035	272.19675	4.0387907	81.72066	104000
27	-0.024947202	2754.2214	46.21843	21.430655	76.21122	-11.561751	0.0069236215	165.58044	80.15453	272.19675	4.0387907	82.283424	108000
28	-0.024975508	2722.605	47.3411	21.838053	77.65308	-11.561751	0.0069022593	167.36548	79.62655	272.19675	4.0387907	82.7564	112000
29	-0.025001267	2693.4866	48.43592	22.226507	79.09102	-11.561751	0.006894643	169.05902	79.069336	272.19675	4.0387907	83.22967	116000
30	-0.024950676	2669.2417	49.509693	22.60502	80.6491	-11.561751	0.0068631857	170.71788	78.653534	272.19675	4.0387907	83.71136	120000
31	-0.025058456	2643.589	50.560104	22.969645	82.07255	-11.561751	0.0068666716	172.26279	78.20298	274.4519	4.0387907	84.178314	124000
32	-0.025166057	2620.5112	51.59026	23.324121	83.52505	-11.561751	0.00687714	173.83727	77.87118	295.1585	4.0387907	84.64003	128000
33	-0.025150768	2599.2385	52.601597	23.669798	84.96455	-11.561751	0.0068248636	175.29869	77.57399	295.1585	4.0387907	85.047424	132000
34	-0.025164604	2580.8074	53.593964	24.005806	86.34187	-11.561751	0.0068268455	176.73448	77.38027	298.33566	4.0387907	85.45605	136000
35	-0.025242636	2573.4365	54.583035	24.353127	88.211586	-11.561751	0.006808693	178.63829	77.61938	325.56732	4.0387907	85.981926	140000
36	-0.025321513	2562.306	55.5644	24.704416	89.91217	-11.561751	0.0067834556	180.392	77.72571	325.56732	4.0387907	86.47887	144000
37	-0.025406145	2562.0444	56.55242	25.078999	92.12127	-11.561751	0.006747233	182.28421	78.10006	326.32248	4.0387907	86.99012	148000
38	-0.025579702	2561.7969	57.547684	25.476557	94.372406	-11.561751	0.00673473	184.06633	78.4793	326.32248	4.0387907	87.49909	152000
39	-0.025688034	2563.0388	58.54439	25.8875	96.4193	-11.561751	0.006742507	185.76233	78.86899	338.9251	4.0387907	87.9899	156000
40	-0.02573818	2570.3147	59.545208	26.314863	98.576904	-11.561751	0.006740925	187.58772	79.74982	427.33826	4.0387907	88.521866	160000
41	-0.025832145	2580.2107	60.552402	26.761173	100.84035	-11.561751	0.00671243	189.46834	80.766335	481.1159	4.0387907	89.02919	164000
42	-0.02587767	2582.3813	61.558132	27.213596	102.79293	-11.561751	0.0066945567	191.40408	81.57914	481.1159	4.0387907	89.58122	168000
43	-0.02596177	2583.111	62.56028	27.668344	104.65036	-11.561751	0.00666762	193.05011	82.01056	481.1159	4.0387907	90.015465	172000
44	-0.026202865	2586.8809	63.55999	28.126749	106.547585	-11.561751	0.0066730217	194.83154	82.716324	481.1159	4.0387907	90.46746	176000
45	-0.026309686	2590.6675	64.558044	28.589556	108.47253	-11.561751	0.006667081	196.63354	83.49965	481.1159	4.0387907	90.9339	180000
46	-0.026505668	2597.2007	65.561	29.06648	110.693985	-11.561751	0.00665188	198.6818	84.42851	481.1159	4.0387907	91.47456	184000
47	-0.026588608	2595.9075	66.54848	29.525242	111.97256	-11.561751	0.0066294167	200.283	84.85873	481.1159	4.0387907	91.92883	188000
48	-0.02674683	2602.6094	67.53887	29.994665	114.08733	-11.561751	0.006623441	202.26675	85.69114	481.1159	4.0387907	92.4401	192000
49	-0.027003454	2604.431	68.52674	30.465746	115.94448	-11.561751	0.006616769	204.04555	86.36841	481.1159	4.0387907	92.9215	196000
50	-0.027080841	2608.2522	69.50976	30.93459	117.6779	-11.561751	0.006594814	205.72224	86.968376	481.1159	4.0387907	93.40217	200000
51	-0.027209073	2608.87	70.47405	31.387712	119.06988	-11.561751	0.006582744	207.28667	87.436485	481.1159	4.0387907	93.80145	204000
52	-0.027392298	2582.2866	71.15168	31.73078	121.46896	-11.561751	0.0065776547	208.93188	87.84201	481.1159	4.0387907	94.21367	208000
53	-0.027519573	2554.3528	71.821945	32.112946	124.54098	-11.561751	0.0065699182	210.61752	88.35293	481.1159	4.0387907	94.650024	212000
54	-0.02757366	2529.1619	72.52914	32.52892	127.22025	-11.561751	0.0065766326	212.1292	88.85853	481.1159	4.0387907	95.044586	216000
55	-0.027606713	2504.7585	73.256325	32.982452	130.3131	-11.561751	0.0065717776	213.837	89.57626	481.1159	4.0387907	95.47755	220000
56	-0.027688358	2479.0059	73.99304	33.471226	133.30312	-11.561751	0.0065866197	215.57149	90.39453	481.1159	4.0387907	95.95339	224000
57	-0.027825367	2458.0916	74.762146	33.980053	136.01103	-11.561751	0.006594155	217.21664	91.165146	481.1159	4.0387907	96.36221	228000
58	-0.02784961	2434.364	75.54071	34.52346	138.93721	-11.561751	0.006608238	218.99246	92.050186	481.1159	4.0387907	96.80503	232000
59	-0.027835406	2408.2769	76.31867	35.07652	141.72578	-11.561751	0.0066146003	220.78151	92.93533	481.1159	4.0387907	97.26362	236000
60	-0.027805297	2381.4006	77.1057	35.654766	144.3943	-11.561751	0.006615967	222.5123	93.70808	481.1159	4.0387907	97.68963	240000
61	-0.027809743	2353.826	77.85787	36.18652	146.13998	-11.561751	0.0066235997	223.93413	94.08574	481.1159	4.0387907	98.03655	244000
62	-0.02786203	2327.818	78.618805	36.73726	148.25621	-11.561751	0.0066326754	225.50514	94.73974	481.1159	4.0387907	98.432594	248000
63	-0.027792234	2304.2808	79.401535	37.31626	150.67526	-11.561751	0.006647532	227.23604	95.595924	481.1159	4.0387907	98.8626	252000
64	-0.027790979	2278.2417	80.16646	37.88875	152.99422	-11.561751	0.006651452	228.87798	96.36283	481.1159	4.0387907	99.29023	256000
65	-0.027778754	2254.6213	80.95321	38.484688	155.61192	-11.561751	0.0066714874	230.74265	97.39376	481.1159	4.0387907	99.74797	260000
66	-0.028060475	2232.6992	81.75163	39.09383	158.27773	-11.561751	0.006668359	232.49728	98.32988	481.1159	4.0387907	100.17784	264000
67	-0.028182874	2211.2195	82.56386	39.71265	160.9289	-11.561751	0.0066811102	234.27438	99.41143	540.6971	4.0387907	100.61502	268000
68	-0.028177015	2187.9238	83.366394	40.330418	163.30125	-11.561751	0.0066894535	236.0426	100.37888	540.6971	4.0387907	101.033806	272000
69	-0.028209891	2161.6697	84.161064	40.94383	165.17792	-11.561751	0.0066912137	237.68997	101.070015	540.6971	4.0387907	101.416405	276000
70	-0.028195051	2139.8596	84.964874	41.556667	166.84082	-11.561751	0.006704647	239.22423	101.72753	540.6971	4.0387907	101.76231	280000
71	-0.02825604	2117.3174	85.75235	42.13808	168.48782	-11.561751	0.006712761	240.83157	102.43773	540.6971	4.0387907	102.13965	284000
72	-0.028208204	2092.6157	86.52456	42.719322	170.19452	-11.561751	0.0067038694	242.43063	103.09704	540.6971	4.0387907	102.509415	288000
73	-0.028531585	2076.509	87.298134	43.288002	171.35216	-11.561751	0.006691158	243.77357	103.83398	540.6971	4.0387907	102.79412	292000
74	-0.028619321	2054.271	88.0418	43.833748	172.85217	-11.561751	0.006712528	245.26234	104.49926	540.6971	4.0387907	103.128914	296000
75	-0.028571911	2030.6279	88.78545	44.3732	174.3942	-11.561751	0.006726635	246.78477	105.08545	540.6971	4.0387907	103.48524	300000
76	-0.02854606	2014.8948	89.530464	44.90001	175.40659	-11.561751	0.0067305644	248.11372	105.70945	540.6971	4.0387907	103.78427	304000
77	-0.028564412	1997.5833	90.264595	45.406357	176.80084	-11.561751	0.006745176	249.45422	106.37368	540.6971	4.0387907	104.09611	308000
78	-0.028618231	1976.505	91.01349	45.92317	178.77736	-11.561751	0.0067544356	250.9413	107.10139	540.6971	4.0387907	104.46034	312000
79	-0.028685527	1956.2391	91.76333	46.443512	180.68047	-11.561751	0.006774609	252.37917	107.80062	540.6971	4.0387907	104.802734	316000
80	-0.028842214	1942.3727	92.49619	46.9239	181.73854	-11.561751	0.006785033	253.7176	108.44217	540.6971	4.0387907	105.12974	320000
81	-0.028949864	1923.2466	93.228096	47.42658	183.93698	-11.561751	0.006784303	255.24002	109.25879	540.6971	4.0387907	105.49379	324000
82	-0.028985523	1903.29	93.97189	47.945267	186.07268	-11.561751	0.0067991805	256.7079	110.03562	540.6971	4.0387907	105.85191	328000
83	-0.029032404	1885.2145	94.70984	48.45008	187.78456	-11.561751	0.0068035536	258.08344	110.70607	540.6971	4.0387907	106.1808	332000
84	-0.029024476	1865.8444	95.44859	48.96135	189.51096	-11.561751	0.00680163	259.48047	111.384	540.6971	4.0387907	106.52019	336000
85	-0.02926969	1846.8165	96.170685	49.457016	191.11765	-11.561751	0.0068102884	260.8393	112.01851	540.6971	4.0387907	106.8488	340000
86	-0.029323429	1834.9917	96.90445	49.93058	192.25484	-11.561751	0.0068290676	262.2553	112.793915	540.6971	4.0387907	107.1996	344000
87	-0.029305134	1816.974	97.63219	50.425674	194.0994	-11.561751	0.0068445727	263.74872	113.64287	540.6971	4.0387907	107.5642	348000
88	-0.029348547	1799.989	98.36105	50.926994	196.48369	-11.561751	0.006859942	265.42175	114.78719	540.6971	4.0387907	107.98175	352000
89	-0.029395558	1782.0822	99.080765	51.422794	198.25517	-11.561751	0.0068669766	266.94812	115.68957	540.6971	4.0387907	108.36663	356000
90	-0.029364122	1769.9141	99.811646	51.90551	199.29448	-11.561751	0.0068814782	268.32776	116.48873	574.3801	4.0387907	108.7103	360000
91	-0.029390082	1753.5071	100.52369	52.383503	200.92409	-11.561751	0.0068956194	269.8187	117.47247	614.2118	4.0387907	109.098404	364000
92	-0.029437596	1738.6058	101.262	52.8667	203.23203	-11.561751	0.0069055045	271.33734	118.607864	614.2118	4.0387907	109.48719	368000
93	-0.029430458	1723.9384	102.045044	53.396896	206.0719	-11.561751	0.00691324	272.92743	119.95372	644.1015	4.0387907	109.89123	372000
94	-0.029710688	1709.0339	102.80545	53.920937	208.49251	-11.561751	0.0069188876	274.50055	121.20361	644.1015	4.0387907	110.28576	376000
95	-0.029740224	1703.0763	103.56423	54.395714	209.47977	-11.561751	0.0069052535	275.8963	122.27813	644.1015	4.0387907	110.64319	380000
96	-0.029909214	1688.7584	104.345894	54.933212	211.9529	-11.561751	0.006910723	277.4615	123.585495	644.1015	4.0387907	111.03361	384000
97	-0.029939203	1674.5375	105.13744	55.48043	214.47647	-11.561751	0.0069257207	279.11725	125.02321	644.1015	4.0387907	111.4502	388000
98	-0.030079199	1668.3259	105.94806	56.03569	216.31873	-11.561751	0.006939264	280.74973	126.72253	696.7964	4.0387907	111.87999	392000
99	-0.030118566	1659.9268	106.743416	56.59949	218.92737	-11.561751	0.006944159	282.64972	128.90463	741.24713	4.0387907	112.36925	396000
100	-0.030134024	1646.1614	107.53543	57.16213	221.19225	-11.561751	0.006963581	284.39362	130.53587	741.24713	4.0387907	112.81799	400000
101	-0.030097406	1634.134	108.30921	57.692493	222.72313	-11.561751	0.006965989	285.96848	131.83449	741.24713	4.0387907	113.2204	404000
102	-0.030097779	1622.6619	109.13153	58.290127	225.75935	-11.561751	0.006976391	287.82254	133.98946	741.24713	4.0387907	113.700775	408000
103	-0.030112594	1611.2502	109.99268	58.928284	229.1887	-11.561751	0.0069830045	289.5261	135.98274	741.24713	4.0387907	114.143875	412000
104	-0.030110423	1606.6833	110.85834	59.56045	231.13028	-11.561751	0.0069914414	291.3158	138.20338	855.93555	4.0387907	114.62798	416000
105	-0.030132841	1595.3049	111.701035	60.17894	233.75064	-11.561751	0.007004134	293.09875	140.29277	877.2231	4.0387907	115.08968	420000
106	-0.030168649	1581.6777	112.4754	60.728752	234.7619	-11.561751	0.007023249	294.81207	141.73769	877.2231	4.0387907	115.52914	424000
107	-0.030193757	1569.1598	113.25756	61.282444	236.12482	-11.561751	0.007025989	296.44452	143.17242	877.2231	4.0387907	115.94697	428000
108	-0.030265637	1559.8341	114.082054	61.86435	238.06541	-11.561751	0.007038777	298.2884	145.39612	878.4667	4.0387907	116.446655	432000
109	-0.030352619	1547.6736	114.88006	62.41489	239.63123	-11.561751	0.007052955	299.91614	147.03357	878.4667	4.0387907	116.87346	436000
110	-0.030381035	1540.045	115.57518	62.8319	239.9344	-11.561751	0.0070575466	301.2782	148.00807	878.4667	4.0387907	117.21912	440000
111	-0.030362034	1530.746	116.33071	63.315975	240.92828	-11.561751	0.007067357	302.92773	149.46475	878.4667	4.0387907	117.64377	444000
112	-0.030401556	1521.636	117.003136	63.69233	240.97011	-11.561751	0.0070758057	304.3795	150.4045	878.4667	4.0387907	118.01383	448000
113	-0.030416254	1514.0507	117.50751	63.87361	240.97011	-11.561751	0.0070679113	305.45834	150.72755	878.4667	4.0387907	118.280426	452000
114	-0.030469768	1504.3832	118.08609	64.1512	241.13275	-11.561751	0.0070787785	306.71588	151.36331	878.4667	4.0387907	118.59476	456000
115	-0.03051394	1495.925	118.7861	64.556595	242.00626	-11.561751	0.007090035	308.24075	152.61772	878.4667	4.0387907	119.00194	460000
116	-0.030533416	1484.5406	119.42547	64.92247	242.53993	-11.561751	0.007093518	309.69128	153.60927	878.4667	4.0387907	119.37976	464000
117	-0.030564463	1473.8403	120.08153	65.293526	243.46901	-11.561751	0.007104206	311.0918	154.66228	878.4667	4.0387907	119.74012	468000
118	-0.030540511	1472.055	120.79691	65.66459	243.76012	-11.561751	0.007089968	312.53934	155.96274	878.4667	4.0387907	120.146996	472000
119	-0.030562574	1460.6757	121.44094	66.02421	244.60188	-11.561751	0.007095537	313.99408	156.95876	878.4667	4.0387907	120.51889	476000
120	-0.030607825	1454.4283	122.11121	66.39612	245.05333	-11.561751	0.007105736	315.43015	158.09227	878.4667	4.0387907	120.89694	480000
121	-0.030584037	1443.6295	122.75663	66.75953	246.481	-11.561751	0.00710833	316.82034	159.17043	878.4667	4.0387907	121.2566	484000
122	-0.030582465	1432.8727	123.42594	67.14377	247.91191	-11.561751	0.0071164244	318.3122	160.4021	878.4667	4.0387907	121.64272	488000
123	-0.03053801	1426.3333	124.05355	67.46938	248.2694	-11.561751	0.007117197	319.633	161.31497	878.4667	4.0387907	121.979195	492000
124	-0.030640172	1420.6447	124.66688	67.785706	248.497	-11.561751	0.0071338764	321.0877	162.41068	878.4667	4.0387907	122.361465	496000
125	-0.03064891	1414.4929	125.32744	68.14516	250.10173	-11.561751	0.0071389168	322.64215	163.90857	917.8474	4.0387907	122.77358	500000
126	-0.03063849	1405.2821	125.93217	68.45517	252.03145	-11.561751	0.0071492954	323.93625	164.80951	921.6635	4.0387907	123.107544	504000
127	-0.030667193	1407.1184	126.57403	68.76313	252.03145	-11.561751	0.0071559194	325.38452	166.23401	971.99664	4.0387907	123.50812	508000
128	-0.030671498	1405.4553	127.254845	69.117584	252.40543	-11.561751	0.007154301	326.77917	167.78287	1138.4386	4.0387907	123.891525	512000
129	-0.03068528	1396.368	127.91291	69.48866	254.99698	-11.561751	0.0071587944	328.43164	169.61305	1138.4386	4.0387907	124.34225	516000
130	-0.03066621	1395.2017	128.51505	69.76997	254.99698	-11.561751	0.0071434225	329.81638	170.69609	1138.4386	4.0387907	124.71052	520000
131	-0.030661518	1385.7583	129.15868	70.12387	256.48846	-11.561751	0.007152135	331.30176	172.03581	1138.4386	4.0387907	125.10245	524000
132	-0.030647755	1376.6549	129.80127	70.480484	258.8879	-11.561751	0.007161668	332.95026	173.92694	1138.4386	4.0387907	125.55268	528000
133	-0.030636342	1367.8799	130.4892	70.88051	262.1223	-11.561751	0.0071684937	334.5834	175.96004	1175.5763	4.0387907	126.00102	532000
134	-0.030608006	1359.6024	131.12152	71.22627	263.96527	-11.561751	0.0071715815	336.12695	177.54222	1175.5763	4.0387907	126.41745	536000
135	-0.030653847	1356.181	131.81331	71.620834	265.00153	-11.561751	0.0071783555	337.84656	180.12407	1460.4543	4.0387907	126.91026	540000
136	-0.030612007	1347.7094	132.3703	71.88177	265.59225	-11.561751	0.007188889	339.1982	181.26756	1460.4543	4.0387907	127.27991	544000
137	-0.030594965	1338.268	132.99179	72.21191	266.58844	-11.561751	0.0071995016	340.63593	182.50696	1460.4543	4.0387907	127.671364	548000
138	-0.03070599	1340.75	133.62613	72.47428	266.58844	-11.561751	0.0072044684	342.14453	184.64513	1460.4543	4.0387907	128.14389	552000
139	-0.030734954	1341.8544	134.28094	72.743866	266.58844	-11.561751	0.0072119003	343.40918	186.03394	1460.4543	4.0387907	128.52475	556000
140	-0.030779572	1333.6222	134.9924	73.162056	269.33408	-11.561751	0.0072198682	344.98822	188.38577	1460.4543	4.0387907	128.98628	560000
141	-0.03083344	1325.562	135.63657	73.52491	270.87714	-11.561751	0.007228371	346.7383	190.73726	1460.4543	4.0387907	129.48746	564000
142	-0.030789694	1320.268	136.28586	73.824936	270.87714	-11.561751	0.007230244	348.31857	194.78165	2514.5771	4.0387907	129.99034	568000
143	-0.03084988	1316.3872	136.89163	74.103165	270.87714	-11.561751	0.007238255	349.86078	197.0127	2514.5771	4.0387907	130.45963	572000
144	-0.030836655	1312.5396	137.51926	74.39577	271.02673	-11.561751	0.0072425776	351.06198	198.53586	2514.5771	4.0387907	130.81064	576000
145	-0.030826727	1314.6362	138.07448	74.60719	271.46454	-11.561751	0.007249191	352.29163	200.40642	2514.5771	4.0387907	131.16266	580000
146	-0.03083767	1314.7688	138.6591	74.857414	272.07608	-11.561751	0.0072541554	353.53564	202.0135	2514.5771	4.0387907	131.52115	584000
147	-0.03088013	1308.024	139.19226	75.09278	272.95425	-11.561751	0.00726159	354.88605	203.30882	2514.5771	4.0387907	131.89427	588000
148	-0.03086161	1299.8328	139.78917	75.38384	274.30347	-11.561751	0.0072696283	356.30215	205.1791	2514.5771	4.0387907	132.30751	592000
149	-0.030850215	1292.0917	140.49258	75.76983	276.95032	-11.561751	0.0072780945	357.8626	208.1777	2514.5771	4.0387907	132.77605	596000
150	-0.030880293	1284.2859	141.11392	76.077225	278.8421	-11.561751	0.007286606	359.49536	211.22623	2514.5771	4.0387907	133.26566	600000
151	-0.030861078	1277.1727	141.76796	76.42879	281.7159	-11.561751	0.0072942935	360.91434	213.56013	2514.5771	4.0387907	133.67117	604000
152	-0.030832002	1274.7975	142.31203	76.58227	281.7159	-11.561751	0.007294319	362.61264	218.84958	2630.5083	4.0387907	134.29404	608000
153	-0.030853564	1267.8029	143.00671	76.93101	281.7159	-11.561751	0.007302239	364.17053	222.36028	2630.5083	4.0387907	134.77948	612000
154	-0.03082086	1260.3987	143.70293	77.31126	283.91718	-11.561751	0.0073101344	365.65686	225.28008	2630.5083	4.0387907	135.22849	616000
155	-0.030874504	1252.862	144.3551	77.66515	286.31146	-11.561751	0.0073193144	367.13382	227.19785	2630.5083	4.0387907	135.64769	620000
156	-0.030849958	1246.3173	145.03877	78.021645	288.40335	-11.561751	0.007318702	368.50592	229.46591	2630.5083	4.0387907	136.03963	624000
157	-0.030904306	1239.1843	145.72682	78.38621	290.3272	-11.561751	0.0073292363	369.99475	232.00507	2630.5083	4.0387907	136.47081	628000
158	-0.031013075	1236.9604	146.36989	78.664986	290.3272	-11.561751	0.007335321	371.58212	235.98094	2630.5083	4.0387907	137.00642	632000
159	-0.031088121	1233.4025	147.01848	78.94252	290.3272	-11.561751	0.0073450212	373.12595	240.02457	2630.5083	4.0387907	137.53871	636000
160	-0.03114166	1226.1279	147.70793	79.30437	290.54297	-11.561751	0.0073494017	374.57465	242.70839	2630.5083	4.0387907	137.97748	640000
161	-0.031166673	1219.0658	148.31425	79.59013	291.2068	-11.561751	0.0073558018	376.09668	244.50856	2630.5083	4.0387907	138.41684	644000
162	-0.031169467	1211.7579	148.93205	79.89594	292.00443	-11.561751	0.007364491	377.6556	246.40218	2630.5083	4.0387907	138.87114	648000
163	-0.03124623	1205.1105	149.50887	80.12594	292.00443	-11.561751	0.0073711975	378.8609	247.82146	2630.5083	4.0387907	139.21791	652000
164	-0.031236665	1198.3904	150.05138	80.36373	292.61517	-11.561751	0.0073787323	380.52206	249.66553	2630.5083	4.0387907	139.68593	656000
165	-0.031235337	1191.713	150.63701	80.61415	293.1123	-11.561751	0.0073860893	382.04034	251.8535	2630.5083	4.0387907	140.14299	660000
166	-0.031215478	1184.969	151.24036	80.90797	294.653	-11.561751	0.007389995	383.65295	253.96046	2630.5083	4.0387907	140.60991	664000
167	-0.031189742	1178.3016	151.7974	81.13007	294.653	-11.561751	0.0073906276	384.99335	255.2345	2630.5083	4.0387907	140.9895	668000
168	-0.031212525	1171.5791	152.3626	81.36615	294.653	-11.561751	0.0073959567	386.23978	256.6524	2630.5083	4.0387907	141.35413	672000
169	-0.031244809	1165.0428	152.91481	81.59726	295.0103	-11.561751	0.0074035027	387.71185	258.26468	2630.5083	4.0387907	141.78258	676000
170	-0.031223724	1162.0316	153.43085	81.76588	295.0103	-11.561751	0.007409327	389.17734	260.3377	2630.5083	4.0387907	142.25499	680000
171	-0.031263746	1155.6176	154.00648	82.02869	295.0103	-11.561751	0.007420052	390.95386	262.8581	2630.5083	4.0387907	142.77475	684000
172	-0.031524066	1149.0844	154.58183	82.27979	295.15128	-11.561751	0.007424682	392.5007	264.99985	2630.5083	4.0387907	143.22986	688000
173	-0.031565055	1144.4644	155.07703	82.426384	295.15128	-11.561751	0.0074283415	394.02762	267.77164	2630.5083	4.0387907	143.73969	692000
174	-0.031711675	1138.2848	155.6137	82.64458	295.38876	-11.561751	0.0074368813	395.62656	270.0072	2630.5083	4.0387907	144.20639	696000
175	-0.03167855	1138.2896	156.14627	82.81286	296.2063	-11.561751	0.007430951	396.6201	271.52744	2630.5083	4.0387907	144.49759	700000
176	-0.031725798	1134.3835	156.58618	82.91679	296.2063	-11.561751	0.007435846	398.1848	275.30246	2879.6335	4.0387907	145.04259	704000
177	-0.03175087	1128.3375	157.08995	83.108696	296.9935	-11.561751	0.0074366843	399.6865	276.8318	2879.6335	4.0387907	145.46985	708000
178	-0.03179666	1122.4957	157.66614	83.35901	299.01306	-11.561751	0.00744296	401.3093	279.4355	2879.6335	4.0387907	145.95076	712000
179	-0.0318015	1116.5819	158.17725	83.56681	300.55392	-11.561751	0.007446057	402.83548	280.98743	2879.6335	4.0387907	146.37299	716000
180	-0.031872056	1110.6589	158.7325	83.81056	301.95056	-11.561751	0.0074470495	404.29822	282.8618	2879.6335	4.0387907	146.78915	720000
181	-0.031852134	1105.185	159.24269	83.978004	302.4541	-11.561751	0.007449134	405.3525	284.3488	2879.6335	4.0387907	147.09111	724000
182	-0.031891003	1099.6326	159.80977	84.21065	304.17487	-11.561751	0.0074565657	407.04514	287.5527	2879.6335	4.0387907	147.59515	728000
183	-0.0318824	1098.008	160.19751	84.2528	304.17487	-11.561751	0.0074589807	408.54678	290.55264	2879.6335	4.0387907	148.17876	732000
184	-0.03188874	1098.53	160.67833	84.40804	304.17487	-11.561751	0.007460525	409.7226	291.66476	2879.6335	4.0387907	148.51465	736000
185	-0.03197843	1093.0782	161.1992	84.59893	304.17487	-11.561751	0.007464211	411.07184	293.3984	2879.6335	4.0387907	148.90482	740000
186	-0.032002393	1087.6793	161.70607	84.78912	304.9887	-11.561751	0.0074651362	412.7314	295.843	2879.6335	4.0387907	149.38176	744000
187	-0.032048073	1082.2219	162.26292	85.02995	307.54538	-11.561751	0.0074701244	414.44238	299.01895	2879.6335	4.0387907	149.87627	748000
188	-0.032043666	1079.3221	162.73587	85.19499	307.54538	-11.561751	0.0074695474	415.7813	300.22934	2879.6335	4.0387907	150.24486	752000
189	-0.03206825	1074.0535	163.23979	85.3841	307.54538	-11.561751	0.007473455	417.18494	302.28345	2879.6335	4.0387907	150.65982	756000
190	-0.03223442	1068.7358	163.74731	85.56541	307.54538	-11.561751	0.007477244	418.6248	304.42746	2879.6335	4.0387907	151.08311	760000
191	-0.032228913	1068.3447	164.19424	85.68052	307.54538	-11.561751	0.007480322	420.0297	307.5774	2879.6335	4.0387907	151.52223	764000
192	-0.03225839	1063.2198	164.65569	85.83005	307.54538	-11.561751	0.0074842735	421.50894	309.06342	2879.6335	4.0387907	151.94055	768000
193	-0.0323031	1057.9893	165.17538	86.01142	308.45084	-11.561751	0.0074894642	423.00586	312.4739	2879.6335	4.0387907	152.40141	772000
194	-0.03229461	1053.9467	165.6718	86.15276	308.45084	-11.561751	0.007494974	424.59183	316.24393	2919.058	4.0387907	152.89978	776000
195	-0.032274593	1053.3699	166.12305	86.22874	308.45084	-11.561751	0.007499169	426.10934	319.66425	2919.058	4.0387907	153.43292	780000
196	-0.03227739	1048.4437	166.56102	86.34267	308.45084	-11.561751	0.0075040897	427.47678	320.87875	2919.058	4.0387907	153.8315	784000
197	-0.032286383	1044.7776	167.01556	86.477036	308.45084	-16.712849	0.007509417	428.83582	322.57828	2919.058	4.0387907	154.23003	788000
198	-0.03237788	1039.8389	167.49036	86.62958	308.85843	-16.712849	0.0075113955	430.3981	324.6736	2919.058	4.0387907	154.69678	792000
199	-0.03238922	1034.9624	167.91985	86.74498	308.85843	-16.712849	0.007517269	431.64252	325.70166	2919.058	4.0387907	155.05965	796000
200	-0.03243004	1030.0205	168.36366	86.87639	308.85843	-16.712849	0.00751697	433.145	327.26373	2919.058	4.0387907	155.50558	800000
201	-0.03261665	1025.0862	168.8319	87.026924	309.04395	-16.712849	0.007521116	434.66748	329.0819	2919.058	4.0387907	155.95892	804000
202	-0.03274388	1020.294	169.20752	87.10805	309.04395	-16.712849	0.007523682	435.8902	329.73288	2919.058	4.0387907	156.30775	808000
203	-0.03275465	1015.4666	169.60963	87.2123	309.04395	-16.712849	0.0075278664	437.10107	330.48938	2919.058	4.0387907	156.6481	812000
204	-0.03278402	1010.67737	170.0017	87.29782	309.04395	-16.712849	0.0075330664	438.6062	331.8922	2919.058	4.0387907	157.097	816000
205	-0.032816738	1009.2022	170.44153	87.39801	309.04395	-16.712849	0.007538977	439.7047	333.3571	2919.058	4.0387907	157.42773	820000
206	-0.032825626	1007.1594	170.75772	87.39275	309.04395	-16.712849	0.0075411	440.9765	335.00385	2919.058	4.0387907	157.86438	824000
207	-0.032847762	1002.5347	171.19301	87.515625	309.04395	-16.712849	0.0075444616	442.53702	337.10086	2919.058	4.0387907	158.33168	828000
208	-0.032877326	997.9216	171.60942	87.62751	309.04395	-16.712849	0.0075506247	443.93268	338.57574	2919.058	4.0387907	158.7375	832000
209	-0.03288838	993.4276	172.0253	87.741425	309.04395	-16.712849	0.007550786	445.50107	340.3665	2919.058	4.0387907	159.20113	836000
210	-0.032876372	988.8779	172.437	87.84948	309.04395	-16.712849	0.0075536277	446.96945	342.5816	2919.058	4.0387907	159.63582	840000
211	-0.032907058	984.62714	172.80917	87.9166	309.04395	-16.712849	0.0075572697	448.30197	344.2424	2919.058	4.0387907	160.039	844000
212	-0.032899227	980.3464	173.21043	88.02567	310.52264	-16.712849	0.007562543	449.76465	345.80212	2919.058	4.0387907	160.4631	848000
213	-0.032903276	983.65356	173.52597	88.05088	310.52264	-16.712849	0.007565305	450.5726	346.24387	2919.058	4.0387907	160.67996	852000
214	-0.0329485	981.8652	173.85469	88.097145	312.78152	-16.712849	0.007572359	451.595	346.71127	2919.058	4.0387907	160.95998	856000
215	-0.032986127	977.64777	174.22664	88.18245	312.78152	-16.712849	0.0075767785	452.62787	347.16962	2919.058	4.0387907	161.24045	860000
216	-0.032962672	973.37354	174.59892	88.27915	313.52942	-16.712849	0.0075775217	454.07565	348.31372	2919.058	4.0387907	161.6353	864000
217	-0.03296174	969.26373	174.88014	88.300186	313.52942	-16.712849	0.0075724367	455.10165	348.5608	2919.058	4.0387907	161.90512	868000
218	-0.032960862	965.1084	175.1538	88.317505	313.52942	-16.712849	0.007576391	456.15012	348.72687	2919.058	4.0387907	162.18419	872000
219	-0.033074874	960.9809	175.46034	88.37324	313.52942	-16.712849	0.0075805197	457.47226	349.3963	2919.058	4.0387907	162.54204	876000
220	-0.033120118	956.8646	175.77087	88.41977	313.52942	-16.712849	0.0075807055	458.5458	349.68222	2919.058	4.0387907	162.82411	880000
221	-0.033088908	952.8375	176.11697	88.50042	313.52942	-16.712849	0.007581875	459.8488	350.43738	2919.058	4.0387907	163.18155	884000
222	-0.033132248	948.8659	176.46252	88.559044	313.52942	-16.712849	0.007584764	460.81796	350.93604	2919.058	4.0387907	163.44258	888000
223	-0.033154834	944.984	176.86702	88.65738	313.52942	-16.712849	0.0075874324	461.9955	352.5181	2919.058	4.0387907	163.78383	892000
224	-0.03314036	943.7876	177.21393	88.72589	313.52942	-16.712849	0.0075898124	463.4613	353.7034	2919.058	4.0387907	164.19072	896000
225	-0.033129748	940.19305	177.64572	88.86151	313.52942	-16.712849	0.0075926227	464.90976	356.2651	2919.058	4.0387907	164.6054	900000
226	-0.0331466	936.4009	178.01143	88.93137	313.52942	-16.712849	0.007592612	466.30417	358.36072	2919.058	4.0387907	165.02924	904000
227	-0.03318963	932.9244	178.38318	88.986275	313.52942	-16.712849	0.0075946148	467.46634	360.57782	2959.8022	4.0387907	165.38393	908000
228	-0.033255477	929.05054	178.7481	89.05866	313.52942	-16.712849	0.0075977957	468.68576	361.8154	2959.8022	4.0387907	165.73558	912000
229	-0.033313382	925.2719	179.1288	89.14883	313.52942	-16.712849	0.007598798	469.91507	362.88712	2959.8022	4.0387907	166.08875	916000
230	-0.033336956	921.4848	179.48035	89.21025	313.52942	-16.712849	0.007603071	471.05292	363.75888	2959.8022	4.0387907	166.40346	920000
231	-0.033318028	917.8454	179.85577	89.286354	313.52942	-16.712849	0.007602113	472.27017	365.20715	2959.8022	4.0387907	166.75473	924000
232	-0.033385713	914.11615	180.20369	89.343605	313.52942	-16.712849	0.007603003	473.47595	366.40378	2959.8022	4.0387907	167.09778	928000
233	-0.0334088	912.72015	180.51497	89.38825	313.52942	-16.712849	0.0076081147	474.59766	367.22034	2959.8022	4.0387907	167.40602	932000
234	-0.033402473	908.99243	180.82367	89.43208	313.52942	-16.712849	0.0076123746	475.9397	368.57617	2959.8022	4.0387907	167.79095	936000
235	-0.03345476	905.3735	181.1506	89.494896	314.10104	-16.712849	0.007618062	477.1299	369.2417	2959.8022	4.0387907	168.1184	940000
236	-0.03344771	901.95105	181.46048	89.51604	314.10104	-16.712849	0.00761642	477.97116	369.5689	2959.8022	4.0387907	168.35316	944000
237	-0.033434868	898.3191	181.78696	89.58179	314.10104	-16.712849	0.007619613	479.07135	370.2276	2959.8022	4.0387907	168.6611	948000
238	-0.03343719	894.93567	182.06427	89.58747	314.10104	-16.712849	0.007619628	480.16925	371.51932	2959.8022	4.0387907	169.00569	952000
239	-0.033422843	893.1793	182.37437	89.62542	314.10104	-16.712849	0.0076198527	481.32153	372.29382	2959.8022	4.0387907	169.32928	956000
240	-0.033392143	889.8432	182.66498	89.661415	314.10104	-16.712849	0.0076201395	482.45242	373.069	2959.8022	4.0387907	169.64752	960000
241	-0.0334117	886.33746	182.96364	89.70337	314.51376	-16.712849	0.0076214476	483.5529	373.60126	2959.8022	4.0387907	169.95035	964000
242	-0.033426326	882.9751	183.26039	89.74464	314.9017	-16.712849	0.007623759	484.7806	374.40155	2959.8022	4.0387907	170.29749	968000
243	-0.033472814	879.5743	183.51524	89.762505	314.9017	-16.712849	0.007628222	485.8115	374.7632	2959.8022	4.0387907	170.57677	972000
244	-0.03346574	876.16254	183.82239	89.80986	315.14474	-16.712849	0.0076245624	486.85648	375.59323	2959.8022	4.0387907	170.87643	976000
245	-0.03346731	872.85645	184.11226	89.85465	317.76138	-16.712849	0.007625625	487.87967	376.2227	2959.8022	4.0387907	171.16156	980000
246	-0.03352179	869.5719	184.3901	89.875626	317.76138	-16.712849	0.007630023	488.98822	377.3615	2959.8022	4.0387907	171.48761	984000
247	-0.033607367	866.1909	184.69098	89.919624	317.76138	-16.712849	0.0076341615	490.05307	378.1471	2959.8022	4.0387907	171.79274	988000
248	-0.033596408	862.82446	184.94267	89.93203	317.76138	-16.712849	0.0076370356	491.0861	378.5171	2959.8022	4.0387907	172.07643	992000
249	-0.033675924	859.5517	185.23402	89.953186	317.76138	-16.712849	0.0076385103	492.18015	379.50192	2959.8022	4.0387907	172.39288	996000
250	-0.033697613	856.36	185.49022	89.96339	317.76138	-16.712849	0.007640833	493.13318	379.83868	2959.8022	4.0387907	172.6537	1000000
