epoch	pi-loss	q-loss	average-q-values	std-q-values	max-q-values	min-q-values	average-episode-return	std-episode-return	max-episode-return	min-episode-return	episode-length	average-test-episode-return	std-test-episode-return	max-test-episode-return	min-test-episode-return	test-episode-length	total-env-interacts
1	-15.713238	1.3949318	12.877645	10.405272	48.479134	-14.537101	3.105483	5.9677796	26.479988	-9.3329315	21.390375	727.15735	325.36823	1014.04364	320.34262	682.9	4000
2	-53.98922	17.644115	47.764217	42.161037	217.48105	-288.28702	8.195618	33.25072	316.5569	-20.326607	26.143791	357.82513	435.13123	1014.04364	-13.913448	362.8	8000
3	-97.20844	47.235096	89.324554	69.56691	331.87125	-288.28702	9.492149	42.903988	321.86954	-54.55965	32.967033	299.56158	366.1337	1014.04364	-13.913448	283.3	12000
4	-134.35413	72.981285	125.62653	89.317665	461.88385	-373.83942	14.377097	57.994465	645.6947	-90.06772	40.712467	236.0647	336.50058	1014.04364	-13.913448	235.1	16000
5	-169.37827	113.20703	159.9144	108.4201	579.59607	-434.3986	19.871307	61.53809	645.6947	-90.06772	45.558086	198.31131	310.77838	1014.04364	-13.913448	197.6	20000
6	-203.14803	156.77414	193.04404	126.95848	639.63715	-669.258	18.306555	62.38384	645.6947	-134.6126	50.314465	169.20412	293.991	1014.04364	-108.95843	188.93333	24000
7	-233.6875	199.56255	223.06274	142.44176	709.8823	-669.258	18.251219	61.8787	645.6947	-134.6126	54.6875	153.12025	276.4591	1014.04364	-108.95843	176.81429	28000
8	-261.2705	241.04666	250.23409	155.64267	795.9736	-669.258	18.614162	63.3213	645.6947	-134.6126	58.60806	137.02945	263.7614	1014.04364	-108.95843	180.55	32000
9	-287.27487	287.84854	275.81503	168.21648	901.3923	-669.258	22.10782	67.24632	645.6947	-134.6126	62.39168	123.14657	251.88574	1014.04364	-108.95843	164.72223	36000
10	-313.0654	339.41397	301.19772	181.58197	998.3854	-669.258	23.83238	68.44763	645.6947	-134.6126	65.14658	123.39649	239.13354	1014.04364	-108.95843	155.91	40000
11	-338.6568	396.89957	326.393	195.22075	1059.8699	-669.258	27.008839	72.13095	645.6947	-186.54878	67.38132	119.194664	230.63753	1014.04364	-108.95843	156.37273	44000
12	-362.9178	451.5522	350.32336	207.58615	1133.8748	-669.258	27.170073	72.67345	645.6947	-186.54878	70.27818	111.474815	225.55296	1014.04364	-185.78932	159.53334	48000
13	-385.6679	504.1854	372.8096	218.41168	1133.8748	-1221.8236	30.427341	76.86933	645.6947	-186.54878	73.758865	106.47113	218.81009	1014.04364	-185.78932	158.36923	52000
14	-406.9124	551.4039	393.83374	227.59123	1133.8748	-1221.8236	34.76022	79.62578	645.6947	-186.54878	76.190475	98.480064	212.82211	1014.04364	-185.78932	149.1	56000
15	-426.3543	599.9186	413.10233	234.95251	1133.8748	-1221.8236	35.052063	78.92238	645.6947	-186.54878	77.31959	97.30623	206.84612	1014.04364	-185.78932	148.63333	60000
16	-443.55038	639.9103	430.19104	240.16104	1133.8748	-1221.8236	36.56007	80.31181	645.6947	-186.54878	79.503105	94.83117	202.32182	1014.04364	-185.78932	150.78125	64000
17	-458.6265	674.896	445.18655	243.62991	1133.8748	-1221.8236	39.659515	82.63015	645.6947	-186.54878	80.47337	94.129524	196.79858	1014.04364	-185.78932	147.45882	68000
18	-471.89844	706.8803	458.40073	245.82793	1133.8748	-1221.8236	41.060795	82.97098	645.6947	-186.54878	82.004555	94.41339	192.29903	1014.04364	-185.78932	146.91112	72000
19	-483.64685	732.0445	470.11185	247.02173	1133.8748	-1221.8236	41.822163	83.29922	645.6947	-186.54878	84.35072	97.86186	188.90132	1014.04364	-185.78932	147.16316	76000
20	-493.84714	753.1116	480.30225	247.36787	1133.8748	-1221.8236	43.227215	83.5122	645.6947	-186.54878	85.65311	102.30674	188.4625	1014.04364	-185.78932	147.43	80000
21	-502.47272	771.83746	488.94235	246.79271	1133.8748	-1221.8236	44.762726	85.69849	645.6947	-226.58116	86.77686	100.8579	184.25438	1014.04364	-185.78932	145.44286	84000
22	-509.82434	787.2831	496.32516	245.67014	1133.8748	-1221.8236	47.70751	88.568535	645.6947	-226.58116	88.35342	100.69159	180.62756	1014.04364	-185.78932	146.72728	88000
23	-516.2539	798.31836	502.78674	244.20891	1133.8748	-1221.8236	48.99037	89.25927	645.6947	-226.58116	90.28459	101.98694	177.61794	1014.04364	-185.78932	145.10435	92000
24	-521.8847	806.49664	508.46115	242.56616	1133.8748	-1221.8236	51.086372	91.29831	645.6947	-226.58116	91.778206	103.862564	175.04251	1014.04364	-185.78932	144.4625	96000
25	-526.73956	812.76166	513.36615	240.78401	1133.8748	-1221.8236	54.11255	92.99068	645.6947	-226.58116	92.936806	104.609085	172.79008	1014.04364	-185.78932	144.812	100000
26	-530.85315	816.18176	517.5442	238.86053	1133.8748	-1221.8236	56.649784	95.35048	645.6947	-226.58116	93.862816	104.342995	169.5189	1014.04364	-185.78932	142.25	104000
27	-534.293	820.4154	521.052	236.82385	1133.8748	-1221.8236	56.5881	95.200264	645.6947	-226.58116	93.83145	104.368095	168.25813	1014.04364	-185.78932	143.34074	108000
28	-537.0329	822.70575	523.87524	234.64378	1133.8748	-1221.8236	56.969437	95.96568	645.6947	-226.58116	95.644745	101.405464	169.35652	1014.04364	-204.45056	146.92857	112000
29	-539.0	821.9102	525.9354	232.31789	1133.8748	-1221.8236	58.100002	96.47432	645.6947	-226.58116	97.233864	101.17666	166.69757	1014.04364	-204.45056	147.24138	116000
30	-540.1671	819.3065	527.2087	229.90565	1133.8748	-1221.8236	59.141327	96.65304	645.6947	-226.58116	98.19967	100.179886	164.25897	1014.04364	-204.45056	146.92334	120000
31	-540.6846	814.9919	527.8394	227.4452	1133.8748	-1221.8236	61.25921	98.51594	645.6947	-234.83398	99.35897	100.32022	165.38522	1014.04364	-220.97693	149.25484	124000
32	-540.6533	810.2371	527.9229	225.04254	1133.8748	-1221.8236	61.69799	98.26362	645.6947	-234.83398	99.921936	101.52777	164.57185	1014.04364	-220.97693	148.875	128000
33	-540.0423	804.4053	527.43475	222.68242	1133.8748	-1221.8236	62.806103	98.96355	645.6947	-234.83398	101.30468	100.081024	163.06058	1014.04364	-220.97693	147.67575	132000
34	-538.8563	797.45496	526.37836	220.42505	1133.8748	-1221.8236	63.896065	99.88572	645.6947	-234.83398	101.79641	103.590576	166.2331	1014.04364	-220.97693	148.07353	136000
35	-537.12134	789.44354	524.7768	218.32684	1133.8748	-1221.8236	64.27329	99.09596	645.6947	-234.83398	102.11524	102.63218	164.30988	1014.04364	-220.97693	148.26572	140000
36	-534.86005	780.84485	522.6565	216.42361	1133.8748	-1221.8236	65.1817	99.89531	645.6947	-234.83398	102.78373	104.75375	163.30031	1014.04364	-220.97693	147.68333	144000
37	-532.14966	771.6485	520.0896	214.73123	1133.8748	-1221.8236	66.42022	100.367744	645.6947	-234.83398	103.71409	107.96223	163.3617	1014.04364	-220.97693	148.04594	148000
38	-529.11304	762.3606	517.1949	213.2568	1133.8748	-1221.8236	68.11879	101.23089	645.6947	-234.83398	104.5392	108.80247	161.83698	1014.04364	-220.97693	147.49738	152000
39	-525.80237	752.1744	514.0241	211.99445	1133.8748	-1221.8236	69.75856	101.38637	645.6947	-234.83398	105.19218	110.11708	161.51796	1014.04364	-220.97693	148.27179	156000
40	-522.2883	741.92633	510.65274	210.9146	1133.8748	-1221.8236	71.023094	101.61014	645.6947	-234.83398	105.82011	111.11688	161.13605	1014.04364	-220.97693	149.6175	160000
41	-518.6822	732.11646	507.18332	209.98683	1133.8748	-1221.8236	72.1163	101.87296	645.6947	-234.83398	106.49351	112.37987	159.77943	1014.04364	-220.97693	150.20244	164000
42	-515.03394	722.35614	503.66772	209.1627	1133.8748	-1221.8236	72.703384	102.270905	645.6947	-234.83398	107.76138	111.94153	158.06992	1014.04364	-220.97693	151.30714	168000
43	-511.36832	712.43164	500.1311	208.41292	1133.8748	-1221.8236	73.447845	103.04231	645.6947	-281.2587	108.7919	114.77286	158.012	1014.04364	-220.97693	152.99768	172000
44	-507.6233	702.5628	496.51715	207.79474	1133.8748	-1221.8236	75.67729	105.64749	645.6947	-281.2587	109.93129	117.99567	158.17255	1014.04364	-220.97693	153.21136	176000
45	-503.81967	692.9034	492.83984	207.29225	1133.8748	-1221.8236	76.537994	106.15034	645.6947	-281.2587	110.09174	118.92066	156.91292	1014.04364	-220.97693	153.74889	180000
46	-500.0826	683.4749	489.22498	206.82088	1133.8748	-1221.8236	77.90641	106.99743	645.6947	-281.2587	110.843376	118.14042	155.95918	1014.04364	-220.97693	154.33478	184000
47	-496.2872	674.0563	485.55484	206.45357	1133.8748	-1221.8236	79.7645	109.05013	645.6947	-281.2587	111.5727	117.842735	155.1246	1014.04364	-220.97693	154.88936	188000
48	-492.44345	664.98883	481.83325	206.18976	1133.8748	-1221.8236	81.28888	109.906715	645.6947	-281.2587	112.149536	122.30156	163.36072	1237.7941	-220.97693	155.24374	192000
49	-488.61847	655.7066	478.12637	205.96715	1133.8748	-1221.8236	83.13982	111.53823	645.6947	-281.2587	112.51435	122.57887	161.87567	1237.7941	-220.97693	154.0551	196000
50	-484.78928	646.67267	474.41614	205.80577	1133.8748	-1221.8236	84.79454	112.746185	645.6947	-281.2587	112.80316	120.813324	160.88782	1237.7941	-220.97693	154.458	200000
51	-480.9646	637.79047	470.70682	205.70448	1133.8748	-1221.8236	85.21411	112.38939	645.6947	-281.2587	113.39633	124.36504	163.71855	1237.7941	-220.97693	155.35294	204000
52	-477.1791	629.0203	467.0355	205.62338	1133.8748	-1221.8236	87.090706	115.34517	765.1287	-281.2587	114.47441	126.73487	163.59056	1237.7941	-220.97693	155.30385	208000
53	-473.41956	620.4446	463.38782	205.57748	1133.8748	-1221.8236	88.87066	116.25767	765.1287	-281.2587	114.8429	127.97024	162.64386	1237.7941	-220.97693	154.5849	212000
54	-469.7013	612.0595	459.7788	205.55736	1133.8748	-1221.8236	90.333244	116.859886	765.1287	-281.2587	115.44629	128.66473	162.6164	1237.7941	-220.97693	154.36111	216000
55	-466.012	603.7999	456.19843	205.56345	1133.8748	-1221.8236	91.83411	118.61819	765.1287	-281.2587	116.27907	127.27497	161.61949	1237.7941	-220.97693	154.45454	220000
56	-462.34018	595.6732	452.63416	205.61227	1133.8748	-1221.8236	92.46412	118.56947	765.1287	-281.2587	116.97128	127.218864	162.40709	1237.7941	-220.97693	155.02321	224000
57	-458.6898	587.69556	449.0905	205.6921	1133.8748	-1221.8236	92.662094	118.80828	765.1287	-281.2587	117.76859	128.37247	162.15135	1237.7941	-220.97693	156.81755	228000
58	-455.04333	579.81006	445.54895	205.81793	1133.8748	-1221.8236	94.2269	122.137405	999.0314	-281.2587	118.7916	130.61555	164.36789	1237.7941	-220.97693	157.78276	232000
59	-451.43112	572.1466	442.0398	205.95651	1133.8748	-1221.8236	95.76136	123.387924	999.0314	-281.2587	119.6148	131.90215	164.27019	1237.7941	-220.97693	157.94916	236000
60	-447.84818	564.5859	438.55856	206.11018	1133.8748	-1221.8236	96.50192	124.72837	999.0314	-281.2587	120.06003	133.27278	164.21051	1237.7941	-220.97693	157.81667	240000
61	-444.28918	557.2061	435.09995	206.28949	1133.8748	-1221.8236	97.511734	125.21306	999.0314	-281.2587	120.792076	135.76558	167.01437	1237.7941	-220.97693	159.3541	244000
62	-440.76376	549.9712	431.67288	206.48305	1133.8748	-1221.8236	99.01212	126.82024	999.0314	-281.2587	121.50906	136.87483	167.59706	1237.7941	-220.97693	161.15807	248000
63	-437.28265	542.8942	428.28775	206.67964	1133.8748	-1221.8236	100.781715	127.97169	999.0314	-281.2587	121.73913	137.91988	167.03667	1237.7941	-220.97693	161.85397	252000
64	-433.8446	536.0356	424.94397	206.87717	1133.8748	-1221.8236	101.60238	128.36415	999.0314	-281.2587	122.137405	138.31955	166.56151	1237.7941	-220.97693	163.28593	256000
65	-430.44254	529.32446	421.6343	207.08249	1133.8748	-1221.8236	103.36708	129.76576	999.0314	-281.2587	122.93144	139.90317	167.34386	1237.7941	-220.97693	164.16461	260000
66	-427.06512	522.705	418.35034	207.30095	1133.8748	-1221.8236	105.054436	130.84883	999.0314	-281.2587	123.53767	141.68626	168.92534	1237.7941	-220.97693	165.19698	264000
67	-423.72327	516.2548	415.09827	207.52701	1133.8748	-1221.8236	106.31818	131.52707	999.0314	-281.2587	123.844734	144.71753	170.22795	1237.7941	-220.97693	164.91194	268000
68	-420.44916	509.94028	411.9122	207.7247	1133.8748	-1221.8236	108.32463	133.47548	999.0314	-281.2587	124.25765	145.21019	169.34665	1237.7941	-220.97693	164.65147	272000
69	-417.25443	503.79495	408.80212	207.88626	1133.8748	-1221.8236	110.24524	135.8596	999.0314	-281.2587	124.773964	144.91943	168.14336	1237.7941	-220.97693	163.44928	276000
70	-414.13522	497.83188	405.76532	208.01398	1133.8748	-1221.8236	111.92724	136.99005	999.0314	-281.2587	125.05583	147.318	170.59972	1237.7941	-220.97693	163.93571	280000
71	-411.0972	492.04877	402.80777	208.10127	1133.8748	-1221.8236	113.12876	138.10132	999.0314	-281.2587	125.49713	146.81978	171.171	1237.7941	-220.97693	164.92113	284000
72	-408.13742	486.3981	399.92642	208.15158	1133.8748	-1221.8236	114.18062	138.85289	999.0314	-281.2587	126.1498	149.32327	174.88539	1237.7941	-220.97693	165.5236	288000
73	-405.26004	480.8994	397.12503	208.15782	1133.8748	-1221.8236	115.84869	141.30754	999.0314	-281.2587	126.791145	149.35431	175.45377	1237.7941	-220.97693	164.85068	292000
74	-402.45657	475.57736	394.39642	208.13036	1133.8748	-1221.8236	117.7146	143.682	1048.8917	-281.2587	127.31183	150.77904	174.84055	1237.7941	-220.97693	164.69324	296000
75	-399.73502	470.36746	391.7468	208.06422	1133.8748	-1221.8236	119.45063	145.31952	1048.8917	-281.2587	127.60528	151.9003	174.119	1237.7941	-220.97693	163.732	300000
76	-397.09576	465.33997	389.1778	207.95755	1133.8748	-1221.8236	120.85493	145.98172	1048.8917	-281.2587	127.62385	153.42493	177.07022	1237.7941	-220.97693	163.42763	304000
77	-394.5343	460.43347	386.68484	207.81516	1133.8748	-1221.8236	122.35438	147.55635	1048.8917	-281.2587	128.0133	153.20651	176.48471	1237.7941	-220.97693	162.52078	308000
78	-392.0595	455.7158	384.27582	207.63246	1133.8748	-1221.8236	123.47063	149.01273	1048.8917	-281.2587	128.34224	155.81332	178.71153	1237.7941	-220.97693	164.10898	312000
79	-389.66824	451.1154	381.9482	207.41118	1133.8748	-1221.8236	125.38677	151.74254	1048.8917	-281.2587	129.13773	155.52844	177.62434	1237.7941	-220.97693	163.63544	316000
80	-387.36502	446.61053	379.70627	207.14885	1133.8748	-1221.8236	126.75598	153.18422	1048.8917	-281.2587	129.7122	155.0419	176.77373	1237.7941	-220.97693	163.38126	320000
81	-385.14175	442.25842	377.544	206.84769	1133.8748	-1221.8236	129.11264	157.59286	1428.2843	-281.2587	130.43478	159.29237	182.21887	1237.7941	-220.97693	164.08148	324000
82	-382.9847	438.02658	375.446	206.52335	1133.8748	-1221.8236	131.10294	160.47397	1428.2843	-281.2587	130.99042	165.54478	199.98921	1960.2655	-220.97693	165.82439	328000
83	-380.89938	433.90955	373.41763	206.1709	1133.8748	-1221.8236	133.27951	165.11464	1428.2843	-281.2587	131.85068	170.298	208.89577	1960.2655	-220.97693	168.08675	332000
84	-378.9087	429.93985	371.48154	205.77324	1133.8748	-1221.8236	135.33665	169.24237	1428.2843	-281.2587	132.49211	176.65123	220.85802	1960.2655	-220.97693	170.2119	336000
85	-376.97992	426.0627	369.60718	205.35304	1133.8748	-1221.8236	137.80534	177.2084	2083.0972	-281.2587	133.28107	179.91934	224.53024	1960.2655	-220.97693	171.20117	340000
86	-375.11258	422.28674	367.79306	204.91324	1133.8748	-1221.8236	140.20566	184.95488	2448.7253	-281.2587	134.00858	181.16315	224.54257	1960.2655	-220.97693	171.01512	344000
87	-373.30798	418.59482	366.04028	204.45302	1133.8748	-1221.8236	142.10463	187.65358	2448.7253	-281.2587	134.51875	188.72292	245.73993	2229.3638	-220.97693	172.96321	348000
88	-371.57254	415.02463	364.3553	203.96901	1133.8748	-1221.8236	145.32759	195.49083	2448.7253	-281.2587	135.28055	190.26624	252.0461	2229.3638	-220.97693	172.95	352000
89	-369.9206	411.61337	362.75055	203.45515	1133.8748	-1221.8236	147.41278	203.14597	2448.7253	-281.2587	135.82602	194.37636	256.35764	2229.3638	-220.97693	176.27304	356000
90	-368.35077	408.30936	361.22662	202.90921	1133.8748	-1221.8236	149.28618	210.07022	2448.7253	-281.2587	136.72617	201.34737	275.39575	2245.7493	-220.97693	178.80333	360000
91	-366.85568	405.0897	359.77716	202.33774	1133.8748	-1221.8236	150.9471	212.39778	2448.7253	-281.2587	137.2549	207.26466	292.25864	2716.6316	-220.97693	180.52527	364000
92	-365.4289	401.98276	358.39386	201.74495	1133.8748	-1221.8236	153.72368	219.798	2448.7253	-281.2587	138.13814	209.19212	295.0401	2716.6316	-220.97693	181.01305	368000
93	-364.07745	398.96967	357.0849	201.1304	1133.8748	-1221.8236	157.21407	231.05148	2448.7253	-281.2587	139.22156	220.3869	324.26163	2716.6316	-220.97693	184.59247	372000
94	-362.80618	396.08292	355.85333	200.49524	1133.8748	-1221.8236	160.10896	239.26646	2448.7253	-281.2587	140.08942	226.08823	341.98227	3167.5698	-220.97693	185.79681	376000
95	-361.64352	393.4198	354.72757	199.8285	1133.8748	-1221.8236	162.92664	246.39276	2448.7253	-281.2587	140.94955	230.3915	349.43213	3167.5698	-220.97693	187.08632	380000
96	-360.58057	390.85144	353.70102	199.13602	1133.8748	-1221.8236	165.19041	253.41261	2654.6375	-281.2587	141.69742	237.17702	367.12912	3167.5698	-220.97693	188.69063	384000
97	-359.60843	388.44376	352.7628	198.42656	1133.8748	-1221.8236	169.32417	272.26547	3196.0908	-281.2587	142.85715	249.30486	403.59628	3167.5698	-220.97693	192.12886	388000
98	-358.7397	386.17368	351.92548	197.69598	1133.8748	-1221.8236	172.70517	285.93613	3196.0908	-281.2587	143.90602	262.3434	433.58948	3167.5698	-220.97693	194.94388	392000
99	-357.9948	384.03714	351.20932	196.94264	1133.8748	-1221.8236	176.51114	303.64932	3583.4033	-281.2587	144.84273	281.11554	478.59433	3364.4524	-220.97693	199.74445	396000
100	-357.36438	382.05374	350.60623	196.17561	1133.8748	-1221.8236	180.14565	315.05038	3583.4033	-281.2587	145.87892	292.42883	491.88168	3364.4524	-220.97693	202.642	400000
101	-356.8403	380.1792	350.10822	195.3991	1133.8748	-1221.8236	183.14308	323.86594	3583.4033	-281.2587	146.58926	306.52545	516.43646	3457.6123	-220.97693	206.18614	404000
102	-356.41998	378.43387	349.7118	194.62103	1133.8748	-1221.8236	186.69493	335.18723	3583.4033	-281.2587	147.55878	316.79248	527.63086	3457.6123	-220.97693	208.23921	408000
103	-356.08896	376.78375	349.40396	193.84482	1133.8748	-1221.8236	191.08124	350.0889	3631.1445	-281.2587	148.62915	337.68338	581.65247	3892.6328	-220.97693	212.8835	412000
104	-355.848	375.22473	349.18436	193.07703	1133.8748	-1221.8236	195.40636	366.44968	3931.2544	-281.2587	149.58649	335.25708	579.37683	3892.6328	-220.97693	211.38846	416000
105	-355.71008	373.85858	349.06628	192.32025	1133.8748	-1221.8236	199.65292	374.266	3931.2544	-281.2587	150.32211	357.78345	625.7769	4293.1943	-220.97693	215.09238	420000
106	-355.67075	372.6497	349.04495	191.57748	1133.8748	-1221.8236	204.57709	388.3171	4104.339	-281.2587	151.32048	370.60904	638.18414	4293.1943	-220.97693	217.38208	424000
107	-355.73923	371.54416	349.12973	190.85304	1133.8748	-1221.8236	208.5305	394.19592	4104.339	-281.2587	151.93468	374.7974	638.04724	4293.1943	-220.97693	217.79346	428000
108	-355.87122	370.5084	349.27795	190.14955	1133.8748	-1221.8236	212.52847	399.30637	4104.339	-281.2587	152.65018	381.63358	643.6926	4293.1943	-220.97693	218.52963	432000
109	-356.06296	369.61456	349.4845	189.4647	1133.8748	-1221.8236	216.40572	408.9178	4104.339	-281.2587	153.35913	389.5774	652.91815	4293.1943	-220.97693	219.75046	436000
110	-356.30304	368.70706	349.74057	188.79953	1133.8748	-1221.8236	219.64252	411.33005	4104.339	-281.2587	153.79237	399.12256	666.9964	4707.213	-220.97693	221.24818	440000
111	-356.58643	367.94086	350.0378	188.16719	1133.8748	-1221.8236	223.30443	416.26605	4104.339	-281.2587	154.5423	408.66437	677.7932	4707.213	-220.97693	222.87657	444000
112	-356.94315	367.36816	350.4067	187.56009	1133.8748	-1221.8236	226.1697	419.26248	4104.339	-281.2587	154.9101	420.3026	691.9575	4707.213	-220.97693	224.99464	448000
113	-357.34543	366.81903	350.82248	186.97607	1133.8748	-1221.8236	229.60893	427.08997	4104.339	-281.2587	155.59381	426.93265	696.8276	4707.213	-220.97693	225.81682	452000
114	-357.77356	366.232	351.26358	186.41101	1133.8748	-1221.8236	233.19742	430.86237	4104.339	-281.2587	156.27142	434.5914	702.1784	4707.213	-220.97693	226.89035	456000
115	-358.2229	365.70685	351.72556	185.85968	1133.8748	-1221.8236	237.04816	437.1915	4104.339	-281.2587	157.1575	439.75613	702.0018	4707.213	-220.97693	227.25826	460000
116	-358.69186	365.1425	352.20758	185.32387	1133.8748	-1221.8236	241.6381	448.39755	4245.4355	-281.2587	158.03815	456.33765	728.63434	4707.213	-220.97693	231.10948	464000
117	-359.18454	364.68576	352.7116	184.81015	1133.8748	-1221.8236	245.90797	456.4408	4245.4355	-281.2587	158.85947	465.67575	739.8274	4707.213	-220.97693	232.7752	468000
118	-359.67642	364.28665	353.21597	184.31238	1133.8748	-1221.8236	249.31354	460.3672	4245.4355	-281.2587	159.51335	478.71967	756.76306	4707.213	-220.97693	235.07712	472000
119	-360.18207	363.9351	353.73236	183.82661	1133.8748	-1221.8236	253.22588	466.9767	4245.4355	-281.2587	160.32333	487.13855	760.2387	4707.213	-220.97693	236.95546	476000
120	-360.71075	363.60397	354.27155	183.34953	1133.8748	-1221.8236	257.51758	475.97513	4245.4355	-281.2587	161.182	498.79468	770.834	4707.213	-220.97693	238.98917	480000
121	-361.24463	363.2278	354.81686	182.87929	1133.8748	-1221.8236	261.54443	481.68707	4245.4355	-281.2587	161.92706	509.36218	782.64655	4707.213	-220.97693	240.59834	484000
122	-361.79224	362.91116	355.3758	182.42393	1133.8748	-1221.8236	265.6179	487.47943	4245.4355	-281.2587	162.66667	513.7967	782.5038	4707.213	-220.97693	241.0205	488000
123	-362.33707	362.60056	355.93195	181.97353	1133.8748	-1221.8236	269.52475	493.55087	4245.4355	-281.2587	163.45515	522.9543	787.2299	4707.213	-220.97693	242.54797	492000
124	-362.88565	362.23965	356.4918	181.53293	1133.8748	-1221.8236	272.9035	497.3265	4245.4355	-281.2587	164.12971	527.7914	786.3341	4707.213	-220.97693	243.05565	496000
125	-363.42224	361.86432	357.04065	181.09572	1133.8748	-1221.8236	276.5914	502.5531	4245.4355	-281.2587	164.79895	534.8487	791.5527	4707.213	-220.97693	244.528	500000
126	-363.92587	361.45798	357.5583	180.65605	1133.8748	-1221.8236	279.95944	506.06143	4245.4355	-281.2587	165.4629	538.97046	794.10486	4707.213	-220.97693	245.06032	504000
127	-364.412	361.04382	358.05713	180.21265	1133.8748	-1221.8236	283.03693	509.00833	4245.4355	-281.2587	166.01308	541.85284	793.1387	4707.213	-220.97693	245.21968	508000
128	-364.8765	360.59082	358.53485	179.77821	1133.8748	-1221.8236	286.52457	512.79266	4245.4355	-281.2587	166.77524	551.23285	801.0589	4707.213	-220.97693	246.75781	512000
129	-365.3462	360.2172	359.01672	179.3507	1133.8748	-1221.8236	289.66074	516.49963	4245.4355	-281.2587	167.42375	559.49097	807.41925	4707.213	-220.97693	248.1248	516000
130	-365.81775	359.82358	359.5004	178.9371	1133.8748	-1221.8236	294.0249	525.8165	4394.8047	-281.2587	168.17593	560.0214	805.6705	4707.213	-220.97693	247.94307	520000
131	-366.2962	359.531	359.9902	178.53882	1133.8748	-1221.8236	297.30002	529.57446	4394.8047	-281.2587	168.81444	566.1958	808.81494	4707.213	-220.97693	249.30382	524000
132	-366.78812	359.26764	360.49222	178.15346	1133.8748	-1221.8236	300.1196	531.4847	4394.8047	-281.2587	169.33932	575.27356	816.8223	4707.213	-220.97693	250.2985	528000
133	-367.30148	358.96744	361.01602	177.78862	1133.8748	-1221.8236	304.0088	537.24255	4394.8047	-281.2587	169.85951	584.6254	823.3972	4707.213	-220.97693	251.70074	532000
134	-367.81952	358.71204	361.54507	177.43718	1133.8748	-1221.8236	307.7062	541.19635	4394.8047	-281.2587	170.5377	595.65436	834.28186	4707.213	-220.97693	253.5806	536000
135	-368.34186	358.53284	362.07788	177.09169	1133.8748	-1221.8236	311.0319	544.36957	4394.8047	-281.2587	171.21117	600.3689	835.1241	4707.213	-220.97693	254.57481	540000
136	-368.84677	358.3741	362.59375	176.74333	1133.8748	-1221.8236	314.7211	550.4596	4394.8047	-281.2587	172.04301	612.001	846.047	4707.213	-220.97693	256.65955	544000
137	-369.35553	358.1188	363.1132	176.39986	1133.8748	-1221.8236	318.61456	558.5116	4394.8047	-281.2587	172.76166	619.89325	851.1009	4707.213	-220.97693	258.02847	548000
138	-369.8526	357.80316	363.6221	176.06122	1133.8748	-1221.8236	322.27866	567.2135	4879.957	-281.2587	173.4213	627.1103	855.3401	4707.213	-220.97693	259.28406	552000
139	-370.33932	357.44608	364.12	175.72752	1133.8748	-1221.8236	325.30917	570.37177	4879.957	-281.2587	174.1309	638.7374	871.28064	4707.213	-220.97693	261.67554	556000
140	-370.8269	357.16818	364.61942	175.39668	1133.8748	-1221.8236	328.026	572.47296	4879.957	-281.2587	174.67249	637.3116	869.76715	4707.213	-220.97693	260.89572	560000
141	-371.3116	356.8434	365.11493	175.07144	1133.8748	-1221.8236	330.9	575.289	4879.957	-281.2587	175.37314	644.19946	874.4073	4707.213	-220.97693	262.24893	564000
142	-371.80066	356.57242	365.61444	174.75826	1133.8748	-1221.8236	334.20685	580.54694	4879.957	-281.2587	176.17867	651.09064	883.39166	4707.213	-220.97693	264.03452	568000
143	-372.28394	356.29974	366.10898	174.44705	1133.8748	-1221.8236	337.01593	585.9125	4879.957	-281.2587	176.87074	661.6296	894.52094	4707.213	-220.97693	266.42587	572000
144	-372.7514	356.09082	366.5884	174.13246	1133.8748	-1221.8236	340.68848	592.15173	4879.957	-281.2587	177.6681	673.755	910.1691	4707.213	-220.97693	268.80276	576000
145	-373.19797	355.8551	367.04675	173.81808	1133.8748	-1221.8236	344.65616	600.08124	4879.957	-281.2587	178.57143	682.95123	918.282	4707.213	-220.97693	270.68137	580000
146	-373.6405	355.64005	367.50003	173.50146	1133.8748	-1221.8236	347.45926	605.4347	4879.957	-281.2587	179.19608	692.07574	926.0754	4707.213	-220.97693	272.94452	584000
147	-374.07712	355.38147	367.94882	173.18045	1133.8748	-1221.8236	351.07343	613.536	4879.957	-281.2587	179.92656	703.1341	939.1397	4707.213	-220.97693	275.0619	588000
148	-374.4831	355.10825	368.36752	172.86475	1133.8748	-1221.8236	355.55554	624.8013	5115.2114	-281.2587	180.76335	716.6034	957.688	5046.733	-220.97693	277.28177	592000
149	-374.8884	354.85248	368.78424	172.556	1133.8748	-1221.8236	359.72903	634.1057	5115.2114	-281.2587	181.65193	731.40204	981.3259	5493.531	-220.97693	279.76578	596000
150	-375.29816	354.53296	369.20538	172.25195	1133.8748	-1221.8236	363.3315	640.0638	5115.2114	-281.2587	182.48175	743.8985	995.04395	5493.531	-220.97693	282.668	600000
151	-375.70755	354.23135	369.6256	171.9494	1133.8748	-1221.8236	367.14838	648.02386	5115.2114	-281.2587	183.30804	753.2549	1006.7844	5493.531	-220.97693	284.46423	604000
152	-376.1151	353.97977	370.04468	171.65157	1133.8748	-1221.8236	370.65433	654.5996	5115.2114	-281.2587	184.13083	761.4335	1016.2157	5493.531	-220.97693	286.26578	608000
153	-376.52206	353.73285	370.46237	171.35423	1133.8748	-1221.8236	373.9389	662.36	5115.2114	-281.2587	184.83842	762.60565	1014.6852	5493.531	-220.97693	286.4013	612000
154	-376.9279	353.4678	370.8797	171.05933	1133.8748	-1221.8236	377.11404	667.80865	5115.2114	-281.2587	185.4863	774.8867	1031.7812	5493.531	-220.97693	288.99677	616000
155	-377.338	353.1587	371.29974	170.78542	1133.8748	-1221.8236	378.77734	670.83307	5115.2114	-281.2587	185.79562	774.2592	1029.2705	5493.531	-220.97693	288.74966	620000
156	-377.8109	353.15762	371.77982	170.5722	1133.8748	-1221.8236	380.7837	671.292	5115.2114	-281.2587	186.26866	776.9131	1029.4662	5493.531	-220.97693	288.8968	624000
157	-378.3531	353.36743	372.3281	170.41032	1133.8748	-1221.8236	384.44244	677.01605	5115.2114	-281.2587	186.9604	775.998	1028.7369	5493.531	-220.97693	288.13248	628000
158	-378.94757	353.50894	372.9292	170.27509	1133.8748	-1221.8236	387.85046	681.45496	5115.2114	-281.2587	187.64845	783.9823	1036.4456	5493.531	-220.97693	289.29874	632000
159	-379.56143	353.64642	373.55054	170.14389	1133.8748	-1221.8236	391.24646	688.306	5115.2114	-281.2587	188.33284	789.5997	1038.8485	5493.531	-220.97693	290.622	636000
160	-380.16132	353.7949	374.1581	169.99907	1133.8748	-1221.8236	395.48026	698.56134	5115.2114	-281.2587	189.1812	798.2675	1044.492	5493.531	-220.97693	292.04126	640000
161	-380.74435	353.83105	374.74973	169.84322	1133.8748	-1221.8236	399.25073	705.59485	5115.2114	-281.2587	189.9705	804.061	1045.0626	5493.531	-220.97693	293.24905	644000
162	-381.29395	353.83755	375.30923	169.67273	1133.8748	-1221.8236	402.7647	710.27515	5115.2114	-281.2587	190.6443	818.8609	1063.7948	5493.531	-220.97693	295.96606	648000
163	-381.80948	353.81464	375.83484	169.48259	1133.8748	-1221.8236	406.61273	718.21075	5115.2114	-281.2587	191.48311	835.3503	1084.724	5493.531	-220.97693	299.23373	652000
164	-382.3035	353.83838	376.33942	169.27911	1133.8748	-1221.8236	410.69687	728.31396	5115.2114	-281.2587	192.2626	846.8011	1098.5814	5493.531	-220.97693	301.10794	656000
165	-382.7702	353.69827	376.817	169.0673	1133.8748	-1221.8236	414.69302	736.1161	5115.2114	-281.2587	193.0389	853.35767	1102.5752	5493.531	-220.97693	302.08667	660000
166	-383.21863	353.6163	377.27576	168.8498	1133.8748	-1221.8236	418.1113	740.6508	5115.2114	-281.2587	193.69894	857.43964	1105.3931	5493.531	-220.97693	302.64337	664000
167	-383.64398	353.413	377.71237	168.62662	1133.8748	-1221.8236	421.363	745.8907	5115.2114	-281.2587	194.41211	867.9693	1115.2631	5493.531	-220.97693	304.7455	668000
168	-384.0595	353.1703	378.1388	168.40033	1133.8748	-1221.8236	424.8803	752.0259	5115.2114	-281.2587	195.12195	881.0857	1135.055	5493.531	-220.97693	306.78394	672000
169	-384.47452	353.03387	378.5635	168.17516	1133.8748	-1221.8236	428.09973	756.5526	5115.2114	-281.2587	195.71512	888.07166	1144.7386	5493.531	-220.97693	307.7657	676000
170	-384.88425	352.90726	378.98367	167.94911	1133.8748	-1221.8236	431.6926	763.3811	5115.2114	-281.2587	196.41826	899.87427	1157.1953	5493.531	-220.97693	309.98706	680000
171	-385.27884	352.72153	379.38885	167.72769	1133.8748	-1221.8236	435.53906	770.62384	5115.2114	-281.2587	197.17497	915.18756	1175.3416	5493.531	-220.97693	312.89124	684000
172	-385.67325	352.53827	379.79388	167.50882	1133.8748	-1221.8236	439.4781	777.4371	5115.2114	-281.2587	197.98561	929.6882	1189.4972	5493.531	-220.97693	315.50583	688000
173	-386.0609	352.4542	380.19202	167.29457	1133.8748	-1221.8236	442.7283	783.0238	5115.2114	-281.2587	198.62227	934.2214	1193.5143	5493.531	-220.97693	316.4763	692000
174	-386.43945	352.30136	380.58102	167.08202	1133.8748	-1221.8236	446.8833	790.4618	5115.2114	-281.2587	199.4841	948.41797	1208.7114	5493.531	-220.97693	319.2845	696000
175	-386.81763	352.10257	380.9695	166.87062	1133.8748	-1221.8236	450.29068	796.89716	5115.2114	-281.2587	200.0	957.7032	1217.0808	5493.531	-220.97693	320.71143	700000
176	-387.20114	351.95493	381.36243	166.66531	1133.8748	-1221.8236	453.585	801.8933	5115.2114	-281.2587	200.68414	962.0929	1222.5532	5493.531	-220.97693	321.3932	704000
177	-387.58514	351.718	381.75723	166.46648	1133.8748	-1221.8236	457.47507	807.8634	5115.2114	-281.2587	201.36519	969.8089	1226.7421	5493.531	-220.97693	322.60565	708000
178	-387.9605	351.6088	382.14246	166.26625	1133.8748	-1221.8236	460.43954	811.00385	5115.2114	-281.2587	201.98581	986.588	1244.4604	5493.531	-220.97693	326.0292	712000
179	-388.3321	351.45084	382.52435	166.06314	1133.8748	-1221.8236	464.50357	818.6921	5115.2114	-281.2587	202.83286	998.51	1256.1195	5493.531	-220.97693	328.38937	716000
180	-388.70282	351.28812	382.9055	165.86089	1133.8748	-1221.8236	468.0988	824.46796	5115.2114	-281.2587	203.56235	1007.1295	1265.1595	5493.531	-220.97693	329.8889	720000
181	-389.05746	351.09802	383.27087	165.65417	1133.8748	-1221.8236	471.6895	831.02094	5115.2114	-281.2587	204.28894	1022.57306	1281.9052	5493.531	-220.97693	332.89447	724000
182	-389.40076	350.7867	383.6251	165.44446	1133.8748	-1221.8236	474.14658	836.728	5115.2114	-281.2587	204.60933	1032.5994	1289.5051	5493.531	-220.97693	334.6835	728000
183	-389.72595	350.59036	383.9613	165.23317	1133.8748	-1221.8236	477.55496	840.0684	5115.2114	-281.2587	205.27202	1036.2024	1290.828	5493.531	-220.97693	335.53824	732000
184	-390.04846	350.2885	384.29416	165.02266	1133.8748	-1221.8236	482.15466	851.4114	5194.5605	-281.2587	206.10474	1051.5339	1311.0901	5493.531	-220.97693	338.04077	736000
185	-390.37836	350.0646	384.63385	164.82324	1133.8748	-1221.8236	485.55457	856.2367	5194.5605	-281.2587	206.76166	1053.1705	1313.8843	5493.531	-220.97693	337.94217	740000
186	-390.71323	349.90814	384.9783	164.62714	1133.8748	-1221.8236	489.41296	862.8302	5194.5605	-281.2587	207.47351	1063.4927	1322.6854	5493.531	-220.97693	340.23386	744000
187	-391.04553	349.69672	385.32083	164.43015	1133.8748	-1221.8236	492.26962	866.28265	5194.5605	-281.2587	207.95107	1068.0244	1326.5825	5493.531	-220.97693	340.67487	748000
188	-391.3838	349.51382	385.669	164.23888	1133.8748	-1221.8236	495.8088	871.3968	5194.5605	-281.2587	208.59917	1071.1967	1327.0287	5493.531	-220.97693	341.32767	752000
189	-391.7157	349.33118	386.01096	164.04884	1133.8748	-1221.8236	498.94266	876.24	5194.5605	-281.2587	209.12863	1074.3656	1327.8204	5493.531	-220.97693	341.77515	756000
190	-392.04425	349.16135	386.3494	163.86096	1133.8748	-1221.8236	502.40048	880.66406	5194.5605	-281.2587	209.82883	1077.2122	1331.0061	5493.531	-220.97693	342.04105	760000
191	-392.37143	348.9212	386.68677	163.6794	1133.8748	-1221.8236	505.23218	885.30054	5194.5605	-281.2587	210.41035	1082.9863	1335.6481	5493.531	-220.97693	343.09894	764000
192	-392.6986	348.81784	387.0241	163.504	1133.8748	-1221.8236	506.70447	886.97327	5194.5605	-281.2587	210.6418	1094.3129	1345.2927	5493.531	-220.97693	345.1099	768000
193	-393.02036	348.6714	387.35547	163.32903	1133.8748	-1221.8236	509.6848	890.14453	5194.5605	-281.2587	211.21751	1100.43	1348.7751	5493.531	-220.97693	346.32486	772000
194	-393.34308	348.52606	387.68796	163.15991	1133.8748	-1221.8236	511.5033	891.83887	5194.5605	-281.2587	211.50177	1097.3885	1346.9507	5493.531	-220.97693	345.37476	776000
195	-393.6601	348.3373	388.01514	162.98862	1133.8748	-1221.8236	514.08765	896.12244	5194.5605	-281.2587	211.95653	1099.1183	1347.0111	5493.531	-220.97693	345.32666	780000
196	-393.9586	348.19513	388.3245	162.81781	1133.8748	-1221.8236	516.4497	897.47815	5194.5605	-281.2587	212.35103	1102.6997	1348.526	5493.531	-220.97693	345.93878	784000
197	-394.2472	348.09323	388.62326	162.64178	1133.8748	-1221.8236	519.9892	902.6149	5194.5605	-281.2587	213.08815	1111.4473	1354.0562	5493.531	-220.97693	347.49237	788000
198	-394.52982	347.92258	388.916	162.4676	1133.8748	-1221.8236	522.738	905.9012	5194.5605	-281.2587	213.64986	1122.399	1364.332	5493.531	-220.97693	349.53687	792000
199	-394.815	347.81622	389.21082	162.29672	1133.8748	-1221.8236	525.53235	908.64465	5194.5605	-281.2587	214.32417	1129.3503	1369.0632	5493.531	-220.97693	350.63217	796000
200	-395.09262	347.7199	389.49832	162.12692	1133.8748	-1221.8236	528.8107	913.5558	5194.5605	-281.2587	214.99597	1138.928	1377.3779	5493.531	-220.97693	352.366	800000
201	-395.3667	347.622	389.78223	161.9613	1133.8748	-1221.8236	531.72845	916.221	5194.5605	-281.2587	215.54959	1145.5178	1380.7284	5493.531	-220.97693	353.34628	804000
202	-395.64645	347.45883	390.07178	161.79817	1133.8748	-1221.8236	534.77985	919.15643	5194.5605	-281.2587	216.15837	1148.8025	1383.7039	5493.531	-220.97693	353.8005	808000
203	-395.92508	347.31805	390.3605	161.63916	1133.8748	-1221.8236	537.4998	922.5617	5194.5605	-281.2587	216.76454	1163.2024	1395.4683	5493.531	-220.97693	356.98373	812000
204	-396.19623	347.16742	390.64172	161.47672	1133.8748	-1221.8236	541.072	929.21954	5194.5605	-281.2587	217.48401	1163.8887	1396.3169	5493.531	-220.97693	356.97107	816000
205	-396.46405	346.98254	390.91922	161.31175	1133.8748	-1221.8236	544.4992	934.5442	5194.5605	-281.2587	218.14313	1176.6129	1407.5111	5493.531	-220.97693	359.40244	820000
206	-396.7235	346.78012	391.18857	161.14413	1133.8748	-1221.8236	547.8917	940.68384	5194.5605	-281.2587	218.79979	1180.4431	1409.0078	5493.531	-220.97693	360.0029	824000
207	-396.9821	346.56964	391.45657	160.98318	1133.8748	-1221.8236	551.04785	945.53864	5194.5605	-281.2587	219.39587	1179.6351	1409.1733	5493.531	-220.97693	359.5541	828000
208	-397.2438	346.43198	391.72766	160.82306	1133.8748	-1221.8236	553.6013	948.4799	5194.5605	-281.2587	219.87315	1188.8462	1415.739	5493.531	-220.97693	361.01395	832000
209	-397.5046	346.2701	391.99796	160.66187	1133.8748	-1221.8236	557.61835	956.17926	5194.5605	-281.2587	220.58047	1202.8727	1427.7604	5493.531	-220.97693	363.6665	836000
210	-397.7615	346.03134	392.26474	160.4997	1133.8748	-1221.8236	560.3773	958.62213	5194.5605	-281.2587	221.11082	1206.1012	1433.1149	5493.531	-220.97693	363.9781	840000
211	-398.01187	345.80865	392.5246	160.33841	1133.8748	-1221.8236	564.2837	964.87427	5194.5605	-281.2587	221.8134	1215.1825	1439.4894	5493.531	-220.97693	365.72986	844000
212	-398.25873	345.5745	392.78122	160.17519	1133.8748	-1221.8236	567.8834	969.0961	5194.5605	-281.2587	222.4554	1212.6526	1440.1123	5493.531	-220.97693	364.74292	848000
213	-398.4974	345.3616	393.03006	160.01404	1133.8748	-1221.8236	570.30536	969.7288	5194.5605	-281.2587	222.91994	1217.3093	1441.6716	5493.531	-220.97693	365.3357	852000
214	-398.7336	345.14835	393.27567	159.8496	1133.8748	-1221.8236	573.98926	974.87085	5194.5605	-281.2587	223.67389	1222.1172	1443.0354	5493.531	-220.97693	366.4159	856000
215	-398.9644	344.92026	393.5164	159.68655	1133.8748	-1221.8236	577.1115	979.71814	5194.5605	-281.2587	224.36734	1225.3132	1443.4359	5493.531	-220.97693	367.1279	860000
216	-399.18643	344.7216	393.74814	159.52492	1133.8748	-1221.8236	580.0706	982.47235	5194.5605	-281.2587	224.94142	1237.3799	1452.225	5493.531	-220.97693	369.54538	864000
217	-399.40735	344.47076	393.97858	159.36096	1133.8748	-1221.8236	583.47296	986.82947	5194.5605	-281.2587	225.63036	1242.2535	1452.9824	5493.531	-220.97693	370.35898	868000
218	-399.62637	344.25464	394.20706	159.1962	1133.8748	-1221.8236	586.78546	991.9189	5194.5605	-281.2587	226.25844	1246.281	1453.7472	5493.531	-220.97693	371.13943	872000
219	-399.84412	344.0471	394.43433	159.03256	1133.8748	-1221.8236	590.166	996.1105	5194.5605	-281.2587	226.94301	1249.0581	1454.1152	5493.531	-220.97693	371.90137	876000
220	-400.06302	343.8741	394.6624	158.87311	1133.8748	-1221.8236	593.12036	999.56195	5194.5605	-281.2587	227.50775	1249.3297	1454.4254	5493.531	-220.97693	371.67773	880000
221	-400.29166	343.68454	394.89957	158.71214	1133.8748	-1221.8236	596.5568	1004.04974	5194.5605	-281.2587	228.12903	1254.334	1456.2148	5493.531	-220.97693	372.52896	884000
222	-400.5267	343.42007	395.14377	158.5548	1133.8748	-1221.8236	599.8236	1008.3425	5194.5605	-281.2587	228.807	1256.9774	1455.9255	5493.531	-220.97693	373.03378	888000
223	-400.75595	343.23993	395.38293	158.39598	1133.8748	-1221.8236	602.40936	1011.3784	5194.5605	-281.2587	229.18808	1259.6088	1458.1869	5493.531	-220.97693	373.44934	892000
224	-400.97253	343.09552	395.60922	158.24016	1133.8748	-1221.8236	605.8514	1016.3487	5194.5605	-281.2587	229.92046	1262.567	1460.7037	5493.531	-220.97693	373.74597	896000
225	-401.1889	342.88068	395.8347	158.08536	1133.8748	-1221.8236	608.95654	1021.0293	5194.5605	-281.2587	230.47375	1265.575	1459.904	5493.531	-220.97693	374.10977	900000
226	-401.40253	342.64957	396.05792	157.93195	1133.8748	-1221.8236	612.3471	1026.5634	5194.5605	-281.2587	231.14293	1269.3633	1460.1516	5493.531	-220.97693	374.7208	904000
227	-401.61594	342.47934	396.28003	157.78055	1133.8748	-1221.8236	615.8189	1031.8372	5194.5605	-281.2587	231.81006	1272.4816	1460.1254	5493.531	-220.97693	375.25375	908000
228	-401.82593	342.29733	396.49933	157.63213	1133.8748	-1221.8236	618.9918	1036.593	5194.5605	-281.2587	232.41591	1278.1718	1463.3026	5493.531	-220.97693	376.26886	912000
229	-402.0311	342.11658	396.71353	157.48566	1133.8748	-1221.8236	622.0351	1040.5466	5194.5605	-281.2587	233.01959	1279.2963	1462.4161	5493.531	-220.97693	376.29346	916000
230	-402.2375	341.94238	396.92896	157.33736	1133.8748	-1221.8236	625.32336	1044.5552	5194.5605	-281.2587	233.68047	1286.7874	1467.1793	5493.531	-220.97693	377.97348	920000
231	-402.43982	341.75296	397.14044	157.18765	1133.8748	-1221.8236	628.9353	1050.158	5194.5605	-281.2587	234.45825	1293.0756	1471.0725	5493.531	-220.97693	379.18094	924000
232	-402.64624	341.55264	397.35583	157.03883	1133.8748	-1221.8236	630.90643	1053.112	5194.5605	-281.2587	234.69904	1297.5505	1474.5837	5493.531	-220.97693	379.9375	928000
233	-402.85046	341.33197	397.5697	156.8926	1133.8748	-1221.8236	633.71844	1055.6578	5194.5605	-281.2587	235.23473	1300.8962	1478.1494	5493.531	-220.97693	380.39914	932000
234	-403.04813	341.0946	397.77643	156.74388	1133.8748	-1221.8236	635.77325	1057.9299	5194.5605	-281.2587	235.59024	1307.9851	1482.9424	5493.531	-220.97693	381.7406	936000
235	-403.2442	340.91168	397.98154	156.59854	1133.8748	-1221.8236	639.27484	1063.25	5194.5605	-281.2587	236.29965	1314.359	1486.2928	5493.531	-220.97693	383.09277	940000
236	-403.43814	340.67285	398.18414	156.45642	1133.8748	-1221.8236	641.7139	1065.3558	5194.5605	-281.2587	236.8289	1323.1519	1492.3846	5493.531	-220.97693	384.96652	944000
237	-403.63852	340.43274	398.39325	156.31544	1133.8748	-1221.8236	644.28326	1068.0809	5194.5605	-281.2587	237.41548	1324.467	1490.5216	5493.531	-220.97693	385.11688	948000
238	-403.83966	340.22525	398.60272	156.17639	1133.8748	-1221.8236	645.1806	1067.2046	5194.5605	-281.2587	237.4657	1331.1707	1494.4435	5493.531	-220.97693	386.70755	952000
239	-404.04865	340.02734	398.81998	156.03844	1133.8748	-1221.8236	647.266	1069.9347	5194.5605	-281.2587	237.7518	1325.8853	1493.5436	5493.531	-220.97693	385.2774	956000
240	-404.2529	339.84424	399.03317	155.89928	1133.8748	-1221.8236	649.9053	1073.2339	5194.5605	-281.2587	238.2134	1331.5884	1496.1097	5493.531	-220.97693	386.2379	960000
241	-404.4482	339.6441	399.23746	155.75607	1133.8748	-1221.8236	652.21814	1076.1036	5194.5605	-281.2587	238.61386	1330.7112	1494.24	5493.531	-220.97693	385.87595	964000
242	-404.63907	339.45932	399.4368	155.61555	1133.8748	-1221.8236	653.9	1077.6178	5194.5605	-281.2587	238.83543	1337.3821	1498.63	5493.531	-220.97693	387.34918	968000
243	-404.82968	339.25684	399.63638	155.47418	1133.8748	-1221.8236	657.3674	1083.0021	5194.5605	-281.2587	239.52686	1337.4159	1500.2134	5493.531	-220.97693	387.05637	972000
244	-405.01624	339.05032	399.83194	155.33563	1133.8748	-1221.8236	659.5866	1086.0201	5194.5605	-281.2587	239.98033	1341.6931	1500.7844	5493.531	-220.97693	387.95288	976000
245	-405.19366	338.8922	400.0183	155.19965	1133.8748	-1221.8236	662.03796	1088.7451	5194.5605	-281.2587	240.4318	1345.0906	1501.3838	5493.531	-220.97693	388.43878	980000
246	-405.36713	338.6937	400.20056	155.06389	1133.8748	-1221.8236	665.1067	1092.8223	5194.5605	-281.2587	241.0583	1354.4384	1509.2284	5493.531	-220.97693	390.1756	984000
247	-405.5394	338.49173	400.3816	154.92624	1133.8748	-1221.8236	668.2951	1097.1624	5194.5605	-281.2587	241.68297	1355.2966	1509.2644	5493.531	-220.97693	390.1267	988000
248	-405.71042	338.30734	400.56104	154.78914	1133.8748	-1221.8236	671.27637	1101.0734	5194.5605	-281.2587	242.30582	1362.6134	1512.9965	5493.531	-220.97693	391.6762	992000
249	-405.88138	338.08246	400.74033	154.64838	1133.8748	-1221.8236	674.2368	1105.6907	5194.5605	-281.2587	242.7492	1369.4777	1517.6859	5493.531	-220.97693	392.76547	996000
250	-406.0424	337.83917	400.91037	154.5044	1133.8748	-1221.8236	676.9803	1108.8691	5194.5605	-281.2587	243.24982	1371.9642	1517.9677	5493.531	-220.97693	393.2956	1000000
