epoch	pi-loss	q-loss	average-q-values	std-q-values	max-q-values	min-q-values	average-episode-return	std-episode-return	max-episode-return	min-episode-return	episode-length	average-test-episode-return	std-test-episode-return	max-test-episode-return	min-test-episode-return	test-episode-length	total-env-interacts
1	-17.736994	3.3617177	14.969264	13.30195	91.177956	-39.367653	18.63297	17.666492	158.26949	5.4458985	22.47191	38.71988	0.51508456	40.10998	38.158268	22.1	4000
2	-68.748955	40.738663	61.997276	54.00306	248.16478	-90.71475	24.063408	17.787037	158.26949	5.4458985	22.59887	38.529922	0.80832154	40.32332	36.956253	21.95	8000
3	-67.82865	35.259945	63.958282	53.34841	248.16478	-90.71475	29.136934	16.167921	158.26949	5.4458985	22.51407	38.55324	0.7811647	40.32332	36.956253	21.966667	12000
4	-56.174026	28.329927	53.589043	49.83236	248.16478	-90.71475	19.400982	16.789694	158.26949	4.490541	15.748032	30.374792	14.181669	40.32332	5.782838	18.225	16000
5	-45.381554	22.630035	43.451786	48.545788	248.16478	-90.71475	14.52744	14.91829	158.26949	1.9708499	12.594459	25.46514	16.041061	40.32332	5.720673	15.98	20000
6	-38.44619	18.78525	36.97015	46.38971	248.16478	-90.71475	12.240419	13.350913	158.26949	1.9708499	11.116258	22.196293	16.36633	40.32332	5.720673	14.483334	24000
7	-33.6066	16.058298	32.395763	44.25189	248.16478	-90.71475	11.018662	12.295245	158.26949	1.9708499	10.313075	30.759491	25.879097	84.13106	5.720673	18.87143	28000
8	-34.648197	15.705176	32.896736	42.066006	248.16478	-90.71475	13.517691	23.319304	214.64326	1.9708499	11.552346	41.094044	36.51999	114.497055	5.720673	24.5	32000
9	-41.794712	20.039017	39.069515	45.17082	248.16478	-90.71475	16.10325	31.30984	221.16563	1.9708499	12.797725	57.944233	58.797165	194.76561	5.720673	32.066666	36000
10	-53.070236	29.110128	49.12425	55.535614	248.16478	-96.794975	18.613302	37.116116	221.16563	1.9708499	14.0007	69.621124	65.921364	194.76561	5.720673	38.1	40000
11	-64.863014	37.875668	59.803036	66.408104	257.53156	-138.88382	20.974997	42.016136	221.16563	1.9708499	15.188126	82.517944	74.92691	213.45003	5.720673	43.9	44000
12	-74.77546	43.83623	68.84932	74.00941	271.3602	-168.09096	23.1993	45.707787	228.55629	1.9708499	16.304348	83.84443	72.13966	213.45003	5.720673	45.825	48000
13	-83.56447	48.737038	76.88187	79.148254	398.6054	-329.90585	24.394724	46.733864	304.676	-1.082735	17.212843	77.28825	72.935745	213.45003	-1.885821	43.66923	52000
14	-96.24096	60.70365	88.48437	90.68055	512.00543	-329.90585	25.296494	51.105206	400.45728	-1.8017757	17.971758	97.563545	101.58263	404.08713	-1.885821	54.614285	56000
15	-114.7477	85.93686	105.68415	114.10068	626.6562	-363.59845	27.981232	58.492065	400.45728	-1.8017757	19.08397	115.76086	119.555565	404.08713	-1.885821	60.866665	60000
16	-137.66203	121.813614	127.02754	144.49358	790.21436	-363.59845	30.516212	63.603607	400.45728	-1.8017757	20.14479	124.60496	120.73173	404.08713	-1.885821	65.13125	64000
17	-163.26503	168.21655	150.96999	176.32518	1175.6256	-371.07446	32.8391	68.71694	515.82526	-1.8017757	21.197008	139.14471	131.86298	515.7865	-1.885821	74.011765	68000
18	-189.49022	214.86484	175.56505	205.7266	1179.7319	-513.657	34.948315	73.16215	530.5894	-1.8017757	22.270338	153.7888	144.38342	619.2701	-1.885821	83.03889	72000
19	-215.19492	264.58255	199.85582	231.6388	1179.7319	-513.657	36.85657	77.96127	751.8132	-1.8017757	23.363049	165.76872	151.48816	619.2701	-1.885821	87.96842	76000
20	-239.98836	312.3347	223.33748	254.24188	1179.7319	-621.8599	39.342922	85.8361	1081.3588	-1.8017757	24.457352	193.91866	194.03195	946.0889	-1.885821	96.685	80000
21	-264.6288	365.3581	246.74748	275.50974	1179.7319	-677.7788	41.952797	92.018295	1081.3588	-1.8017757	25.439127	191.31949	191.59677	946.0889	-1.885821	95.34286	84000
22	-288.19653	414.07278	269.17798	294.021	1179.7319	-724.7273	43.98979	95.027275	1081.3588	-1.8017757	26.363092	193.49599	187.45839	946.0889	-1.885821	95.86818	88000
23	-311.30725	463.51837	291.24036	312.0055	1223.2673	-724.7273	45.696278	99.09275	1087.7828	-1.8017757	27.429934	199.98853	187.74411	946.0889	-1.885821	97.94782	92000
24	-334.0064	507.32706	312.88632	328.97803	1304.7228	-724.7273	48.288456	104.99522	1087.7828	-1.8017757	28.452875	207.59068	187.37556	946.0889	-1.885821	99.99167	96000
25	-355.52087	551.01166	333.49365	343.27435	1311.8789	-724.7273	49.53007	107.642044	1087.7828	-1.8017757	29.472443	224.7278	206.96794	984.0512	-1.885821	116.152	100000
26	-375.45416	588.8737	352.6871	355.1154	1320.803	-724.7273	51.85843	111.379486	1087.7828	-1.8017757	30.42715	225.85199	203.15619	984.0512	-1.885821	116.18077	104000
27	-394.63873	628.8327	371.10706	366.34708	1349.9536	-770.64026	54.16213	115.24845	1087.7828	-1.8017757	31.322506	241.95706	216.62521	984.0512	-1.885821	121.67037	108000
28	-412.89624	666.8497	388.69302	376.65964	1357.0255	-770.64026	55.44662	119.92052	1119.9769	-1.8017757	32.426174	269.4713	256.30563	1027.5504	-1.885821	153.03929	112000
29	-429.98312	697.6147	405.18643	385.0918	1393.1296	-770.64026	56.52753	123.638725	1119.9769	-1.8017757	33.526012	287.02084	278.13327	1066.5363	-1.885821	173.64137	116000
30	-446.6252	727.65106	421.3244	392.92966	1393.1296	-770.64026	57.805473	127.6443	1145.9755	-1.8017757	34.602077	290.63095	274.2981	1066.5363	-1.885821	176.81334	120000
31	-462.1312	752.61633	436.41806	399.4688	1393.1296	-892.0524	59.426018	129.139	1145.9755	-1.8017757	35.51991	289.6137	269.89713	1066.5363	-1.885821	175.21936	124000
32	-475.70212	770.30444	449.70148	404.0194	1393.1296	-892.0524	60.830723	132.03436	1152.318	-1.8017757	36.508842	292.91617	266.47354	1066.5363	-1.885821	175.53125	128000
33	-488.08087	788.64746	461.79697	407.3184	1393.1296	-892.0524	62.90211	134.35188	1152.318	-1.8017757	37.351444	293.99307	262.47736	1066.5363	-1.885821	174.65454	132000
34	-500.70032	807.49207	474.0708	411.53156	1393.1296	-892.0524	65.52913	138.80585	1152.318	-1.8017757	38.266743	302.19687	263.27164	1066.5363	-1.885821	176.04118	136000
35	-513.28253	824.0107	486.35358	416.399	1393.1296	-892.0524	67.9115	142.79753	1152.318	-1.8017757	39.18276	310.31387	265.69012	1066.5363	-1.885821	179.08858	140000
36	-524.623	840.3522	497.4389	420.10757	1393.1296	-892.0524	69.07873	146.21707	1323.4305	-1.8017757	40.156162	320.18723	269.3112	1066.5363	-1.885821	193.33055	144000
37	-535.07745	853.88904	507.72577	422.94843	1393.1296	-892.0524	70.721504	152.44572	1502.1093	-1.8017757	41.20267	340.5474	294.1509	1455.2765	-1.885821	209.21622	148000
38	-544.74475	863.0934	517.2446	424.7906	1393.1296	-892.0524	72.32906	155.6078	1502.1093	-1.8017757	42.187065	357.52945	308.09415	1455.2765	-1.885821	230.02632	152000
39	-553.83307	870.78955	526.23517	426.23654	1393.1296	-892.0524	73.44766	157.65749	1502.1093	-1.8017757	43.165466	370.42203	319.57086	1466.3993	-1.885821	237.2641	156000
40	-562.17413	877.692	534.50635	427.15588	1393.1296	-892.0524	75.0601	161.98355	1502.1093	-1.8017757	44.13793	371.03613	320.4754	1466.3993	-1.885821	236.895	160000
41	-569.63574	881.23456	541.9305	427.3346	1393.1296	-892.0524	76.359665	164.70027	1502.1093	-1.8017757	45.042572	389.57123	338.49323	1466.3993	-1.885821	253.48537	164000
42	-576.33484	883.89575	548.634	426.91013	1393.1296	-892.0524	77.69291	168.35023	1502.1093	-1.8017757	46.065258	415.57187	373.6934	1585.0017	-1.885821	270.47144	168000
43	-582.1899	884.2804	554.5451	425.95654	1393.1296	-892.0524	79.49998	172.26675	1515.272	-1.8017757	46.994537	413.95786	369.55048	1585.0017	-1.885821	268.0	172000
44	-587.20807	884.333	559.6224	424.57288	1393.1296	-904.0968	81.138954	174.1086	1515.272	-1.8017757	47.826088	409.53992	366.56696	1585.0017	-1.885821	265.22272	176000
45	-591.9521	884.4481	564.4005	423.14096	1393.1296	-975.7708	83.09327	178.18185	1544.4153	-1.8017757	48.727665	413.08447	364.65494	1585.0017	-1.885821	265.02	180000
46	-596.61304	883.9265	569.0898	421.90018	1393.1296	-975.7708	84.909424	181.8438	1544.4153	-1.8017757	49.676025	426.73523	372.11273	1585.0017	-1.885821	280.99783	184000
47	-600.84796	882.2436	573.38214	420.44226	1393.1296	-975.7708	86.11953	183.83583	1544.4153	-1.8017757	50.375134	444.63998	388.04416	1585.0017	-1.885821	293.21063	188000
48	-604.6579	879.0739	577.25995	418.71384	1393.1296	-975.7708	87.252335	186.40625	1544.4153	-1.8017757	51.268356	445.7122	388.3459	1585.0017	-1.885821	297.66876	192000
49	-608.133	876.6517	580.8219	416.82333	1393.1296	-975.7708	88.01031	187.24081	1544.4153	-1.8017757	52.169285	456.3973	391.4269	1585.0017	-1.885821	312.00204	196000
50	-611.3198	874.4717	584.10596	414.79865	1393.1296	-975.7708	88.811714	188.30019	1544.4153	-1.8017757	53.092648	448.24646	391.671	1585.0017	-1.885821	307.124	200000
51	-614.35657	872.6032	587.2368	412.7116	1393.1296	-975.7708	89.951035	191.29712	1800.2684	-1.8017757	53.95398	452.30203	393.86682	1585.0017	-1.885821	307.61765	204000
52	-617.2041	869.82916	590.1933	410.6039	1393.1296	-975.7708	92.15169	198.84053	2148.1118	-1.8017757	54.895752	482.04828	449.70218	2553.919	-1.885821	317.24808	208000
53	-619.6651	866.74756	592.77704	408.29456	1393.1296	-975.7708	93.92431	203.06097	2148.1118	-1.8017757	55.686893	476.86887	447.04263	2553.919	-1.885821	313.45282	212000
54	-622.1023	863.9286	595.31976	405.9174	1393.1296	-975.7708	95.33467	204.16959	2148.1118	-1.8017757	56.45583	487.05585	449.0513	2553.919	-1.885821	326.16666	216000
55	-624.59503	861.1559	597.9246	403.5952	1393.1296	-975.7708	96.52125	206.23091	2148.1118	-1.8017757	57.381325	500.2705	461.86633	2553.919	-1.885821	332.94547	220000
56	-626.94965	858.6321	600.4089	401.30414	1393.1296	-975.7708	98.66553	208.41669	2148.1118	-1.8017757	58.121433	506.34268	461.19952	2553.919	-1.885821	332.06964	224000
57	-629.1808	855.42596	602.7685	399.14627	1393.1296	-975.7708	101.27693	213.01971	2148.1118	-1.8017757	58.929955	505.6515	461.1386	2553.919	-1.885821	331.8649	228000
58	-631.56335	852.3909	605.2539	397.1776	1393.1296	-975.7708	103.42467	216.79489	2148.1118	-1.8017757	59.76301	508.5098	459.715	2553.919	-1.885821	331.90518	232000
59	-634.08276	849.2802	607.87476	395.43848	1393.1296	-975.7708	104.37929	218.07823	2148.1118	-1.8017757	60.66838	514.8908	459.05154	2553.919	-1.885821	341.3068	236000
60	-636.3065	846.0381	610.22906	393.7358	1393.1296	-975.7708	105.3021	218.89842	2148.1118	-1.8017757	61.522686	518.14136	457.9564	2553.919	-1.885821	342.85333	240000
61	-638.3057	842.806	612.32196	392.03345	1393.1296	-975.7708	106.01961	219.52538	2148.1118	-1.8017757	62.276672	525.4547	457.70633	2553.919	-1.885821	353.62622	244000
62	-641.19543	840.329	615.2565	390.92493	1393.1296	-975.7708	107.053116	221.8337	2148.1118	-1.8017757	63.233044	521.2839	455.16837	2553.919	-1.885821	350.17258	248000
63	-643.9385	838.27216	618.1151	389.82187	1393.1296	-975.7708	108.74683	224.86047	2148.1118	-1.8017757	64.02439	531.94116	462.58365	2553.919	-1.885821	357.3762	252000
64	-646.121	834.7966	620.41187	388.3944	1393.1296	-975.7708	110.145935	228.97897	2148.1118	-1.8017757	64.95813	525.1867	462.07623	2553.919	-1.885821	353.1844	256000
65	-648.0265	831.3411	622.43976	386.82358	1393.1296	-975.7708	111.62262	233.50117	2148.1118	-1.8017757	65.88951	541.8318	479.51584	2553.919	-1.885821	362.11386	260000
66	-649.6837	827.258	624.21893	385.17838	1393.1296	-975.7708	113.391335	239.79105	2205.887	-1.8017757	66.81853	548.4464	479.48886	2553.919	-1.885821	368.20456	264000
67	-650.9615	822.8191	625.6352	383.37115	1393.1296	-975.7708	114.70635	242.5972	2205.887	-1.8017757	67.72807	554.926	478.79968	2553.919	-1.885821	377.63434	268000
68	-651.8104	817.4588	626.6381	381.4294	1393.1296	-975.7708	116.05821	245.9213	2205.887	-1.8017757	68.6522	576.9932	508.43542	2553.919	-1.885821	386.78677	272000
69	-652.3676	811.663	627.3505	379.4421	1393.1296	-975.7708	118.03301	253.5507	2207.6377	-1.8017757	69.59153	596.49664	529.74585	2553.919	-1.885821	395.67392	276000
70	-652.69556	805.84796	627.836	377.45038	1393.1296	-975.7708	119.99531	260.32858	2207.6377	-1.8017757	70.51121	611.8015	544.9904	2553.919	-1.885821	401.88715	280000
71	-652.95825	800.44995	628.2448	375.49716	1393.1296	-975.7708	121.95806	267.30777	2207.6377	-1.8017757	71.42857	607.50775	542.3475	2553.919	-1.885821	398.1704	284000
72	-653.0612	794.9329	628.5097	373.58044	1393.1296	-975.7708	123.88885	271.75433	2207.6377	-1.8017757	72.252884	613.32623	546.122	2553.919	-1.885821	398.89722	288000
73	-653.0058	789.1632	628.6108	371.66354	1393.1296	-975.7708	125.60742	275.4457	2207.6377	-1.8017757	73.054794	622.6061	549.11035	2553.919	-1.885821	401.79865	292000
74	-652.74054	783.3071	628.5044	369.7251	1393.1296	-975.7708	127.76879	281.64423	2351.9075	-1.8017757	73.92607	634.6907	560.8278	2553.919	-1.885821	404.50134	296000
75	-652.4293	777.4308	628.3457	367.83865	1393.1296	-975.7708	129.67886	285.97278	2351.9075	-1.8017757	74.77567	644.3606	568.0143	2553.919	-1.885821	407.08133	300000
76	-652.05725	771.72955	628.12195	365.9513	1393.1296	-1346.617	131.78403	292.03757	2404.8643	-1.8017757	75.62189	651.56836	571.3651	2553.919	-1.885821	408.39212	304000
77	-651.5498	766.15845	627.77527	364.08502	1393.1296	-1346.617	134.04906	300.42267	2437.4316	-1.8017757	76.521736	672.6592	596.6834	2553.919	-1.885821	416.07532	308000
78	-650.9207	760.46014	627.3041	362.22137	1393.1296	-1346.617	135.80122	304.3999	2437.4316	-1.8017757	77.36176	676.64404	593.8765	2553.919	-1.885821	423.56152	312000
79	-650.28705	754.85724	626.8134	360.3908	1393.1296	-1346.617	136.6213	305.16638	2437.4316	-1.8017757	78.21782	680.4252	591.0499	2553.919	-1.885821	430.85822	316000
80	-649.91437	749.6945	626.5644	358.6224	1393.1296	-1346.617	137.15579	305.37442	2437.4316	-1.8017757	78.99284	674.1291	590.0042	2553.919	-1.885821	428.05624	320000
81	-649.49506	744.6771	626.2899	356.88635	1393.1296	-1346.617	138.08273	306.08615	2437.4316	-1.8017757	79.802956	668.1713	588.7716	2553.919	-1.885821	423.9173	324000
82	-648.92487	739.33203	625.863	355.14688	1393.1296	-1346.617	140.1612	309.71005	2437.4316	-1.8017757	80.51055	681.5137	603.0453	2823.42	-1.885821	427.25977	328000
83	-648.15	734.0854	625.23553	353.44104	1393.1296	-1346.617	141.7235	312.73578	2488.6912	-1.8017757	81.17359	676.7581	600.9545	2823.42	-1.885821	423.73013	332000
84	-647.64105	729.68054	624.832	351.84323	1393.1296	-1346.617	142.86739	312.53424	2488.6912	-1.8017757	81.71206	680.52203	598.3501	2823.42	-1.885821	430.59048	336000
85	-648.128	727.15594	625.3931	350.58432	1393.1296	-1346.617	143.65411	311.98102	2488.6912	-1.8017757	82.18516	674.909	597.049	2823.42	-1.885821	426.90353	340000
86	-649.0391	724.81885	626.3963	349.57513	1393.1296	-1346.617	144.86667	311.6325	2488.6912	-1.8017757	82.59304	672.6856	594.28796	2823.42	-1.885821	424.35815	344000
87	-650.44965	723.641	627.85956	348.86948	1393.1296	-1346.617	146.20923	311.95987	2488.6912	-1.8017757	83.07472	672.21466	590.9783	2823.42	-1.885821	422.3506	348000
88	-652.2945	722.9155	629.7575	348.44492	1393.1296	-1346.617	147.79256	313.83267	2488.6912	-1.8017757	83.82948	669.8332	588.6148	2823.42	-1.885821	421.57047	352000
89	-654.14215	721.9938	631.6783	348.02386	1393.1296	-1346.617	148.67853	314.81436	2488.6912	-1.8017757	84.68126	675.8548	588.0625	2823.42	-1.885821	428.06967	356000
90	-655.6149	720.39166	633.24243	347.3331	1393.1296	-1346.617	149.8918	316.92905	2488.6912	-1.8017757	85.531006	680.9906	589.074	2823.42	-1.885821	430.73444	360000
91	-656.71515	718.2011	634.4379	346.43024	1393.1296	-1346.617	151.16484	319.0998	2488.6912	-1.8017757	86.358246	689.4624	592.8956	2823.42	-1.885821	435.23846	364000
92	-657.4232	715.3154	635.2548	345.3636	1393.1296	-1346.617	152.67973	322.08704	2488.6912	-1.8017757	87.20379	700.1266	598.3964	2823.42	-1.885821	441.37717	368000
93	-657.7742	711.9464	635.7159	344.16537	1393.1296	-1346.617	153.94441	324.41708	2488.6912	-1.8017757	88.00568	694.69904	599.1389	2823.42	-1.885821	438.44623	372000
94	-657.76917	708.2333	635.8309	342.87268	1393.1296	-1346.617	155.31384	327.52344	2488.6912	-1.8017757	88.86788	705.0124	607.69165	2823.42	-1.885821	441.86807	376000
95	-657.55145	704.3198	635.72943	341.5524	1393.1296	-1346.617	157.32953	333.4569	2488.6912	-1.8017757	89.70727	718.17456	618.5789	2823.42	-1.885821	447.14737	380000
96	-657.15405	700.2224	635.45233	340.2255	1393.1296	-1346.617	158.90878	336.95807	2488.6912	-1.8017757	90.48068	730.10925	631.4661	2823.42	-1.885821	450.69687	384000
97	-656.57196	696.0877	634.9927	338.8964	1393.1296	-1346.617	160.9712	341.9144	2497.2012	-1.8017757	91.29412	733.52704	637.2359	2864.4993	-1.885821	450.5866	388000
98	-655.85736	691.8245	634.3942	337.5872	1393.1296	-1346.617	161.61972	343.6632	2497.2012	-1.8017757	91.7603	735.9679	634.432	2864.4993	-1.885821	456.19287	392000
99	-655.15594	687.8334	633.80115	336.31137	1393.1296	-1346.617	162.15192	344.08655	2497.2012	-1.8017757	92.501755	729.23364	634.7312	2864.4993	-1.885821	452.57373	396000
100	-654.37946	683.79114	633.1398	335.0513	1393.1296	-1346.617	162.91628	344.83377	2497.2012	-1.8017757	93.34889	731.2706	633.4336	2864.4993	-1.885821	453.843	400000
101	-653.46606	679.70905	632.3459	333.82034	1393.1296	-1346.617	164.71016	350.19788	2658.7068	-1.8017757	94.19445	727.1421	631.64185	2864.4993	-1.885821	451.0277	404000
102	-652.608	675.7602	631.5875	332.59317	1393.1296	-1346.617	165.65637	350.12344	2658.7068	-1.8017757	94.5758	729.5951	633.76416	2864.4993	-1.885821	451.25098	408000
103	-652.0121	672.27246	631.0852	331.36716	1393.1296	-1346.617	166.49318	351.1257	2658.7068	-1.8017757	95.194084	732.6692	631.4683	2864.4993	-1.885821	456.10388	412000
104	-651.5511	668.91925	630.7269	330.16388	1393.1296	-1346.617	167.35086	351.86127	2658.7068	-1.8017757	96.007385	735.51245	629.0873	2864.4993	-1.885821	461.33365	416000
105	-650.99554	665.39014	630.27924	328.96463	1393.1296	-1346.617	168.2257	352.77502	2658.7068	-1.8017757	96.81881	738.07544	626.62976	2864.4993	-1.885821	466.4638	420000
106	-650.2495	661.686	629.64526	327.76797	1393.1296	-1346.617	168.98369	353.39117	2658.7068	-1.8017757	97.628365	740.5165	624.1684	2864.4993	-1.885821	471.49716	424000
107	-649.3164	657.6978	628.82684	326.6068	1393.1296	-1346.617	169.74893	354.1274	2658.7068	-1.8017757	98.45871	743.0056	621.7732	2864.4993	-1.885821	476.43646	428000
108	-648.1756	653.5755	627.8069	325.4979	1393.1296	-1346.617	170.56357	354.99286	2658.7068	-1.8017757	99.28752	739.7841	619.80237	2864.4993	-1.885821	473.4648	432000
109	-646.89417	649.5566	626.6383	324.45343	1393.1296	-1346.617	172.30785	356.76202	2658.7068	-1.8017757	99.86257	743.28265	621.11847	2864.4993	-1.885821	473.61652	436000
110	-645.6366	645.58923	625.49304	323.4237	1393.1296	-1346.617	173.95723	360.66815	2658.7068	-1.8017757	100.64044	744.7827	622.46265	2864.4993	-1.885821	473.0782	440000
111	-644.3457	641.5104	624.3151	322.41217	1393.1296	-1346.617	175.54245	363.69452	2658.7068	-1.8017757	101.39301	746.46484	621.5672	2864.4993	-1.885821	472.31622	444000
112	-642.9913	637.45856	623.07666	321.4401	1393.1296	-1346.617	176.88022	364.6816	2658.7068	-1.8017757	101.957214	750.72253	622.5812	2864.4993	-1.885821	473.09106	448000
113	-641.5601	633.3923	621.7602	320.50446	1393.1296	-1346.617	178.43596	366.23138	2658.7068	-1.8017757	102.58738	761.4137	631.0486	2864.4993	-1.885821	476.43893	452000
114	-640.0732	629.35803	620.38696	319.61218	1393.1296	-1346.617	180.281	370.3444	2658.7068	-1.8017757	103.37792	766.7309	633.23254	2864.4993	-1.885821	478.24475	456000
115	-638.5357	625.36676	618.9635	318.75143	1393.1296	-1346.617	181.79129	373.5871	2658.7068	-1.8017757	104.166664	770.5512	632.7557	2864.4993	-1.885821	480.09216	460000
116	-636.9354	621.3489	617.4772	317.9344	1393.1296	-1346.617	183.28738	376.7513	2658.7068	-1.8017757	104.97738	771.2024	631.6868	2864.4993	-1.885821	479.27155	464000
117	-635.29926	617.44214	615.9534	317.14786	1393.1296	-1346.617	184.81833	379.19772	2658.7068	-1.8017757	105.64334	774.74915	631.4193	2864.4993	-1.885821	478.8094	468000
118	-633.69934	614.2115	614.45123	316.38443	1393.1296	-1346.617	185.70328	379.2999	2658.7068	-1.8017757	105.99596	769.71936	631.4935	2864.4993	-1.885821	476.45255	472000
119	-633.155	612.89404	613.8984	315.55832	1394.4852	-1346.617	183.22797	377.09482	2658.7068	-1.8017757	105.21662	771.4336	629.1102	2864.4993	-1.885821	480.8521	476000
120	-634.38983	614.3102	615.1249	315.3798	1528.967	-1346.617	183.87129	377.29428	2658.7068	-1.8017757	105.86678	767.1396	628.23486	2864.4993	-1.885821	477.82083	480000
121	-636.38824	615.72406	617.1336	315.87766	1528.967	-1346.617	184.73685	376.66116	2658.7068	-1.8017757	106.21023	766.192	625.9167	2864.4993	-1.885821	476.1661	484000
122	-638.5148	617.23987	619.2846	316.51797	1528.967	-1346.617	185.94489	378.3652	2658.7068	-1.8017757	106.92375	768.33136	623.7902	2864.4993	-1.885821	480.45984	488000
123	-640.62164	618.416	621.41974	317.03656	1528.967	-1346.617	186.68835	379.0324	2658.7068	-1.8017757	107.70578	770.5869	621.7487	2864.4993	-1.885821	484.68375	492000
124	-642.4732	618.76746	623.3192	317.2751	1528.967	-1346.617	187.7147	380.26367	2658.7068	-1.8017757	108.462715	778.24896	625.0781	2864.4993	-1.885821	488.75644	496000
125	-643.90607	618.1512	624.8111	317.13956	1528.967	-1346.617	189.21675	382.57147	2658.7068	-1.8017757	109.194145	788.4619	632.8767	2864.4993	-1.885821	492.8464	500000
126	-644.93243	617.3993	625.9027	316.70047	1528.967	-1346.617	190.33914	383.73553	2658.7068	-1.8017757	109.78001	789.0327	632.06903	2864.4993	-1.885821	493.00714	504000
127	-645.5671	616.0622	626.6109	316.04034	1528.967	-1346.617	191.5393	385.17422	2658.7068	-1.8017757	110.45879	790.9148	632.02576	2864.4993	-1.885821	492.75433	508000
128	-645.9926	614.5938	627.10046	315.29034	1528.967	-1346.617	193.28601	388.9763	2658.7068	-1.8017757	111.183495	801.5783	643.3839	2864.4993	-1.885821	496.02814	512000
129	-646.32495	612.96716	627.4998	314.51614	1528.967	-1346.617	194.90947	392.62012	2658.7068	-1.8017757	111.88205	805.0617	644.40186	2864.4993	-1.885821	496.94495	516000
130	-646.48816	610.9382	627.73505	313.69733	1528.967	-1346.617	196.37213	394.84048	2658.7068	-1.8017757	112.554115	811.7776	647.9672	2864.4993	-1.885821	498.2923	520000
131	-646.4401	608.85333	627.7649	312.83847	1528.967	-1346.617	197.76271	397.28366	2658.7068	-1.8017757	113.24832	811.3122	646.56305	2864.4993	-1.885821	500.0038	524000
132	-646.2215	606.507	627.6238	311.95352	1528.967	-1346.617	198.55203	397.6982	2658.7068	-1.8017757	113.915855	815.1243	648.4124	2864.4993	-1.885821	500.97424	528000
133	-645.8148	604.05774	627.2985	311.0621	1528.967	-1346.617	200.35582	400.03207	2658.7068	-1.8017757	114.48246	812.944	647.2562	2864.4993	-1.885821	498.77292	532000
134	-645.2132	601.4609	626.7814	310.19888	1528.967	-1346.617	202.16675	403.27805	2798.2188	-1.8017757	115.09556	809.3575	646.4015	2864.4993	-1.885821	496.25	536000
135	-644.4646	598.7731	626.11597	309.366	1528.967	-1346.617	203.67635	405.6702	2798.2188	-1.8017757	115.805275	816.7439	649.6742	2864.4993	-1.885821	499.8563	540000
136	-643.61237	596.01416	625.348	308.55908	1528.967	-1346.617	204.58801	406.19113	2798.2188	-1.8017757	116.28901	812.8298	648.8856	2864.4993	-1.885821	497.24557	544000
137	-642.6399	593.2047	624.46204	307.78268	1528.967	-1346.617	205.57094	406.53867	2798.2188	-1.8017757	116.59574	809.74963	647.88916	2864.4993	-1.885821	494.96497	548000
138	-641.541	590.3329	623.44934	307.06146	1528.967	-1346.617	207.34329	408.30942	2798.2188	-1.8017757	117.147705	810.1742	645.69415	2864.4993	-1.885821	493.5145	552000
139	-640.3928	587.47034	622.3847	306.36557	1528.967	-1346.617	209.0045	409.6361	2798.2188	-1.8017757	117.62217	817.11584	651.76074	2895.236	-1.885821	494.4662	556000
140	-639.19775	584.55975	621.27466	305.69705	1528.967	-1346.617	211.08734	414.4891	2798.2188	-1.8017757	118.2932	819.0745	650.6337	2895.236	-1.885821	493.54285	560000
141	-637.94995	581.71765	620.1094	305.06375	1528.967	-1346.617	213.11642	418.18585	2870.3123	-1.8017757	118.88702	830.0366	664.062	2895.236	-1.885821	496.4858	564000
142	-636.6784	578.9262	618.9193	304.4515	1528.967	-1346.617	214.75528	422.23074	2877.402	-1.8017757	119.604126	831.1248	661.84576	2895.236	-1.885821	500.03168	568000
143	-635.4164	576.0558	617.74054	303.84042	1528.967	-1346.617	216.62915	426.29123	2877.402	-1.8017757	120.294426	844.1557	677.56586	2895.236	-1.885821	503.52798	572000
144	-634.084	573.14166	616.4927	303.26907	1528.967	-1346.617	218.68365	431.96933	2877.402	-1.8017757	121.03383	857.3073	693.3139	2895.236	-1.885821	506.8611	576000
145	-632.68445	570.1471	615.1789	302.74222	1528.967	-1346.617	220.78548	437.9644	2913.377	-1.8017757	121.74643	871.4933	711.5821	2932.4402	-1.885821	510.26205	580000
146	-631.2496	567.3005	613.8264	302.25583	1528.967	-1346.617	222.76265	441.00238	2913.377	-1.8017757	122.329285	866.11664	712.09033	2932.4402	-1.885821	507.26987	584000
147	-630.0117	564.8057	612.64716	301.7171	1528.967	-1346.617	220.99562	438.84448	2913.377	-1.8017757	121.73913	860.8765	712.7652	2932.4402	-1.885821	504.34625	588000
148	-629.25226	562.7754	611.9401	301.03915	1528.967	-1346.617	221.40417	438.83267	2913.377	-1.8017757	122.06186	867.667	715.10974	2932.4402	-1.885821	507.69528	592000
149	-628.67755	560.7718	611.42957	300.3071	1528.967	-1346.617	222.91408	440.9971	2913.377	-1.8017757	122.734764	878.54193	724.8817	2932.4402	-1.885821	510.99933	596000
150	-628.09814	558.68665	610.9153	299.58563	1528.967	-1346.617	224.99013	446.72232	2913.377	-1.8017757	123.45679	884.0853	728.42926	2932.4402	-1.885821	511.73267	600000
151	-627.53766	556.6024	610.4193	298.86334	1528.967	-1346.617	226.89185	450.79163	2913.377	-1.8017757	124.07559	880.6008	727.2668	2932.4402	-1.885821	509.36224	604000
152	-626.91907	554.37805	609.8707	298.1408	1528.967	-1346.617	228.96735	456.2265	2913.377	-1.8017757	124.769135	879.6926	726.8257	2932.4402	-1.885821	507.94803	608000
153	-626.2039	552.22595	609.2268	297.44293	1528.967	-1346.617	230.25026	456.9145	2913.377	-1.8017757	125.2302	881.3348	725.8068	2932.4402	-1.885821	507.28693	612000
154	-625.38837	549.96954	608.48303	296.77148	1528.967	-1346.617	232.24075	459.81677	2920.9182	-1.8017757	125.81699	887.11633	728.1489	3151.8743	-1.885821	507.50974	616000
155	-624.4783	547.5921	607.6445	296.1393	1528.967	-1346.617	234.237	463.3891	2920.9182	-1.8017757	126.42741	892.9646	731.8585	3151.8743	-1.885821	508.58838	620000
156	-623.51166	545.2068	606.7489	295.53326	1528.967	-1346.617	236.18845	467.7846	2920.9182	-1.8017757	127.08758	893.4424	731.08527	3151.8743	-1.885821	507.5763	624000
157	-622.4986	542.8388	605.8076	294.9521	1528.967	-1346.617	237.9851	470.48846	2920.9182	-1.8017757	127.66823	892.02057	729.80383	3151.8743	-1.885821	505.92993	628000
158	-621.40594	540.4055	604.7884	294.40982	1528.967	-1346.617	239.67487	472.66904	2920.9182	-1.8017757	128.24675	902.7516	739.81793	3151.8743	-1.885821	509.05698	632000
159	-620.2348	537.9336	603.693	293.9095	1528.967	-1346.617	241.57787	476.67706	2920.9182	-1.8017757	128.87538	901.26337	738.36414	3151.8743	-1.885821	507.36227	636000
160	-618.9953	535.43036	602.527	293.4553	1528.967	-1346.617	243.50119	480.60733	2960.0212	-1.8017757	129.44984	901.7453	739.8152	3151.8743	-1.885821	506.35437	640000
161	-617.7325	532.9208	601.33606	293.01883	1528.967	-1346.617	245.5222	484.02356	2960.0212	-1.8017757	130.0222	914.5562	755.3135	3181.283	-1.885821	509.1969	644000
162	-616.49445	530.47815	600.16565	292.57666	1528.967	-1346.617	247.72107	487.50412	2960.0212	-1.8017757	130.64516	914.5719	753.0254	3181.283	-1.885821	507.75616	648000
163	-615.30853	528.01733	599.04584	292.11697	1528.967	-1346.617	249.61034	490.06918	2960.0212	-1.8017757	131.16074	915.0198	751.07117	3181.283	-1.885821	506.7859	652000
164	-614.1092	525.5728	597.91675	291.67563	1528.967	-1346.617	250.61597	490.91464	2960.0212	-1.8017757	131.77983	919.6571	751.3698	3181.283	-1.885821	507.47012	656000
165	-612.85516	523.1736	596.7341	291.27548	1528.967	-1346.617	252.11739	491.6621	2960.0212	-1.8017757	132.26453	917.7673	749.59845	3181.283	-1.885821	505.58606	660000
166	-611.56024	520.7529	595.5103	290.90503	1528.967	-1346.617	253.54362	491.75436	2960.0212	-1.8017757	132.56139	919.0892	747.6578	3181.283	-1.885821	504.5801	664000
167	-610.2585	518.2933	594.278	290.5476	1528.967	-1346.617	255.60356	493.95087	2960.0212	-1.8017757	133.09424	929.99536	760.7252	3240.6653	-1.885821	506.5916	668000
168	-608.9742	515.9122	593.0611	290.18918	1528.967	-1346.617	257.59885	497.67276	3002.4714	-1.8017757	133.70474	937.86414	766.9714	3240.6653	-1.885821	507.84702	672000
169	-607.73346	513.5653	591.8846	289.8158	1528.967	-1346.617	259.73825	502.31403	3002.4714	-1.8017757	134.36693	942.28394	767.9362	3240.6653	-1.885821	507.8988	676000
170	-606.5617	511.24347	590.776	289.40927	1528.967	-1346.617	261.4936	503.94522	3002.4714	-1.8017757	134.86711	946.498	768.66876	3240.6653	-1.885821	508.63	680000
171	-605.3903	508.92218	589.67065	289.00803	1528.967	-1346.617	263.2325	506.17935	3002.4714	-1.8017757	135.41873	947.5588	766.91693	3240.6653	-1.885821	507.72104	684000
172	-604.18005	506.63388	588.5275	288.63367	1528.967	-1346.617	264.37424	506.25592	3002.4714	-1.8017757	135.86098	947.7231	764.69354	3240.6653	-1.885821	506.56918	688000
173	-602.9335	504.3399	587.3479	288.28867	1528.967	-1346.617	266.1538	507.0229	3002.4714	-1.8017757	136.27412	946.15594	762.7698	3240.6653	-1.885821	504.86877	692000
174	-601.6787	502.07718	586.15814	287.95853	1528.967	-1346.617	267.88916	507.32516	3002.4714	-1.8017757	136.65816	947.8233	760.9355	3240.6653	-1.885821	504.08447	696000
175	-600.4435	499.85892	584.98645	287.6277	1528.967	-1346.617	269.74933	508.34167	3002.4714	-1.8017757	137.09361	958.72986	773.5803	3246.4446	-1.885821	506.2817	700000
176	-599.2308	497.62903	583.8377	287.2888	1528.967	-1346.617	271.70544	510.2582	3002.4714	-1.8017757	137.60751	970.52795	787.223	3268.9585	-1.885821	508.946	704000
177	-598.0167	495.45016	582.68744	286.96094	1528.967	-1346.617	273.72818	513.8146	3002.4714	-1.8017757	138.17331	981.6422	798.7245	3268.9585	-1.885821	511.72034	708000
178	-596.81573	493.28094	581.5488	286.63138	1528.967	-1346.617	275.65433	516.2829	3002.4714	-1.8017757	138.68329	980.4406	796.69794	3268.9585	-1.885821	510.24664	712000
179	-595.64703	491.15967	580.4408	286.28967	1528.967	-1346.617	276.0851	516.207	3002.4714	-1.8017757	138.54489	992.1401	809.65967	3268.9585	-1.885821	512.98267	716000
180	-594.5289	489.0671	579.381	285.92514	1528.967	-1346.617	278.08035	519.0451	3002.4714	-1.8017757	139.07669	994.67004	810.913	3268.9585	-1.885821	512.8994	720000
181	-593.46747	487.03757	578.376	285.53464	1528.967	-1346.617	279.85312	521.3191	3002.4714	-1.8017757	139.63356	1002.65015	816.4364	3268.9585	-1.885821	515.24585	724000
182	-592.45294	485.03964	577.41797	285.12646	1528.967	-1346.617	281.48074	523.45026	3002.4714	-1.8017757	140.18872	1010.2832	821.04193	3268.9585	-1.885821	517.6698	728000
183	-591.4457	483.02017	576.4689	284.7153	1528.967	-1346.617	282.98965	525.9083	3002.4714	-1.8017757	140.79631	1009.17883	820.5058	3268.9585	-1.885821	516.82074	732000
184	-590.4011	480.9731	575.4834	284.32877	1528.967	-1346.617	283.9802	526.9151	3018.559	-1.8017757	141.23969	1007.70514	820.71893	3268.9585	-1.885821	515.69073	736000
185	-589.3329	479.02704	574.4711	283.9633	1528.967	-1346.617	284.57626	526.44885	3018.559	-1.8017757	141.32925	1005.9123	819.26324	3268.9585	-1.885821	514.02106	740000
186	-588.56396	477.36115	573.733	283.50656	1528.967	-1346.617	286.10245	526.5291	3018.559	-1.8017757	141.63335	1004.42163	817.31964	3268.9585	-1.885821	512.61346	744000
187	-588.08075	475.89902	573.2886	282.9808	1528.967	-1346.617	287.2336	526.48694	3018.559	-1.8017757	142.04329	1005.2081	815.5658	3268.9585	-1.885821	512.48505	748000
188	-587.6381	474.40527	572.8918	282.43967	1528.967	-1346.617	288.4293	527.3098	3018.559	-1.8017757	142.58627	1005.08307	813.8678	3268.9585	-1.885821	512.0468	752000
189	-587.1036	472.79706	572.40857	281.91187	1528.967	-1346.617	289.26346	527.6975	3018.559	-1.8017757	143.15471	1005.2007	811.7134	3268.9585	-1.885821	514.6286	756000
190	-586.4612	471.1193	571.8197	281.39932	1528.967	-1346.617	290.3971	528.75604	3018.559	-1.8017757	143.74883	1005.03235	810.26794	3268.9585	-1.885821	514.4937	760000
191	-585.70404	469.3984	571.1177	280.92557	1528.967	-1346.617	291.4215	529.732	3018.559	-1.8017757	144.34158	1002.6176	809.26013	3268.9585	-1.885821	513.5429	764000
192	-584.861	467.5979	570.329	280.48874	1528.967	-1346.617	292.35104	530.3077	3018.559	-1.8017757	144.851	999.23157	808.546	3268.9585	-1.885821	512.00836	768000
193	-583.96313	465.8301	569.48505	280.0841	1528.967	-1346.617	294.1899	533.8406	3058.8914	-1.8017757	145.46825	1000.44446	807.48816	3268.9585	-1.885821	511.32382	772000
194	-583.04083	464.03558	568.6151	279.69965	1528.967	-1346.617	296.10855	536.49414	3212.4045	-1.8017757	145.94696	1008.21814	815.2332	3398.1367	-1.885821	512.52576	776000
195	-582.15436	462.25308	567.77783	279.30637	1528.967	-1346.617	298.08627	538.1915	3212.4045	-1.8017757	146.42387	1018.9509	826.7701	3398.1367	-1.885821	515.02563	780000
196	-581.30084	460.51468	566.9747	278.89838	1528.967	-1346.617	300.06644	541.65155	3212.4045	-1.8017757	147.00919	1022.14514	826.85846	3398.1367	-1.885821	514.877	784000
197	-580.4288	458.76834	566.1534	278.50146	1528.967	-1346.617	301.5788	544.0941	3212.4045	-1.8017757	147.59319	1023.6456	825.3882	3398.1367	-1.885821	515.05835	788000
198	-579.56903	457.05817	565.34216	278.10574	1528.967	-1346.617	303.2023	546.5016	3212.4045	-1.8017757	148.12044	1029.7441	830.71405	3398.1367	-1.885821	515.90656	792000
199	-578.72266	455.34137	564.54553	277.706	1528.967	-1346.617	305.09473	548.3993	3212.4045	-1.8017757	148.53517	1030.7356	828.80505	3398.1367	-1.885821	515.0849	796000
200	-577.84375	453.6073	563.7171	277.3272	1528.967	-1346.617	306.96402	550.066	3212.4045	-1.8017757	149.00354	1033.7592	828.5137	3398.1367	-1.885821	515.1205	800000
201	-576.9393	451.90427	562.86346	276.96866	1528.967	-1346.617	308.86377	553.8075	3212.4045	-1.8017757	149.55357	1041.2131	833.8021	3398.1367	-1.885821	517.0169	804000
202	-576.0091	450.18768	561.9844	276.62946	1528.967	-1346.617	310.88315	557.57684	3212.4045	-1.8017757	150.13007	1044.4429	835.43866	3398.1367	-1.885821	517.15344	808000
203	-575.06573	448.47263	561.0911	276.3059	1528.967	-1346.617	312.84387	560.33203	3212.4045	-1.8017757	150.64935	1055.63	848.41064	3398.1367	-1.885821	519.53204	812000
204	-574.1451	446.75034	560.2179	275.97662	1528.967	-1346.617	314.89697	564.57983	3283.7434	-1.8017757	151.22313	1052.0973	850.28735	3398.1367	-1.885821	517.5554	816000
205	-573.2948	445.0849	559.41235	275.61426	1528.967	-1346.617	316.79434	568.47687	3283.7434	-1.8017757	151.82373	1060.8406	857.3592	3398.1367	-1.885821	519.90875	820000
206	-572.4724	443.43735	558.6377	275.23895	1528.967	-1346.617	318.64145	572.2338	3283.7434	-1.8017757	152.42323	1069.3578	863.929	3398.1367	-1.885821	522.2393	824000
207	-571.6022	441.80136	557.81696	274.89084	1528.967	-1346.617	320.5458	576.2956	3283.7434	-1.8017757	153.04991	1079.0071	872.91797	3398.1367	-1.885821	524.4831	828000
208	-570.69196	440.13153	556.95544	274.5706	1528.967	-1346.617	322.5389	579.56335	3283.7434	-1.8017757	153.61891	1078.4602	874.12506	3398.1367	-1.885821	523.5846	832000
209	-569.76733	438.49646	556.0794	274.26474	1528.967	-1346.617	324.32953	582.7711	3283.7434	-1.8017757	154.12979	1076.0236	874.4968	3398.1367	-1.885821	522.16266	836000
210	-568.8542	436.8794	555.2134	273.95883	1528.967	-1346.617	325.86972	585.5407	3283.7434	-1.8017757	154.69614	1083.289	879.2097	3398.1367	-1.885821	524.1738	840000
211	-567.9492	435.26285	554.35596	273.64914	1528.967	-1346.617	327.43976	588.28876	3283.7434	-1.8017757	155.2898	1090.954	884.13055	3398.1367	-1.885821	526.4289	844000
212	-567.0216	433.6318	553.4777	273.35367	1528.967	-1346.617	329.25793	591.9738	3283.7434	-1.8017757	155.88235	1088.5242	883.0335	3398.1367	-1.885821	524.80756	848000
213	-566.0616	431.98184	552.5664	273.08383	1528.967	-1346.617	330.71057	592.1448	3283.7434	-1.8017757	156.15836	1088.3335	881.6853	3398.1367	-1.885821	523.8361	852000
214	-565.1111	430.38452	551.66095	272.8185	1528.967	-1346.617	332.1201	592.1282	3283.7434	-1.8017757	156.40416	1087.682	879.8298	3398.1367	-1.885821	522.68317	856000
215	-564.23694	428.81604	550.829	272.51782	1528.967	-1346.617	333.72153	593.5527	3283.7434	-1.8017757	156.79124	1087.5702	878.0847	3398.1367	-1.885821	521.74695	860000
216	-563.43164	427.2771	550.0661	272.18164	1528.967	-1346.617	335.30768	595.5797	3283.7434	-1.8017757	157.31973	1090.8717	878.0512	3398.1367	-1.885821	522.98474	864000
217	-562.6462	425.7672	549.3244	271.83456	1528.967	-1346.617	336.60846	596.90314	3283.7434	-1.8017757	157.84688	1090.7644	876.0271	3398.1367	-1.885821	525.1829	868000
218	-561.8384	424.24866	548.5615	271.50153	1528.967	-1346.617	337.45593	597.98303	3283.7434	-1.8017757	158.34393	1088.6099	874.7101	3398.1367	-1.885821	525.3009	872000
219	-560.9963	422.7174	547.76514	271.19083	1528.967	-1346.617	337.80115	597.69775	3283.7434	-1.8017757	158.78195	1090.1162	873.96735	3398.1367	-1.885821	524.83014	876000
220	-560.1298	421.1907	546.9437	270.90146	1528.967	-1346.617	339.64673	600.3837	3283.7434	-1.8017757	159.30486	1094.4987	877.31915	3398.1367	-1.885821	525.4741	880000
221	-559.27496	419.66718	546.1318	270.61075	1528.967	-1346.617	341.52002	604.1927	3283.7434	-1.8017757	159.91316	1101.4828	881.8722	3398.1367	-1.885821	527.36334	884000
222	-558.4496	418.17737	545.3488	270.30743	1528.967	-1346.617	343.07565	605.9695	3283.7434	-1.8017757	160.37566	1101.6664	882.0573	3398.1367	-1.885821	526.74146	888000
223	-557.62646	416.7153	544.5691	270.0053	1528.967	-1346.617	344.78537	608.25037	3283.7434	-1.8017757	160.89465	1102.1438	880.1867	3398.1367	-1.885821	525.9022	892000
224	-556.7855	415.23416	543.77216	269.71683	1528.967	-1346.617	346.37747	610.6359	3283.7434	-1.8017757	161.32516	1100.933	879.6011	3398.1367	-1.885821	524.80493	896000
225	-555.94995	413.78555	542.9784	269.43332	1528.967	-1346.617	348.0387	611.82605	3283.7434	-1.8017757	161.75414	1100.5317	877.7871	3398.1367	-1.885821	523.7898	900000
226	-555.1606	412.34247	542.2287	269.12958	1528.967	-1346.617	349.77808	614.1783	3283.7434	-1.8017757	162.23978	1108.0122	883.0015	3398.1367	-1.885821	525.8969	904000
227	-554.405	410.9357	541.5139	268.80762	1528.967	-1346.617	351.62872	617.8331	3283.7434	-1.8017757	162.84074	1115.5967	888.40674	3398.1367	-1.885821	527.9855	908000
228	-553.6544	409.53418	540.8041	268.48624	1528.967	-1346.617	353.25113	620.7482	3283.7434	-1.8017757	163.41158	1115.9202	887.9016	3398.1367	-1.885821	527.43506	912000
229	-552.9677	408.22964	540.1497	268.14624	1528.967	-1346.617	354.25775	622.0937	3283.7434	-1.8017757	163.62987	1114.2098	886.7135	3398.1367	-1.885821	526.0939	916000
230	-552.36633	406.9865	539.58105	267.77924	1528.967	-1346.617	355.3501	621.95264	3283.7434	-1.8017757	163.90521	1109.8368	887.2561	3398.1367	-1.885821	524.18	920000
231	-551.8022	405.79916	539.05023	267.39984	1528.967	-1346.617	355.7129	621.71466	3283.7434	-1.8017757	164.29587	1109.4108	885.3572	3398.1367	-1.885821	526.2398	924000
232	-551.2302	404.56036	538.5155	267.0189	1528.967	-1346.617	356.16895	621.7293	3283.7434	-1.8017757	164.88983	1108.1107	883.9877	3398.1367	-1.885821	527.5	928000
233	-550.5962	403.27463	537.9207	266.66055	1528.967	-1346.617	355.60077	621.04456	3283.7434	-1.8017757	165.07262	1105.5134	883.31537	3398.1367	-1.885821	527.5764	932000
234	-549.9139	402.00745	537.27765	266.32632	1528.967	-1346.617	355.6734	620.76263	3283.7434	-1.8017757	165.51724	1102.1417	883.59406	3398.1367	-1.885821	526.21967	936000
235	-549.21295	400.73975	536.6142	266.00833	1528.967	-1346.617	356.69492	621.8629	3283.7434	-1.8017757	165.72638	1105.8365	884.9723	3398.1367	-1.885821	527.0762	940000
236	-548.53	399.45364	535.9682	265.686	1528.967	-1346.617	358.19547	624.1353	3283.7434	-1.8017757	166.22646	1104.7184	884.6308	3398.1367	-1.885821	526.24023	944000
237	-547.85535	398.19116	535.3296	265.36194	1528.967	-1346.617	358.97498	624.1877	3283.7434	-1.8017757	166.40337	1104.9608	884.1862	3398.1367	-1.885821	525.61053	948000
238	-547.18463	396.9627	534.6956	265.03662	1528.967	-1346.617	360.69754	627.1282	3283.7434	-1.8017757	166.87117	1104.0243	882.51355	3398.1367	-1.885821	524.4403	952000
239	-546.4964	395.69702	534.04456	264.72296	1528.967	-1346.617	362.11484	628.0478	3283.7434	-1.8017757	167.30836	1113.2538	892.10175	3398.1367	-1.885821	526.4301	956000
240	-545.8101	394.43906	533.3943	264.41583	1528.967	-1346.617	364.02197	631.0236	3283.7434	-1.8017757	167.80283	1121.5786	899.5016	3398.1367	-1.885821	528.3837	960000
241	-545.1597	393.18637	532.7788	264.09882	1528.967	-1346.617	365.6166	632.8121	3283.7434	-1.8017757	168.2961	1124.7621	900.3955	3398.1367	-1.885821	528.79376	964000
242	-544.5317	391.98404	532.18555	263.77155	1528.967	-1346.617	367.017	634.07117	3283.7434	-1.8017757	168.75871	1130.5488	903.6748	3398.1367	-1.885821	530.2847	968000
243	-543.9192	390.7764	531.6074	263.44003	1528.967	-1346.617	368.62167	636.678	3283.7434	-1.8017757	169.30849	1134.8538	905.71466	3398.1367	-1.885821	531.56134	972000
244	-543.31616	389.59067	531.0389	263.10718	1528.967	-1346.617	370.07892	638.6945	3283.7434	-1.8017757	169.85728	1136.083	904.60803	3398.1367	-1.885821	532.0697	976000
245	-542.6876	388.393	530.447	262.78656	1528.967	-1346.617	371.08182	639.4766	3283.7434	-1.8017757	170.3459	1135.6368	902.7869	3398.1367	-1.885821	533.9796	980000
246	-542.012	387.16464	529.80884	262.49054	1528.967	-1346.617	371.54202	639.49274	3283.7434	-1.8017757	170.92235	1134.3821	901.4832	3398.1367	-1.885821	534.8126	984000
247	-541.30554	385.93915	529.13947	262.21375	1528.967	-1346.617	372.36597	639.30994	3283.7434	-1.8017757	171.31958	1134.1929	899.69104	3398.1367	-1.885821	535.6239	988000
248	-540.5792	384.71866	528.45013	261.95438	1528.967	-1346.617	373.87744	639.8747	3283.7434	-1.8017757	171.65599	1137.113	899.6611	3398.1367	-1.885821	535.7645	992000
249	-539.8591	383.4888	527.7657	261.6983	1528.967	-1346.617	375.6114	642.27136	3283.7434	-1.8017757	172.13965	1144.9526	906.30237	3398.1367	-1.885821	537.6289	996000
250	-539.1506	382.28317	527.093	261.43884	1528.967	-1346.617	377.2118	643.5472	3283.7434	-1.8017757	172.56256	1148.2559	907.2799	3398.1367	-1.885821	537.8216	1000000
