epoch	pi-loss	q-loss	average-q-values	std-q-values	max-q-values	min-q-values	average-episode-return	std-episode-return	max-episode-return	min-episode-return	episode-length	average-test-episode-return	std-test-episode-return	max-test-episode-return	min-test-episode-return	test-episode-length	total-env-interacts
1	-4.255734	0.2954323	3.261903	3.1841755	18.865576	-4.4474106	-246.61934	38.536236	-204.94473	-304.2841	1000.0	-424.6219	209.52075	37.291748	-608.6343	1000.0	4000
2	-21.429485	1.4230176	19.44727	17.61884	75.50056	-4.4474106	-271.25076	146.98628	-3.8403375	-505.96472	1000.0	-487.4144	176.08856	37.291748	-649.2254	1000.0	8000
3	-33.8184	2.0338948	32.03871	23.040743	91.075905	-4.4474106	-355.1987	176.61186	-3.8403375	-661.8667	1000.0	-486.34982	146.23842	37.291748	-649.2254	1000.0	12000
4	-40.418434	2.2498455	38.802975	24.911127	142.06818	-4.4474106	-335.62488	167.85423	-3.8403375	-661.8667	1000.0	-382.65717	240.40512	309.97955	-649.2254	1000.0	16000
5	-45.63113	2.3657522	44.1491	27.097275	142.91125	-4.4474106	-250.60928	231.82846	218.74248	-661.8667	1000.0	-241.08563	357.13107	416.19455	-649.2254	1000.0	20000
6	-50.209446	2.3951457	48.810078	28.723837	142.91125	-4.4474106	-98.70074	407.52777	984.4569	-661.8667	1000.0	-79.522964	516.01483	1371.7577	-649.2254	1000.0	24000
7	-55.03189	2.5109725	53.65743	30.865286	153.49934	-4.4474106	94.76179	638.4646	1661.5779	-661.8667	1000.0	168.56711	795.99097	2007.4028	-649.2254	1000.0	28000
8	-60.45806	2.7652147	59.087273	34.44051	180.39865	-4.4474106	301.95898	827.2325	2081.739	-661.8667	1000.0	400.86816	973.48505	2420.9265	-649.2254	1000.0	32000
9	-66.90408	3.1149595	65.51878	39.960205	209.9077	-4.4474106	507.06604	980.4405	2600.0344	-661.8667	1000.0	628.82904	1122.8569	2677.7664	-649.2254	1000.0	36000
10	-74.37885	3.499705	72.97211	47.004307	236.66656	-4.4474106	702.46375	1100.0967	2615.14	-661.8667	1000.0	841.31604	1242.031	2940.251	-649.2254	1000.0	40000
11	-82.64974	3.8775995	81.22207	54.786495	262.5304	-4.4474106	876.1576	1184.497	2738.5076	-661.8667	1000.0	1036.6211	1336.1318	3190.423	-649.2254	1000.0	44000
12	-91.42618	4.2597156	89.98138	62.723133	289.01147	-4.4474106	1030.5775	1244.5951	2807.381	-661.8667	1000.0	1191.87	1384.6427	3319.126	-649.2254	1000.0	48000
13	-100.52924	4.644832	99.0651	70.569084	316.7747	-4.4474106	1183.4631	1307.8777	3077.6392	-661.8667	1000.0	1341.2404	1435.5568	3602.284	-649.2254	1000.0	52000
14	-109.90863	5.0443187	108.423676	78.3047	347.12302	-4.4474106	1340.4648	1381.8729	3550.1477	-661.8667	1000.0	1483.9741	1477.0621	3696.7383	-649.2254	1000.0	56000
15	-119.5107	5.466894	117.99969	86.00546	385.85828	-4.4474106	1490.6345	1449.5258	3929.4202	-661.8667	1000.0	1601.087	1520.9142	4373.113	-649.2254	1000.0	60000
16	-129.33244	6.0092564	127.79137	93.8443	424.39267	-4.4474106	1575.9532	1466.6362	4035.2449	-661.8667	1000.0	1763.0543	1602.5323	4663.1953	-649.2254	1000.0	64000
17	-139.29265	6.6897163	137.71638	101.87682	462.12686	-4.4474106	1723.5399	1541.0818	4272.7803	-661.8667	1000.0	1906.0448	1658.1433	4818.704	-649.2254	1000.0	68000
18	-149.5939	7.4717917	147.97757	110.31572	524.9587	-4.4474106	1868.5912	1614.9135	4737.541	-661.8667	1000.0	2052.3123	1745.9075	5611.3955	-649.2254	1000.0	72000
19	-160.24194	8.371738	158.58282	119.1316	571.51935	-4.4474106	2004.0225	1680.6277	4975.6157	-661.8667	1000.0	2218.9458	1841.8524	5716.9663	-649.2254	1000.0	76000
20	-171.20757	9.4085045	169.50116	128.29562	637.21484	-4.4474106	2164.2769	1781.1576	5347.343	-661.8667	1000.0	2379.7502	1927.5773	5716.9663	-649.2254	1000.0	80000
21	-182.56662	10.495609	180.8121	137.86829	676.2334	-4.4474106	2318.896	1872.1505	5922.5674	-661.8667	1000.0	2543.7349	2019.3542	6067.8706	-649.2254	1000.0	84000
22	-194.2856	11.602197	192.47784	147.73102	716.6155	-4.4474106	2461.1782	1942.0686	5922.5674	-661.8667	1000.0	2685.7136	2080.3086	6281.05	-649.2254	1000.0	88000
23	-206.348	12.739215	204.48798	157.75128	768.73956	-4.4474106	2594.973	2000.6604	5922.5674	-661.8667	1000.0	2821.444	2132.4675	6281.05	-649.2254	1000.0	92000
24	-218.64682	13.893398	216.73267	167.74915	793.8009	-4.4474106	2708.0808	2034.0651	5922.5674	-661.8667	1000.0	2946.4907	2172.2354	6281.05	-649.2254	1000.0	96000
25	-231.12766	15.032037	229.15755	177.59245	844.3126	-4.4474106	2830.1553	2080.9028	5948.12	-661.8667	1000.0	3071.624	2215.2202	6397.694	-649.2254	1000.0	100000
26	-243.7393	16.072456	241.71527	187.18814	883.9217	-4.4474106	2935.3127	2107.267	5948.12	-661.8667	1000.0	3184.48	2244.3706	6397.694	-649.2254	1000.0	104000
27	-256.3203	17.036163	254.2464	196.25984	975.3251	-4.4474106	3041.074	2137.2651	5948.12	-661.8667	1000.0	3290.3638	2267.8923	6397.694	-649.2254	1000.0	108000
28	-268.7603	17.894604	266.64145	204.66742	1002.0666	-4.4474106	3140.7532	2161.9133	6084.6987	-661.8667	1000.0	3390.0872	2286.6582	6397.694	-649.2254	1000.0	112000
29	-281.01053	18.7564	278.84592	212.37009	1229.5242	-4.4474106	3236.8047	2184.3413	6084.6987	-661.8667	1000.0	3484.4238	2301.7793	6397.694	-649.2254	1000.0	116000
30	-293.03183	19.629333	290.8231	219.39352	1527.0431	-4.4474106	3318.8157	2192.749	6084.6987	-661.8667	1000.0	3566.1016	2305.5608	6397.694	-649.2254	1000.0	120000
31	-304.82327	20.689081	302.57184	225.86986	1880.6879	-4.4474106	3399.7307	2202.1643	6084.6987	-661.8667	1000.0	3646.04	2310.018	6397.694	-649.2254	1000.0	124000
32	-316.37283	21.992243	314.07764	231.98892	2212.3696	-4.4474106	3471.208	2203.802	6084.6987	-661.8667	1000.0	3716.3723	2307.4385	6397.694	-649.2254	1000.0	128000
33	-327.7582	23.88256	325.40982	238.23495	2845.1882	-4.4474106	3533.3674	2199.3022	6084.6987	-661.8667	1000.0	3692.754	2333.0513	6397.694	-694.69135	1000.0	132000
34	-342.31708	33.520756	339.5882	257.1759	5166.932	-4.4474106	3408.883	2281.8318	6084.6987	-891.2968	1000.0	3552.4507	2435.9358	6397.694	-1466.4506	1000.0	136000
35	-367.30536	43.303116	364.05133	308.03568	9864.326	-4.4474106	3292.742	2349.1594	6084.6987	-1090.0062	1000.0	3441.4478	2486.7642	6397.694	-1466.4506	1000.0	140000
36	-396.83878	51.804417	393.36987	377.64352	9864.326	-4.4474106	3184.887	2402.6436	6084.6987	-1090.0062	1000.0	3332.3975	2535.4543	6397.694	-1466.4506	1000.0	144000
37	-428.17038	60.0911	424.407	439.6487	12619.721	-4.4474106	3087.9097	2440.5183	6084.6987	-1090.0062	1000.0	3235.55	2567.7935	6397.694	-1466.4506	1000.0	148000
38	-460.64737	67.70843	456.65573	500.1756	12893.764	-4.4474106	3001.6814	2464.7205	6084.6987	-1090.0062	1000.0	3139.5684	2600.2097	6397.694	-1466.4506	1000.0	152000
39	-493.96573	74.0897	489.702	552.4081	12893.764	-4.4474106	2919.5134	2485.2234	6084.6987	-1090.0062	1000.0	3050.957	2624.2883	6397.694	-1466.4506	1000.0	156000
40	-526.8905	79.54775	522.41327	595.5062	12893.764	-4.4474106	2836.585	2508.154	6084.6987	-1090.0062	1000.0	2965.4	2645.952	6397.694	-1466.4506	1000.0	160000
41	-557.4252	83.47895	552.8181	626.7805	12893.764	-4.4474106	2762.9924	2520.7788	6084.6987	-1090.0062	1000.0	2891.6658	2654.9805	6397.694	-1466.4506	1000.0	164000
42	-584.54016	85.54196	579.89923	648.6322	12893.764	-4.4474106	2694.0435	2529.6067	6084.6987	-1090.0062	1000.0	2815.172	2668.6658	6397.694	-1466.4506	1000.0	168000
43	-607.0115	86.67816	602.3991	661.55554	12893.764	-4.4474106	2626.8516	2537.8147	6084.6987	-1090.0062	1000.0	2738.7598	2683.581	6397.694	-1466.4506	1000.0	172000
44	-624.80927	87.141716	620.2526	667.41315	12893.764	-4.4474106	2561.9163	2544.7217	6084.6987	-1090.0062	1000.0	2674.8215	2686.0679	6397.694	-1466.4506	1000.0	176000
45	-638.5698	87.09403	634.0726	668.2569	12893.764	-4.4474106	2497.076	2552.7922	6084.6987	-1090.0062	1000.0	2616.2283	2684.517	6397.694	-1466.4506	1000.0	180000
46	-648.3814	86.74971	643.97687	665.56934	12893.764	-4.4474106	2438.0325	2555.7854	6084.6987	-1090.0062	1000.0	2573.3972	2671.4026	6397.694	-1466.4506	1000.0	184000
47	-654.8223	86.12397	650.508	660.79456	12893.764	-4.4474106	2386.171	2553.1292	6084.6987	-1090.0062	1000.0	2541.019	2654.6614	6397.694	-1466.4506	1000.0	188000
48	-658.4563	85.35137	654.23254	654.9162	12893.764	-4.4474106	2359.509	2536.0461	6084.6987	-1090.0062	1000.0	2506.6875	2639.183	6397.694	-1466.4506	1000.0	192000
49	-659.9087	84.50104	655.7571	648.6194	12893.764	-4.4474106	2366.9954	2524.6868	6084.6987	-1090.0062	1000.0	2484.4216	2630.7163	6397.694	-1466.4506	1000.0	196000
50	-660.0869	83.77375	655.9906	642.32104	12893.764	-4.4474106	2404.895	2516.8677	6084.6987	-1090.0062	1000.0	2524.547	2621.945	6397.694	-1466.4506	1000.0	200000
51	-659.411	83.17436	655.3643	636.19586	12893.764	-4.4474106	2458.9358	2521.572	6084.6987	-1090.0062	1000.0	2579.2102	2632.1018	6397.694	-1466.4506	1000.0	204000
52	-658.1894	82.55572	654.1857	630.31805	12893.764	-4.4474106	2519.228	2534.098	6084.6987	-1090.0062	1000.0	2635.7422	2637.9712	6397.694	-1466.4506	1000.0	208000
53	-656.6301	81.974434	652.6657	624.7095	12893.764	-4.4474106	2551.7637	2537.2856	6084.6987	-1090.0062	1000.0	2697.5908	2651.167	6397.694	-1466.4506	1000.0	212000
54	-654.8523	81.3956	650.92413	619.373	12893.764	-4.4474106	2605.077	2543.741	6084.6987	-1090.0062	1000.0	2760.4534	2666.2268	6397.694	-1466.4506	1000.0	216000
55	-652.9593	80.77339	649.06635	614.2935	12893.764	-4.4474106	2663.8882	2557.4944	6099.4946	-1090.0062	1000.0	2818.7876	2676.5952	6397.694	-1466.4506	1000.0	220000
56	-650.992	80.11078	647.1328	609.4518	12893.764	-4.4474106	2721.4946	2570.3176	6099.4946	-1090.0062	1000.0	2878.1316	2688.9773	6397.694	-1466.4506	1000.0	224000
57	-648.9894	79.43961	645.1639	604.8278	12893.764	-4.4474106	2774.222	2578.464	6099.4946	-1090.0062	1000.0	2902.3555	2671.5583	6397.694	-1466.4506	1000.0	228000
58	-646.961	78.740456	643.1682	600.40375	12893.764	-4.4474106	2825.8665	2585.9136	6099.4946	-1090.0062	1000.0	2946.0732	2668.9893	6397.694	-1466.4506	1000.0	232000
59	-644.9335	78.00861	641.1736	596.15466	12893.764	-4.4474106	2870.2595	2586.3484	6099.4946	-1090.0062	1000.0	2990.1865	2667.5361	6397.694	-1466.4506	1000.0	236000
60	-642.90375	77.263824	639.17615	592.06085	12893.764	-4.4474106	2917.9104	2590.8103	6099.4946	-1090.0062	1000.0	3030.372	2663.1797	6397.694	-1466.4506	1000.0	240000
61	-640.86145	76.526505	637.1671	588.1163	12893.764	-4.4474106	2965.3782	2595.691	6099.4946	-1090.0062	1000.0	3082.692	2672.2715	6466.149	-1466.4506	1000.0	244000
62	-638.8333	75.81916	635.1716	584.3078	12893.764	-4.4474106	3011.846	2600.172	6099.4946	-1090.0062	1000.0	3130.5996	2676.948	6466.149	-1466.4506	1000.0	248000
63	-636.8306	75.10625	633.20026	580.62915	12893.764	-4.4474106	3058.1453	2605.1143	6099.4946	-1090.0062	1000.0	3174.9932	2678.5903	6466.149	-1466.4506	1000.0	252000
64	-634.8616	74.40592	631.2621	577.06036	12893.764	-9.061195	3103.541	2609.684	6099.4946	-1090.0062	1000.0	3222.929	2684.776	6466.149	-1466.4506	1000.0	256000
65	-632.9352	73.70867	629.36584	573.5949	12893.764	-9.061195	3149.039	2614.9985	6126.719	-1090.0062	1000.0	3270.4841	2691.103	6515.9185	-1466.4506	1000.0	260000
66	-631.0729	73.025894	627.5326	570.224	12893.764	-9.061195	3193.1438	2619.365	6126.719	-1090.0062	1000.0	3313.631	2693.2666	6515.9185	-1466.4506	1000.0	264000
67	-629.26764	72.385056	625.756	566.9489	12893.764	-9.061195	3234.7168	2621.6165	6126.719	-1090.0062	1000.0	3359.079	2698.4878	6518.114	-1466.4506	1000.0	268000
68	-627.5294	71.74556	624.04504	563.75507	12893.764	-36.575294	3274.7249	2622.8264	6126.719	-1090.0062	1000.0	3403.7756	2703.4539	6518.114	-1466.4506	1000.0	272000
69	-625.8494	71.10885	622.3923	560.63696	12893.764	-36.575294	3316.0042	2625.9238	6245.7705	-1090.0062	1000.0	3447.0225	2707.3977	6538.1387	-1466.4506	1000.0	276000
70	-624.2532	70.4734	620.8226	557.58435	12893.764	-36.575294	3356.1714	2628.392	6245.7705	-1090.0062	1000.0	3488.0686	2709.5383	6538.1387	-1466.4506	1000.0	280000
71	-622.723	69.85597	619.3183	554.60406	12893.764	-41.1207	3394.9119	2629.893	6245.7705	-1090.0062	1000.0	3526.7786	2709.832	6538.1387	-1466.4506	1000.0	284000
72	-621.2645	69.257805	617.88464	551.6858	12893.764	-41.1207	3432.302	2630.5117	6245.7705	-1090.0062	1000.0	3566.764	2711.9797	6538.1387	-1466.4506	1000.0	288000
73	-619.8793	68.64784	616.5233	548.8245	12893.764	-41.1207	3467.4648	2629.4524	6245.7705	-1090.0062	1000.0	3599.3403	2707.4927	6538.1387	-1466.4506	1000.0	292000
74	-618.5621	68.07784	615.2299	546.0173	12893.764	-44.896317	3503.9507	2630.2122	6268.2417	-1090.0062	1000.0	3632.6594	2704.179	6538.1387	-1466.4506	1000.0	296000
75	-617.3062	67.49511	613.99725	543.2637	12893.764	-44.896317	3540.059	2631.0332	6304.4546	-1090.0062	1000.0	3671.7483	2707.0774	6731.7793	-1466.4506	1000.0	300000
76	-616.12695	66.92131	612.84125	540.5492	12893.764	-44.896317	3574.056	2630.2197	6304.4546	-1090.0062	1000.0	3704.3506	2704.0068	6731.7793	-1466.4506	1000.0	304000
77	-615.0117	66.37464	611.748	537.87915	12893.764	-44.896317	3607.1558	2629.0461	6362.498	-1090.0062	1000.0	3741.1497	2705.4873	6731.7793	-1466.4506	1000.0	308000
78	-613.9601	65.81219	610.71783	535.2496	12893.764	-44.896317	3640.3506	2628.3406	6362.498	-1090.0062	1000.0	3773.4993	2703.0757	6731.7793	-1466.4506	1000.0	312000
79	-612.97144	65.26763	609.75	532.66345	12893.764	-44.896317	3673.2214	2627.7664	6362.498	-1090.0062	1000.0	3809.5356	2704.716	6731.7793	-1466.4506	1000.0	316000
80	-612.0476	64.73413	608.8465	530.1179	12893.764	-44.896317	3704.516	2626.0784	6362.498	-1090.0062	1000.0	3844.6318	2705.8193	6787.217	-1466.4506	1000.0	320000
81	-611.1714	64.21462	607.9904	527.6212	12893.764	-44.896317	3736.0317	2625.0032	6362.498	-1090.0062	1000.0	3873.4043	2701.4043	6787.217	-1466.4506	1000.0	324000
82	-610.3561	63.70456	607.1947	525.1653	12893.764	-44.896317	3768.1929	2624.9934	6517.8613	-1090.0062	1000.0	3905.7405	2700.614	6787.217	-1466.4506	1000.0	328000
83	-609.6042	63.228855	606.4617	522.75024	12893.764	-73.90154	3799.021	2624.0544	6517.8613	-1090.0062	1000.0	3940.0024	2702.1736	6852.7754	-1466.4506	1000.0	332000
84	-608.9029	62.735443	605.779	520.3837	12893.764	-73.90154	3828.0356	2621.7546	6517.8613	-1090.0062	1000.0	3973.0613	2702.8855	6852.7754	-1466.4506	1000.0	336000
85	-608.25555	62.263577	605.1492	518.0635	12893.764	-73.90154	3857.7295	2620.4617	6517.8613	-1090.0062	1000.0	4005.0752	2702.9202	6852.7754	-1466.4506	1000.0	340000
86	-607.6692	61.785885	604.5798	515.7817	12893.764	-73.90154	3887.8228	2619.9236	6555.2266	-1090.0062	1000.0	4037.4646	2703.7046	6852.7754	-1466.4506	1000.0	344000
87	-607.13965	61.318398	604.0673	513.53455	12893.764	-73.90154	3916.4756	2618.353	6555.2266	-1090.0062	1000.0	4069.6174	2704.6116	6904.4653	-1466.4506	1000.0	348000
88	-606.65424	60.858654	603.59845	511.3237	12893.764	-73.90154	3944.9424	2616.9463	6555.2266	-1090.0062	1000.0	4100.2676	2704.3577	6904.4653	-1466.4506	1000.0	352000
89	-606.21356	60.40466	603.1739	509.1497	12893.764	-73.90154	3972.3455	2614.87	6555.2266	-1090.0062	1000.0	4128.943	2702.5752	6904.4653	-1466.4506	1000.0	356000
90	-605.8205	59.961018	602.7969	507.0107	12893.764	-73.90154	3999.3496	2612.7605	6555.2266	-1090.0062	1000.0	4156.201	2699.854	6904.4653	-1466.4506	1000.0	360000
91	-605.46875	59.53166	602.46063	504.90485	12893.764	-73.90154	4027.3828	2611.951	6639.973	-1090.0062	1000.0	4181.2295	2695.5356	6904.4653	-1466.4506	1000.0	364000
92	-605.1593	59.104317	602.1659	502.82935	12893.764	-73.90154	4053.5784	2609.7097	6639.973	-1090.0062	1000.0	4207.1685	2692.2568	6904.4653	-1466.4506	1000.0	368000
93	-604.89496	58.686386	601.91614	500.7831	12893.764	-73.90154	4079.1726	2607.2925	6639.973	-1090.0062	1000.0	4231.0786	2687.554	6904.4653	-1466.4506	1000.0	372000
94	-604.6651	58.288948	601.70026	498.77127	12893.764	-73.90154	4098.101	2603.1748	6718.411	-1090.0062	1000.0	4258.843	2686.6145	6954.8975	-1466.4506	1000.0	376000
95	-604.47015	57.898895	601.51935	496.78784	12893.764	-73.90154	4123.8354	2601.4502	6718.411	-1090.0062	1000.0	4276.099	2685.5383	6954.8975	-1466.4506	1000.0	380000
96	-604.3087	57.524055	601.37146	494.83636	12893.764	-73.90154	4148.117	2598.6968	6718.411	-1090.0062	1000.0	4303.3213	2684.6692	7021.327	-1466.4506	1000.0	384000
97	-604.1771	57.15384	601.25323	492.91656	12893.764	-73.90154	4172.9424	2596.686	6718.411	-1090.0062	1000.0	4329.873	2683.44	7021.327	-1466.4506	1000.0	388000
98	-604.07336	56.77944	601.16284	491.03003	12893.764	-73.90154	4197.2017	2594.4358	6718.411	-1090.0062	1000.0	4356.6133	2682.684	7128.5615	-1466.4506	1000.0	392000
99	-603.9959	56.430923	601.09863	489.17758	12893.764	-73.90154	4220.365	2591.4902	6718.411	-1090.0062	1000.0	4375.988	2676.6433	7128.5615	-1466.4506	1000.0	396000
100	-603.9479	56.078884	601.0631	487.35214	12893.764	-73.90154	4244.8975	2590.03	6718.5244	-1090.0062	1000.0	4400.4907	2674.3691	7128.5615	-1466.4506	1000.0	400000
101	-603.92737	55.72258	601.0548	485.55795	12893.764	-73.90154	4267.367	2586.9736	6718.5244	-1090.0062	1000.0	4426.386	2673.6719	7128.5615	-1466.4506	1000.0	404000
102	-603.9352	55.375854	601.0751	483.78995	12893.764	-73.90154	4290.3384	2584.6116	6733.2607	-1090.0062	1000.0	4451.54	2672.5232	7128.5615	-1466.4506	1000.0	408000
103	-603.95465	55.029156	601.1071	482.05133	12893.764	-73.90154	4312.914	2582.1418	6733.2607	-1090.0062	1000.0	4476.249	2671.2092	7128.5615	-1466.4506	1000.0	412000
104	-603.9892	54.69941	601.15375	480.33655	12893.764	-73.90154	4336.157	2580.5117	6834.831	-1090.0062	1000.0	4499.776	2669.0405	7128.5615	-1466.4506	1000.0	416000
105	-604.03754	54.363335	601.2141	478.6476	12893.764	-73.90154	4358.4155	2578.2183	6834.831	-1090.0062	1000.0	4523.3696	2667.193	7128.5615	-1466.4506	1000.0	420000
106	-604.1084	54.043365	601.2969	476.97977	12893.764	-73.90154	4380.3335	2575.849	6834.831	-1090.0062	1000.0	4537.0767	2662.6567	7128.5615	-1466.4506	1000.0	424000
107	-604.18835	53.728374	601.3881	475.3386	12893.764	-73.90154	4401.8096	2573.316	6834.831	-1090.0062	1000.0	4557.6104	2658.6243	7128.5615	-1466.4506	1000.0	428000
108	-604.2928	53.41355	601.50354	473.71927	12893.764	-73.90154	4421.665	2569.6406	6834.831	-1090.0062	1000.0	4580.068	2656.4717	7128.5615	-1466.4506	1000.0	432000
109	-604.42505	53.10108	601.6464	472.1231	12893.764	-73.90154	4441.6865	2566.3054	6834.831	-1090.0062	1000.0	4600.332	2652.6455	7128.5615	-1466.4506	1000.0	436000
110	-604.5741	52.796494	601.80597	470.55087	12893.764	-73.90154	4462.4194	2563.7837	6854.8726	-1090.0062	1000.0	4618.356	2647.3293	7128.5615	-1466.4506	1000.0	440000
111	-604.7395	52.497246	601.9816	469.00525	12893.764	-73.90154	4483.1865	2561.4963	6854.8726	-1090.0062	1000.0	4640.798	2645.8704	7175.514	-1466.4506	1000.0	444000
112	-604.9292	52.207333	602.1811	467.48196	12893.764	-73.90154	4502.7866	2558.3916	6854.8726	-1090.0062	1000.0	4662.5703	2644.0825	7266.5386	-1466.4506	1000.0	448000
113	-605.14514	51.919212	602.407	465.9762	12893.764	-73.90154	4522.603	2555.7021	6905.3765	-1090.0062	1000.0	4682.941	2641.1748	7266.5386	-1466.4506	1000.0	452000
114	-605.37256	51.63598	602.6437	464.49222	12893.764	-73.90154	4541.972	2552.805	6909.152	-1090.0062	1000.0	4700.2075	2635.9824	7266.5386	-1466.4506	1000.0	456000
115	-605.627	51.35566	602.90753	463.02588	12893.764	-73.90154	4561.6377	2550.3545	6909.152	-1090.0062	1000.0	4719.712	2632.762	7266.5386	-1466.4506	1000.0	460000
116	-605.89087	51.082542	603.18036	461.58234	12893.764	-73.90154	4580.679	2547.578	6909.152	-1090.0062	1000.0	4740.543	2630.9001	7266.5386	-1466.4506	1000.0	464000
117	-606.177	50.80462	603.4757	460.15808	12893.764	-73.90154	4600.131	2545.334	7009.5103	-1090.0062	1000.0	4761.509	2629.354	7281.5747	-1466.4506	1000.0	468000
118	-606.47687	50.530853	603.7845	458.7553	12893.764	-73.90154	4619.1226	2542.8398	7009.5103	-1090.0062	1000.0	4781.0723	2626.7358	7281.5747	-1466.4506	1000.0	472000
119	-606.79236	50.263504	604.10864	457.3742	12893.764	-73.90154	4638.009	2540.4382	7009.5103	-1090.0062	1000.0	4802.761	2626.2693	7457.1895	-1466.4506	1000.0	476000
120	-607.1184	50.00333	604.4434	456.01553	12893.764	-73.90154	4656.8833	2538.2024	7009.5103	-1090.0062	1000.0	4824.9775	2626.516	7561.261	-1466.4506	1000.0	480000
121	-607.45306	49.743393	604.7863	454.67535	12893.764	-73.90154	4675.6226	2536.0237	7038.756	-1090.0062	1000.0	4845.3364	2625.1418	7561.261	-1466.4506	1000.0	484000
122	-607.8094	49.49328	605.15063	453.35202	12893.764	-73.90154	4694.5757	2534.2053	7075.806	-1090.0062	1000.0	4865.356	2623.624	7561.261	-1466.4506	1000.0	488000
123	-608.17883	49.24432	605.528	452.04932	12893.764	-73.90154	4713.2783	2532.329	7080.261	-1090.0062	1000.0	4885.0625	2621.9956	7561.261	-1466.4506	1000.0	492000
124	-608.5596	48.996925	605.9169	450.7693	12893.764	-73.90154	4730.8936	2529.6829	7080.261	-1090.0062	1000.0	4903.5923	2619.5034	7561.261	-1466.4506	1000.0	496000
125	-608.9494	48.756165	606.31445	449.50555	12893.764	-73.90154	4748.759	2527.4011	7114.1167	-1090.0062	1000.0	4924.0815	2618.9785	7626.4106	-1466.4506	1000.0	500000
126	-609.3532	48.516838	606.7261	448.2632	12893.764	-73.90154	4766.545	2525.196	7114.1167	-1090.0062	1000.0	4944.7764	2618.8108	7626.4106	-1466.4506	1000.0	504000
127	-609.7615	48.283234	607.1419	447.0389	12893.764	-73.90154	4784.5405	2523.3425	7163.2354	-1090.0062	1000.0	4960.711	2614.6118	7626.4106	-1466.4506	1000.0	508000
128	-610.18427	48.062626	607.572	445.82828	12893.764	-73.90154	4801.8037	2520.9912	7163.2354	-1090.0062	1000.0	4978.8228	2612.3782	7626.4106	-1466.4506	1000.0	512000
129	-610.62036	47.84135	608.0154	444.6321	12893.764	-73.90154	4819.122	2518.8394	7163.2354	-1090.0062	1000.0	4996.9707	2610.3247	7626.4106	-1466.4506	1000.0	516000
130	-611.0671	47.617542	608.4692	443.44827	12893.764	-73.90154	4836.014	2516.4575	7163.2354	-1090.0062	1000.0	5015.1753	2608.4785	7626.4106	-1466.4506	1000.0	520000
131	-611.52295	47.396225	608.9321	442.2785	12893.764	-73.90154	4852.796	2514.1362	7163.2354	-1090.0062	1000.0	5033.574	2606.961	7626.4106	-1466.4506	1000.0	524000
132	-611.9859	47.17656	609.40204	441.12524	12893.764	-73.90154	4868.678	2511.2175	7177.1245	-1090.0062	1000.0	5051.556	2605.212	7626.4106	-1466.4506	1000.0	528000
133	-612.4547	46.962887	609.87756	439.98663	12893.764	-73.90154	4885.357	2509.0952	7196.937	-1090.0062	1000.0	5069.7627	2603.8179	7626.4106	-1466.4506	1000.0	532000
134	-612.9351	46.7502	610.36456	438.8591	12893.764	-73.90154	4902.3794	2507.4219	7308.2266	-1090.0062	1000.0	5088.3286	2602.9146	7649.0493	-1466.4506	1000.0	536000
135	-613.4185	46.538353	610.8545	437.74646	12893.764	-73.90154	4918.725	2505.2776	7308.2266	-1090.0062	1000.0	5105.154	2600.5674	7649.0493	-1466.4506	1000.0	540000
136	-613.91736	46.330036	611.3597	436.63974	12893.764	-73.90154	4934.7793	2503.0244	7308.2266	-1090.0062	1000.0	5123.027	2599.3047	7649.0493	-1466.4506	1000.0	544000
137	-614.41705	46.121193	611.8657	435.54858	12893.764	-73.90154	4951.223	2501.2664	7443.515	-1090.0062	1000.0	5141.6235	2598.8738	7784.8535	-1466.4506	1000.0	548000
138	-614.91907	45.921185	612.3737	434.47092	12893.764	-73.90154	4967.076	2499.0947	7443.515	-1090.0062	1000.0	5156.4697	2595.2715	7784.8535	-1466.4506	1000.0	552000
139	-615.43866	45.721916	612.899	433.39987	12893.764	-73.90154	4983.267	2497.36	7443.515	-1090.0062	1000.0	5173.381	2593.5474	7784.8535	-1466.4506	1000.0	556000
140	-615.96814	45.524837	613.43396	432.33835	12893.764	-73.90154	4999.3105	2495.6067	7443.515	-1090.0062	1000.0	5187.6133	2589.7263	7784.8535	-1466.4506	1000.0	560000
141	-616.5082	45.32487	613.97955	431.28818	12893.764	-73.90154	5015.7236	2494.327	7470.1826	-1090.0062	1000.0	5204.368	2588.1506	7784.8535	-1466.4506	1000.0	564000
142	-617.0529	45.128147	614.52997	430.25342	12893.764	-73.90154	5031.8	2492.8523	7470.1826	-1090.0062	1000.0	5220.7256	2586.3494	7784.8535	-1466.4506	1000.0	568000
143	-617.6045	44.939312	615.0869	429.23538	12893.764	-73.90154	5048.035	2491.6519	7473.1216	-1090.0062	1000.0	5237.0825	2584.653	7784.8535	-1466.4506	1000.0	572000
144	-618.16656	44.753498	615.6542	428.23172	12893.764	-73.90154	5063.565	2489.9429	7473.1216	-1090.0062	1000.0	5253.145	2582.8323	7784.8535	-1466.4506	1000.0	576000
145	-618.74146	44.5714	616.2338	427.242	12893.764	-73.90154	5079.2666	2488.5015	7473.1216	-1090.0062	1000.0	5269.93	2581.7878	7834.3267	-1466.4506	1000.0	580000
146	-619.33044	44.39431	616.8274	426.2669	12893.764	-73.90154	5093.9487	2486.2908	7473.1216	-1090.0062	1000.0	5283.5063	2579.5522	7872.421	-1466.4506	1000.0	584000
147	-619.93164	44.21517	617.43304	425.31107	12893.764	-73.90154	5109.622	2485.058	7493.9087	-1090.0062	1000.0	5300.874	2579.3267	7943.0728	-1466.4506	1000.0	588000
148	-620.54224	44.045334	618.048	424.37302	12893.764	-73.90154	5125.11	2483.7754	7569.841	-1090.0062	1000.0	5317.768	2578.7656	7943.0728	-1466.4506	1000.0	592000
149	-621.1668	43.872093	618.6772	423.45108	12893.764	-73.90154	5140.987	2482.9597	7600.6543	-1090.0062	1000.0	5335.3804	2579.0332	8129.7524	-1466.4506	1000.0	596000
150	-621.79596	43.70267	619.3103	422.5468	12893.764	-73.90154	5156.305	2481.734	7600.6543	-1090.0062	1000.0	5351.258	2577.776	8129.7524	-1466.4506	1000.0	600000
151	-622.43585	43.54047	619.954	421.65817	12893.764	-73.90154	5171.619	2480.606	7600.6543	-1090.0062	1000.0	5365.4614	2575.121	8129.7524	-1466.4506	1000.0	604000
152	-623.089	43.375954	620.6111	420.78104	12893.764	-73.90154	5186.692	2479.3699	7606.5312	-1090.0062	1000.0	5379.7383	2572.638	8129.7524	-1466.4506	1000.0	608000
153	-623.74945	43.21181	621.2755	419.9179	12893.764	-73.90154	5201.5454	2478.0684	7606.5312	-1090.0062	1000.0	5393.0757	2569.5051	8129.7524	-1466.4506	1000.0	612000
154	-624.42615	43.051785	621.9556	419.06738	12893.764	-73.90154	5216.637	2477.0583	7606.5312	-1090.0062	1000.0	5407.089	2567.0146	8129.7524	-1466.4506	1000.0	616000
155	-625.1105	42.896168	622.64355	418.2324	12893.764	-73.90154	5231.238	2475.7007	7606.5312	-1090.0062	1000.0	5423.265	2566.5938	8129.7524	-1466.4506	1000.0	620000
156	-625.7948	42.73914	623.3316	417.41516	12893.764	-73.90154	5245.474	2474.1414	7629.426	-1090.0062	1000.0	5439.339	2566.1812	8129.7524	-1466.4506	1000.0	624000
157	-626.48517	42.58495	624.0255	416.60788	12893.764	-73.90154	5260.402	2473.2917	7678.966	-1090.0062	1000.0	5455.8823	2566.3357	8198.134	-1466.4506	1000.0	628000
158	-627.1784	42.437794	624.72235	415.81372	12893.764	-73.90154	5274.9575	2472.1946	7678.966	-1090.0062	1000.0	5471.2065	2565.4045	8198.134	-1466.4506	1000.0	632000
159	-627.87463	42.289436	625.42206	415.03107	12893.764	-73.90154	5289.5605	2471.2793	7809.7085	-1090.0062	1000.0	5487.347	2565.3716	8198.134	-1466.4506	1000.0	636000
160	-628.5767	42.15189	626.1275	414.2592	12893.764	-73.90154	5303.7134	2470.012	7809.7085	-1090.0062	1000.0	5502.28	2564.274	8198.134	-1466.4506	1000.0	640000
161	-629.2834	42.013885	626.83734	413.49673	12893.764	-73.90154	5317.62	2468.6326	7809.7085	-1090.0062	1000.0	5517.461	2563.511	8198.134	-1466.4506	1000.0	644000
162	-629.9947	41.87554	627.5521	412.74207	12893.764	-73.90154	5332.067	2467.822	7809.7085	-1090.0062	1000.0	5532.3887	2562.6038	8198.134	-1466.4506	1000.0	648000
163	-630.70764	41.73738	628.2682	411.99512	12893.764	-73.90154	5346.4165	2467.0354	7898.915	-1090.0062	1000.0	5546.983	2561.494	8198.134	-1466.4506	1000.0	652000
164	-631.4242	41.609364	628.98785	411.25717	12893.764	-73.90154	5361.2476	2466.7922	7941.464	-1090.0062	1000.0	5562.8486	2561.6965	8216.21	-1466.4506	1000.0	656000
165	-632.1394	41.47468	629.7062	410.53046	12893.764	-73.90154	5374.8813	2465.522	7941.464	-1090.0062	1000.0	5578.4883	2561.7693	8233.464	-1466.4506	1000.0	660000
166	-632.8553	41.33749	630.42535	409.81396	12893.764	-73.90154	5387.8545	2463.7402	7941.464	-1090.0062	1000.0	5592.2407	2560.1567	8233.464	-1466.4506	1000.0	664000
167	-633.5711	41.205902	631.1444	409.10687	12893.764	-73.90154	5401.416	2462.563	7941.464	-1090.0062	1000.0	5607.6514	2560.2095	8378.5205	-1466.4506	1000.0	668000
168	-634.28656	41.07829	631.86304	408.40887	12893.764	-73.90154	5414.7666	2461.2976	7941.464	-1090.0062	1000.0	5618.6904	2556.5784	8378.5205	-1466.4506	1000.0	672000
169	-635.0008	40.953465	632.5801	407.7197	12893.764	-73.90154	5427.538	2459.6448	7941.464	-1090.0062	1000.0	5633.5835	2556.3176	8378.5205	-1466.4506	1000.0	676000
170	-635.7172	40.833363	633.2995	407.03946	12893.764	-73.90154	5440.3413	2458.0493	7941.464	-1090.0062	1000.0	5647.0396	2554.794	8378.5205	-1466.4506	1000.0	680000
171	-636.43195	40.715107	634.0171	406.3678	12893.764	-73.90154	5453.6895	2457.0283	7941.464	-1090.0062	1000.0	5660.0435	2552.9604	8378.5205	-1466.4506	1000.0	684000
172	-637.1475	40.590576	634.73553	405.6998	12893.764	-73.90154	5466.3843	2455.525	7941.464	-1090.0062	1000.0	5674.329	2552.3896	8378.5205	-1466.4506	1000.0	688000
173	-637.86743	40.466522	635.45825	405.03348	12893.764	-73.90154	5479.1714	2454.187	7941.464	-1090.0062	1000.0	5687.4365	2550.8345	8378.5205	-1466.4506	1000.0	692000
174	-638.5921	40.34479	636.18536	404.37308	12893.764	-73.90154	5492.1826	2453.1038	7941.464	-1090.0062	1000.0	5702.1157	2550.8162	8389.655	-1466.4506	1000.0	696000
175	-639.32275	40.22067	636.9187	403.71613	12893.764	-73.90154	5505.795	2452.6863	8100.458	-1090.0062	1000.0	5714.663	2548.9116	8389.655	-1466.4506	1000.0	700000
176	-640.04584	40.099525	637.64465	403.06433	12893.764	-73.90154	5518.4614	2451.446	8100.458	-1090.0062	1000.0	5729.7173	2549.4563	8504.56	-1466.4506	1000.0	704000
177	-640.7696	39.976818	638.37115	402.4175	12893.764	-73.90154	5530.809	2449.998	8100.458	-1090.0062	1000.0	5743.607	2548.922	8504.56	-1466.4506	1000.0	708000
178	-641.48834	39.854416	639.09265	401.77853	12893.764	-73.90154	5543.6675	2449.1023	8100.458	-1090.0062	1000.0	5757.4014	2548.3748	8504.56	-1466.4506	1000.0	712000
179	-642.2091	39.73509	639.8161	401.14157	12893.764	-73.90154	5556.0435	2447.865	8100.458	-1090.0062	1000.0	5771.439	2548.1455	8504.56	-1466.4506	1000.0	716000
180	-642.9275	39.61627	640.53687	400.51572	12893.764	-73.90154	5568.0737	2446.358	8100.458	-1090.0062	1000.0	5784.1177	2546.7173	8504.56	-1466.4506	1000.0	720000
181	-643.644	39.497795	641.2561	399.89536	12893.764	-73.90154	5580.2153	2445.0305	8100.458	-1090.0062	1000.0	5795.118	2543.9717	8504.56	-1466.4506	1000.0	724000
182	-644.36584	39.379192	641.9808	399.27988	12893.764	-73.90154	5592.2285	2443.6602	8100.458	-1090.0062	1000.0	5807.4434	2542.4023	8504.56	-1466.4506	1000.0	728000
183	-645.0775	39.2599	642.695	398.67502	12893.764	-73.90154	5604.111	2442.2463	8100.458	-1090.0062	1000.0	5821.164	2542.2053	8504.56	-1466.4506	1000.0	732000
184	-645.7912	39.14775	643.4113	398.07672	12893.764	-73.90154	5616.0767	2440.9785	8100.458	-1090.0062	1000.0	5832.8867	2540.471	8504.56	-1466.4506	1000.0	736000
185	-646.50476	39.030907	644.1274	397.48438	12893.764	-73.90154	5628.525	2440.2373	8102.765	-1090.0062	1000.0	5846.064	2539.9006	8504.56	-1466.4506	1000.0	740000
186	-647.2164	38.91761	644.8416	396.8988	12893.764	-73.90154	5640.8193	2439.416	8102.765	-1090.0062	1000.0	5855.9204	2536.7722	8504.56	-1466.4506	1000.0	744000
187	-647.93146	38.806202	645.55884	396.31607	12893.764	-73.90154	5652.94	2438.4985	8102.765	-1090.0062	1000.0	5869.576	2536.8354	8594.847	-1466.4506	1000.0	748000
188	-648.6498	38.700626	646.27954	395.73816	12893.764	-73.90154	5664.6494	2437.279	8102.765	-1090.0062	1000.0	5881.1675	2535.044	8594.847	-1466.4506	1000.0	752000
189	-649.36774	38.591934	647.0	395.16534	12893.764	-73.90154	5675.8027	2435.6453	8102.765	-1090.0062	1000.0	5889.363	2531.553	8594.847	-1466.4506	1000.0	756000
190	-650.0842	38.483925	647.7186	394.59756	12893.764	-73.90154	5687.858	2434.903	8126.357	-1090.0062	1000.0	5901.9517	2530.8145	8594.847	-1466.4506	1000.0	760000
191	-650.8012	38.37534	648.4379	394.03625	12893.764	-73.90154	5699.558	2433.8718	8126.357	-1090.0062	1000.0	5912.543	2530.1555	8594.847	-1466.4506	1000.0	764000
192	-651.5139	38.27059	649.1532	393.48462	12893.764	-73.90154	5711.3765	2433.0278	8126.357	-1090.0062	1000.0	5923.627	2529.0874	8594.847	-1466.4506	1000.0	768000
193	-652.2212	38.16179	649.86304	392.93796	12893.764	-73.90154	5722.8115	2431.927	8126.357	-1090.0062	1000.0	5936.7446	2529.0745	8594.847	-1466.4506	1000.0	772000
194	-652.92865	38.061455	650.5729	392.39893	12893.764	-73.90154	5734.268	2430.8835	8126.357	-1090.0062	1000.0	5949.288	2528.5676	8594.847	-1466.4506	1000.0	776000
195	-653.6369	37.95925	651.2832	391.86884	12893.764	-73.90154	5746.423	2430.5535	8200.802	-1090.0062	1000.0	5962.167	2528.4612	8640.76	-1466.4506	1000.0	780000
196	-654.3483	37.85463	651.9971	391.34085	12893.764	-73.90154	5756.074	2428.4465	8200.802	-1090.0062	1000.0	5971.249	2525.2024	8640.76	-1466.4506	1000.0	784000
197	-655.0532	37.758095	652.7043	390.82242	12893.764	-73.90154	5767.661	2427.722	8267.234	-1090.0062	1000.0	5983.156	2524.3015	8640.76	-1466.4506	1000.0	788000
198	-655.76086	37.66344	653.414	390.30856	12893.764	-73.90154	5778.802	2426.6301	8267.234	-1090.0062	1000.0	5996.0547	2524.4272	8672.496	-1466.4506	1000.0	792000
199	-656.4714	37.56756	654.12665	389.79648	12893.764	-73.90154	5790.0664	2425.714	8267.234	-1090.0062	1000.0	6007.439	2523.1785	8672.496	-1466.4506	1000.0	796000
200	-657.1804	37.474102	654.83777	389.2914	12893.764	-73.90154	5799.5864	2423.7805	8267.234	-1090.0062	1000.0	6020.389	2523.492	8734.927	-1466.4506	1000.0	800000
201	-657.88635	37.383766	655.5457	388.79187	12893.764	-73.90154	5809.887	2422.1296	8267.234	-1090.0062	1000.0	6032.195	2522.7424	8734.927	-1466.4506	1000.0	804000
202	-658.59937	37.293713	656.2602	388.29663	12893.764	-73.90154	5821.0234	2421.2888	8267.234	-1090.0062	1000.0	6044.693	2522.7385	8734.927	-1466.4506	1000.0	808000
203	-659.3105	37.202484	656.97314	387.8099	12893.764	-73.90154	5832.002	2420.3738	8272.282	-1090.0062	1000.0	6056.015	2521.6624	8734.927	-1466.4506	1000.0	812000
204	-660.0226	37.113712	657.687	387.33075	12893.764	-73.90154	5842.9224	2419.4485	8272.282	-1090.0062	1000.0	6067.7114	2520.9946	8734.927	-1466.4506	1000.0	816000
205	-660.7353	37.030483	658.40155	386.85886	12893.764	-73.90154	5853.3	2418.0974	8272.282	-1090.0062	1000.0	6078.413	2519.5022	8734.927	-1466.4506	1000.0	820000
206	-661.4474	36.945778	659.11554	386.39264	12893.764	-73.90154	5864.176	2417.2441	8272.282	-1090.0062	1000.0	6089.4766	2518.3752	8734.927	-1466.4506	1000.0	824000
207	-662.16656	36.86527	659.8364	385.92984	12893.764	-73.90154	5874.7314	2416.1868	8329.657	-1090.0062	1000.0	6101.39	2518.1033	8734.927	-1466.4506	1000.0	828000
208	-662.88495	36.7831	660.5566	385.47113	12893.764	-73.90154	5885.0264	2414.9443	8329.657	-1090.0062	1000.0	6110.503	2515.4866	8734.927	-1466.4506	1000.0	832000
209	-663.6	36.69971	661.27344	385.01944	12893.764	-73.90154	5894.721	2413.2195	8329.657	-1090.0062	1000.0	6121.573	2514.5388	8734.927	-1466.4506	1000.0	836000
210	-664.3139	36.616	661.9892	384.57355	12893.764	-73.90154	5904.9966	2412.0728	8329.657	-1090.0062	1000.0	6131.159	2512.383	8734.927	-1466.4506	1000.0	840000
211	-665.02716	36.536995	662.70447	384.1311	12893.764	-73.90154	5914.851	2410.591	8329.657	-1090.0062	1000.0	6142.144	2511.4912	8734.927	-1466.4506	1000.0	844000
212	-665.7356	36.458733	663.4146	383.6934	12893.764	-73.90154	5925.145	2409.5464	8329.657	-1090.0062	1000.0	6152.87	2510.4138	8734.927	-1466.4506	1000.0	848000
213	-666.44617	36.37814	664.12683	383.2564	12893.764	-73.90154	5935.198	2408.3772	8378.545	-1090.0062	1000.0	6163.6484	2509.4365	8734.927	-1466.4506	1000.0	852000
214	-667.1501	36.29818	664.8325	382.8217	12893.764	-73.90154	5945.3755	2407.3394	8378.545	-1090.0062	1000.0	6174.409	2508.5015	8734.927	-1466.4506	1000.0	856000
215	-667.85187	36.220356	665.536	382.38794	12893.764	-73.90154	5955.1587	2405.9988	8378.545	-1090.0062	1000.0	6185.2754	2507.7083	8734.927	-1466.4506	1000.0	860000
216	-668.5525	36.139893	666.23816	381.953	12893.764	-73.90154	5964.926	2404.705	8378.545	-1090.0062	1000.0	6194.7334	2505.7405	8734.927	-1466.4506	1000.0	864000
217	-669.24884	36.059765	666.93604	381.52017	12893.764	-73.90154	5974.795	2403.5671	8378.545	-1090.0062	1000.0	6204.972	2504.4912	8734.927	-1466.4506	1000.0	868000
218	-669.9463	35.984676	667.63495	381.08957	12893.764	-73.90154	5983.9795	2401.8816	8378.545	-1090.0062	1000.0	6215.255	2503.3372	8734.927	-1466.4506	1000.0	872000
219	-670.64087	35.910877	668.3315	380.66174	12893.764	-73.90154	5993.1826	2400.2422	8378.545	-1090.0062	1000.0	6225.8677	2502.5376	8743.576	-1466.4506	1000.0	876000
220	-671.32996	35.83984	669.0223	380.2373	12893.764	-73.90154	6002.681	2398.9766	8403.303	-1090.0062	1000.0	6235.7954	2501.1685	8743.576	-1466.4506	1000.0	880000
221	-672.022	35.771996	669.71576	379.811	12893.764	-73.90154	6012.638	2398.1016	8403.303	-1090.0062	1000.0	6246.175	2500.2542	8743.576	-1466.4506	1000.0	884000
222	-672.71045	35.696877	670.40594	379.38593	12893.764	-73.90154	6021.993	2396.7449	8403.303	-1090.0062	1000.0	6255.7397	2498.698	8743.576	-1466.4506	1000.0	888000
223	-673.39703	35.62399	671.09436	378.96274	12893.764	-73.90154	6031.882	2395.9062	8403.303	-1090.0062	1000.0	6266.4443	2498.1877	8743.576	-1466.4506	1000.0	892000
224	-674.0785	35.555683	671.77747	378.5437	12893.764	-73.90154	6041.03	2394.4646	8403.303	-1090.0062	1000.0	6274.9463	2495.9387	8743.576	-1466.4506	1000.0	896000
225	-674.7594	35.48502	672.4599	378.12747	12893.764	-73.90154	6050.542	2393.384	8403.303	-1090.0062	1000.0	6285.7896	2495.6807	8904.264	-1466.4506	1000.0	900000
226	-675.4391	35.41579	673.1412	377.71323	12893.764	-73.90154	6059.329	2391.7283	8403.303	-1090.0062	1000.0	6293.4746	2492.963	8904.264	-1466.4506	1000.0	904000
227	-676.1184	35.349655	673.82196	377.30008	12893.764	-73.90154	6068.081	2390.106	8403.303	-1090.0062	1000.0	6303.4307	2491.9731	8904.264	-1466.4506	1000.0	908000
228	-676.7983	35.285393	674.50305	376.8895	12893.764	-73.90154	6070.582	2391.4033	8403.303	-1090.0062	1000.0	6313.4653	2491.1016	8904.264	-1466.4506	1000.0	912000
229	-677.4791	35.22425	675.1853	376.4798	12893.764	-73.90154	6080.1377	2390.5383	8403.303	-1090.0062	1000.0	6324.299	2491.041	8942.825	-1466.4506	1000.0	916000
230	-678.15607	35.161385	675.86383	376.07623	12893.764	-73.90154	6089.525	2389.5771	8403.303	-1090.0062	1000.0	6334.098	2490.0469	8942.825	-1466.4506	1000.0	920000
231	-678.82855	35.098885	676.5379	375.67935	12893.764	-73.90154	6098.2764	2388.1135	8403.303	-1090.0062	1000.0	6343.9854	2489.1858	8942.825	-1466.4506	1000.0	924000
232	-679.497	35.03888	677.208	375.29065	12893.764	-73.90154	6107.7686	2387.328	8403.303	-1090.0062	1000.0	6353.853	2488.3447	8942.825	-1466.4506	1000.0	928000
233	-680.1606	34.976063	677.8732	374.90347	12893.764	-73.90154	6116.9634	2386.3206	8403.303	-1090.0062	1000.0	6363.8843	2487.7112	8942.825	-1466.4506	1000.0	932000
234	-680.8185	34.910366	678.5326	374.52258	12893.764	-73.90154	6125.9775	2385.2053	8418.754	-1090.0062	1000.0	6372.7075	2486.101	8942.825	-1466.4506	1000.0	936000
235	-681.47266	34.843678	679.1883	374.1411	12893.764	-73.90154	6134.6855	2383.855	8418.754	-1090.0062	1000.0	6383.497	2486.2927	8990.078	-1466.4506	1000.0	940000
236	-682.1226	34.781067	679.8399	373.76093	12893.764	-73.90154	6143.695	2382.8203	8484.989	-1090.0062	1000.0	6392.8926	2485.221	8990.078	-1466.4506	1000.0	944000
237	-682.7699	34.718887	680.48895	373.3836	12893.764	-73.90154	6152.322	2381.4934	8484.989	-1090.0062	1000.0	6402.605	2484.4773	8993.904	-1466.4506	1000.0	948000
238	-683.41113	34.659595	681.1319	373.01028	12893.764	-73.90154	6161.214	2380.442	8505.653	-1090.0062	1000.0	6412.4897	2483.928	8993.904	-1466.4506	1000.0	952000
239	-684.0477	34.597645	681.7702	372.63742	12893.764	-73.90154	6170.1987	2379.512	8505.653	-1090.0062	1000.0	6421.784	2482.8794	8993.904	-1466.4506	1000.0	956000
240	-684.68445	34.544216	682.4083	372.2628	12893.764	-73.90154	6178.7876	2378.2678	8505.653	-1090.0062	1000.0	6431.134	2481.9192	8993.904	-1466.4506	1000.0	960000
241	-685.32544	34.485703	683.05066	371.88712	12893.764	-73.90154	6187.683	2377.3413	8505.653	-1090.0062	1000.0	6440.837	2481.406	9043.215	-1466.4506	1000.0	964000
242	-685.9653	34.42727	683.69196	371.51483	12893.764	-73.90154	6196.226	2376.139	8505.653	-1090.0062	1000.0	6449.7046	2480.717	9043.215	-1466.4506	1000.0	968000
243	-686.59796	34.370457	684.3264	371.14926	12893.764	-73.90154	6204.8394	2375.0337	8505.653	-1090.0062	1000.0	6459.6006	2480.398	9043.215	-1466.4506	1000.0	972000
244	-687.2324	34.309834	684.96234	370.78604	12893.764	-73.90154	6213.878	2374.3516	8505.653	-1090.0062	1000.0	6468.8076	2479.4705	9043.215	-1466.4506	1000.0	976000
245	-687.86615	34.250397	685.5977	370.42215	12893.764	-73.90154	6222.697	2373.5217	8575.85	-1090.0062	1000.0	6478.383	2478.9272	9043.215	-1466.4506	1000.0	980000
246	-688.497	34.188248	686.2302	370.05853	12893.764	-73.90154	6230.9336	2372.206	8575.85	-1090.0062	1000.0	6486.3984	2477.07	9043.215	-1466.4506	1000.0	984000
247	-689.1222	34.129787	686.85693	369.6999	12893.764	-73.90154	6239.8887	2371.5845	8606.935	-1090.0062	1000.0	6495.6387	2476.3093	9043.215	-1466.4506	1000.0	988000
248	-689.74756	34.073696	687.4837	369.34348	12893.764	-73.90154	6247.7754	2370.0461	8606.935	-1090.0062	1000.0	6504.904	2475.6067	9043.215	-1466.4506	1000.0	992000
249	-690.3757	34.0225	688.1133	368.98834	12893.764	-73.90154	6255.733	2368.6067	8606.935	-1090.0062	1000.0	6512.96	2473.8909	9043.215	-1466.4506	1000.0	996000
250	-691.0002	33.96932	688.73883	368.6381	12893.764	-73.90154	6263.631	2367.1616	8606.935	-1090.0062	1000.0	6521.4	2472.5356	9043.215	-1466.4506	1000.0	1000000
