epoch	pi-loss	v-loss	average-v-values	std-v-values	max-v-values	min-v-values	kl	average-episode-return	std-episode-return	max-episode-return	min-episode-return	episode-length	total-env-interacts
1	-0.060314834	864.55597	-3.8450153	0.7543407	0.042378213	-5.140783	0.0048189815	-304.82172	61.506588	-262.71277	-411.07614	1000.0	4000
2	-0.058642108	675.17	-6.155593	2.3810678	0.042378213	-8.647007	0.004275319	-281.13068	61.921776	-189.21123	-411.07614	1000.0	8000
3	-0.05936845	522.38165	-7.5278354	2.7497122	0.042378213	-10.366302	0.0042489157	-250.11452	71.220955	-135.58891	-411.07614	1000.0	12000
4	-0.05904451	442.80054	-8.651205	3.0757759	0.042378213	-12.082536	0.004292737	-236.06279	71.9822	-106.259476	-411.07614	1000.0	16000
5	-0.05997498	376.3078	-9.637538	3.3864782	0.042378213	-13.663206	0.004357405	-229.65901	66.69501	-106.259476	-411.07614	1000.0	20000
6	-0.06118298	348.75107	-10.31096	3.590079	11.950806	-14.521673	0.004404147	-220.57825	71.40349	-45.478527	-411.07614	1000.0	24000
7	-0.061609942	315.61575	-11.017625	3.7662039	11.950806	-15.560608	0.0044238963	-217.31656	69.13677	-45.478527	-411.07614	1000.0	28000
8	-0.06190996	289.209	-10.898353	3.7300923	11.950806	-15.560608	0.0044200625	-203.16765	75.59371	-45.478527	-411.07614	1000.0	32000
9	-0.06151471	275.15356	-10.967826	3.6559756	11.950806	-15.560608	0.004356983	-195.30444	75.51516	-45.478527	-411.07614	1000.0	36000
10	-0.062009174	274.56696	-10.961524	3.661417	11.950806	-15.560608	0.0044094264	-189.48076	82.75902	-45.478527	-411.07614	1000.0	40000
11	-0.062470496	259.92258	-11.162417	3.7058651	11.950806	-16.009539	0.0043865233	-186.69513	82.94705	-45.478527	-411.07614	1000.0	44000
12	-0.06305668	247.50493	-11.257401	3.7348685	11.950806	-16.753038	0.004391846	-182.95049	83.67767	-44.7173	-411.07614	1000.0	48000
13	-0.06364289	240.2807	-11.237488	3.8075793	11.950806	-17.411482	0.004432604	-179.50409	85.17675	-7.522143	-411.07614	1000.0	52000
14	-0.06391821	230.73701	-11.030402	4.065076	11.950806	-18.0949	0.0044567483	-174.08989	87.01463	-7.522143	-411.07614	1000.0	56000
15	-0.06422975	226.34346	-11.0378065	4.0767293	12.3806	-18.19268	0.0044641197	-170.22873	87.18604	-7.522143	-411.07614	1000.0	60000
16	-0.064370364	220.56363	-10.729637	4.5167503	17.339525	-18.579731	0.004451992	-164.0163	91.14049	58.257603	-411.07614	1000.0	64000
17	-0.064626426	214.52754	-10.407649	4.6546416	17.339525	-18.579731	0.0044692145	-157.9083	93.240845	58.257603	-411.07614	1000.0	68000
18	-0.065136984	209.83693	-10.133797	4.768641	17.339525	-18.588854	0.004502649	-151.8554	94.41107	58.257603	-411.07614	1000.0	72000
19	-0.065603256	202.85934	-9.612219	5.1793156	17.339525	-18.588854	0.0045081647	-144.19275	97.852196	58.257603	-411.07614	1000.0	76000
20	-0.06569095	199.77637	-9.4304695	5.5250936	17.339525	-20.314054	0.0045091854	-141.05135	99.59375	58.257603	-411.07614	1000.0	80000
21	-0.06647478	195.47331	-9.090757	5.808376	17.339525	-20.314054	0.0045165685	-135.27072	100.89104	58.257603	-411.07614	1000.0	84000
22	-0.066717215	194.42955	-9.068862	6.123276	17.339525	-22.444519	0.0045036324	-134.84569	102.85166	60.893177	-411.07614	1000.0	88000
23	-0.06697368	189.97054	-8.835841	6.690862	18.543915	-23.46735	0.004490084	-130.66096	104.7547	60.893177	-411.07614	1000.0	92000
24	-0.06760216	186.07732	-8.233498	7.200275	19.618183	-23.46735	0.0045197727	-122.74963	110.15013	142.59479	-411.07614	1000.0	96000
25	-0.06777824	183.57684	-7.9858775	7.528318	19.618183	-24.022453	0.004512031	-118.91615	111.826256	142.59479	-411.07614	1000.0	100000
26	-0.06773521	180.93698	-7.487803	7.8224773	19.618183	-24.022453	0.004510076	-112.20589	115.314575	151.12672	-411.07614	1000.0	104000
27	-0.06806176	178.32657	-6.881837	8.308138	21.61822	-24.022453	0.004519276	-104.50539	119.93015	151.12672	-411.07614	1000.0	108000
28	-0.06826295	175.68932	-6.1010246	9.132766	21.94738	-24.022453	0.0045258775	-95.15595	127.66313	208.2412	-411.07614	1000.0	112000
29	-0.068543516	174.95422	-5.55308	9.560118	21.94738	-24.041998	0.004525789	-88.03175	131.14372	208.2412	-411.07614	1000.0	116000
30	-0.06873956	177.49776	-5.0993543	9.863702	22.845825	-24.355026	0.004538819	-81.94012	133.44983	208.2412	-411.07614	1000.0	120000
31	-0.06904235	175.90012	-4.9651117	10.333711	23.74554	-26.29474	0.00453983	-79.69382	135.98915	208.2412	-411.07614	1000.0	124000
32	-0.06925328	177.12178	-4.519219	10.835499	25.245522	-26.352303	0.0045526093	-73.63164	139.81667	258.29425	-411.07614	1000.0	128000
33	-0.0696444	177.3005	-3.8990588	11.272528	25.245522	-26.352303	0.004561928	-66.10605	144.60423	258.29425	-411.07614	1000.0	132000
34	-0.07017687	178.00734	-3.261911	11.722142	25.38855	-26.352303	0.0045836023	-58.34004	149.71623	258.29425	-411.07614	1000.0	136000
35	-0.070404716	177.49815	-2.5675488	12.259094	26.433273	-26.352303	0.0045885495	-50.214245	155.62048	333.1246	-411.07614	1000.0	140000
36	-0.0707266	176.53934	-2.0564554	12.689278	26.937492	-27.619858	0.0045969924	-43.86039	159.10144	333.1246	-411.07614	1000.0	144000
37	-0.0709966	181.5024	-1.4892378	13.080012	26.937492	-27.619858	0.0046061273	-37.964245	162.45972	337.60956	-411.07614	1000.0	148000
38	-0.07115868	182.29683	-0.9963999	13.288318	26.937492	-27.619858	0.004629284	-32.36625	164.64195	337.60956	-411.07614	1000.0	152000
39	-0.07128577	182.33484	-0.2839253	13.841288	28.943552	-27.619858	0.004642402	-24.066938	170.46262	337.60956	-411.07614	1000.0	156000
40	-0.071403965	183.5379	0.31989688	14.213046	28.943552	-27.619858	0.004655909	-16.747381	174.88876	345.45084	-411.07614	1000.0	160000
41	-0.07161489	183.4263	0.9338288	14.709747	31.61734	-27.619858	0.0046636676	-9.498781	179.19484	371.6661	-411.07614	1000.0	164000
42	-0.07171037	184.75893	1.6438794	15.245426	33.529266	-27.619858	0.004670388	-1.1472826	185.28273	430.9611	-411.07614	1000.0	168000
43	-0.07192123	186.5511	2.2894213	15.722479	35.2574	-28.24652	0.004679572	7.066579	191.00511	454.83368	-411.07614	1000.0	172000
44	-0.072086565	187.94893	2.754547	16.213743	37.026993	-36.503517	0.004679182	12.576965	194.31233	454.83368	-411.07614	1000.0	176000
45	-0.0723293	190.15053	3.4748957	16.748188	39.609272	-36.503517	0.0046943673	21.138563	200.80745	535.5983	-411.07614	1000.0	180000
46	-0.07248146	191.81934	3.7413847	16.95493	39.609272	-36.503517	0.0047060056	24.445816	201.73943	535.5983	-411.07614	1000.0	184000
47	-0.07272303	192.30539	4.4488835	17.455282	40.144722	-36.503517	0.0047213864	32.542473	207.12918	535.5983	-411.07614	1000.0	188000
48	-0.072905086	193.679	5.03074	17.75577	40.144722	-36.503517	0.004735392	39.282814	210.15823	535.5983	-411.07614	1000.0	192000
49	-0.07312074	194.9767	5.60685	18.044256	40.144722	-36.503517	0.0047561713	45.936268	213.25146	535.5983	-411.07614	1000.0	196000
50	-0.073217124	194.5942	5.7628536	18.321512	40.144722	-36.503517	0.0047611725	48.36419	214.76503	535.5983	-411.07614	1000.0	200000
