epoch	pi-loss	q-loss	average-q1-values	std-q1-values	max-q1-values	min-q1-values	average-q2-values	std-q2-values	max-q2-values	min-q2-values	average-episode-return	std-episode-return	max-episode-return	min-episode-return	episode-length	average-test-episode-return	std-test-episode-return	max-test-episode-return	min-test-episode-return	test-episode-length	entropy-coeff	total-env-interacts	entropy-coeff-loss
1	-17.193115	4.1820164	14.862164	10.535015	73.56404	-12.939595	14.862677	10.539214	73.65397	-7.5232654	18.06548	17.773342	132.01402	5.7426605	22.346369	80.259964	4.284818	87.146805	74.06007	44.1	0.35944587	4000	-2.076007
2	-46.50301	31.296692	42.69392	33.543423	203.81776	-37.164993	42.691414	33.558254	210.31958	-32.2803	30.692453	45.569847	225.27534	5.7426605	27.303755	146.63037	66.474365	217.42876	74.06007	69.7	0.24634694	8000	-0.9216495
3	-71.10295	50.268677	67.053825	47.091053	214.23521	-57.130653	67.05156	47.10138	217.88676	-45.543266	51.123135	69.785774	235.57817	5.7426605	35.608307	167.74614	62.11173	223.5424	74.06007	79.4	0.20736788	12000	-0.5887842
4	-87.92247	54.739243	83.896065	55.10171	227.92076	-70.592834	83.89498	55.109287	224.7029	-58.349308	68.27532	82.65221	235.57817	5.7426605	42.32804	181.8837	59.11381	230.08514	74.06007	85.275	0.1883916	16000	-0.43419242
5	-99.74824	58.651108	95.71815	59.9507	281.2881	-77.69922	95.71673	59.955883	279.64197	-76.90855	80.793236	106.7711	1258.165	5.7426605	48.780487	334.0639	316.5884	1030.5027	74.06007	247.84	0.1800401	20000	-0.33687776
6	-111.13558	63.147022	107.049805	63.394543	281.2881	-109.4199	107.0484	63.397915	279.64197	-93.034805	89.88956	120.397446	1258.165	5.638154	55.42725	333.1221	289.02292	1030.5027	74.06007	235.63333	0.1753565	24000	-0.28058153
7	-121.14428	69.38476	117.07403	66.813896	281.2881	-113.44169	117.071594	66.816864	281.6473	-120.179016	101.961464	128.34372	1258.165	5.638154	61.135372	328.27658	267.88126	1030.5027	74.06007	223.25714	0.17429854	28000	-0.23345678
8	-129.94835	73.261055	125.94103	70.75395	302.45633	-143.78003	125.938324	70.75591	307.8602	-147.30983	112.396324	130.80617	1258.165	5.638154	65.17312	327.2484	250.60373	1030.5027	74.06007	211.875	0.17328157	32000	-0.21012856
9	-136.3408	76.44429	132.44418	73.33442	379.25534	-301.53098	132.44156	73.33609	387.31442	-257.88214	123.81682	137.48085	1258.165	5.638154	69.23077	403.73538	339.90668	1518.6433	74.06007	246.03334	0.16827141	36000	-0.18535446
10	-142.00943	79.69242	138.142	75.33913	379.25534	-301.53098	138.13951	75.34	387.31442	-257.88214	129.90265	153.65288	1258.165	5.638154	74.76636	406.86105	339.3288	1518.6433	74.06007	254.48	0.16866794	40000	-0.1609609
11	-147.43375	82.23683	143.61632	77.241554	379.25534	-301.53098	143.61394	77.24083	387.31442	-257.88214	138.48355	155.49469	1258.165	5.638154	78.57143	400.0115	324.26807	1518.6433	74.06007	245.52727	0.16879356	44000	-0.14951386
12	-151.74287	83.66605	148.01013	78.77334	379.25534	-301.53098	148.00793	78.771515	387.31442	-257.88214	146.137	157.25417	1258.165	5.638154	81.355934	400.4222	310.59488	1518.6433	74.06007	241.81667	0.16576	48000	-0.13990691
13	-154.83476	83.82045	151.18576	79.36435	379.25534	-301.53098	151.18413	79.36143	387.31442	-257.88214	153.42062	165.23718	1258.165	5.638154	86.23549	407.25113	299.40387	1518.6433	74.06007	246.57692	0.16237344	52000	-0.12762035
14	-157.2133	82.90129	153.6584	79.43151	379.25534	-301.53098	153.65717	79.42813	387.31442	-257.88214	160.50319	170.73734	1258.165	5.638154	90.90909	452.80606	331.99442	1518.6433	74.06007	300.39285	0.15908375	56000	-0.120402314
15	-158.84042	81.18458	155.38486	78.86014	379.25534	-301.53098	155.3839	78.856285	387.31442	-257.88214	167.50677	187.78442	1446.1287	5.638154	96.30819	440.53543	324.09763	1518.6433	74.06007	288.62668	0.15530019	60000	-0.11136138
16	-160.0772	79.572975	156.71886	78.07125	379.25534	-301.53098	156.71805	78.06701	387.31442	-257.88214	171.73787	184.1597	1446.1287	5.638154	97.41248	452.74634	320.4238	1518.6433	74.06007	294.29376	0.15145162	64000	-0.10928833
17	-160.75502	77.746284	157.50002	77.12858	379.25534	-301.53098	157.49933	77.12425	387.31442	-257.88214	178.87503	194.88774	1446.1287	5.638154	101.94903	496.627	366.3324	1597.5453	74.06007	315.68823	0.14727807	68000	-0.10371371
18	-161.03523	75.99225	157.8868	76.113144	379.25534	-301.53098	157.88626	76.10852	387.31442	-257.88214	187.09203	202.03035	1446.1287	5.638154	104.80349	474.78616	369.53354	1597.5453	14.459051	301.1722	0.14281367	72000	-0.09858959
19	-161.0444	74.47024	157.99055	75.085815	379.25534	-301.53098	157.99022	75.080986	387.31442	-257.88214	194.42581	209.88031	1446.1287	5.638154	108.10811	450.83762	373.75403	1597.5453	14.459051	286.30527	0.13886511	76000	-0.093187146
20	-160.92674	72.949684	157.96616	74.01287	379.25534	-301.53098	157.96585	74.00774	387.31442	-257.88214	200.15842	219.8214	1446.1287	5.638154	112.044815	447.99243	366.5882	1597.5453	14.459051	285.105	0.13481076	80000	-0.08956796
21	-160.86185	71.38665	157.9772	72.96086	379.25534	-301.53098	157.9769	72.956024	387.31442	-257.88214	207.90594	230.14308	1446.1287	5.638154	115.54333	470.04428	378.44077	1597.5453	14.459051	300.77618	0.13163327	84000	-0.083365604
22	-160.97546	70.209564	158.16452	72.036835	379.25534	-301.53098	158.16422	72.03223	387.31442	-257.88214	213.6025	232.55498	1446.1287	5.638154	118.59838	482.73712	375.0875	1597.5453	14.459051	301.69092	0.12866831	88000	-0.08088105
23	-161.2456	69.14438	158.49721	71.23726	379.25534	-301.53098	158.49684	71.23264	387.31442	-257.88214	223.31895	246.67	1463.1542	5.638154	121.69312	506.1989	389.50592	1597.5453	14.459051	305.22607	0.12594011	92000	-0.07717297
24	-161.6367	68.30483	158.9494	70.54209	379.25534	-301.53098	158.949	70.53771	387.31442	-257.88214	234.71764	269.6127	2338.1975	5.638154	125.16297	526.8141	393.91412	1597.5453	14.459051	334.175	0.12337922	96000	-0.07333213
25	-162.07607	67.461136	159.44783	69.91556	379.25534	-301.53098	159.44748	69.91111	387.31442	-257.88214	244.91475	276.88922	2338.1975	5.638154	127.71392	553.26764	407.51917	1597.5453	14.459051	336.54	0.1211487	100000	-0.070646204
26	-162.60953	66.62944	160.0336	69.35524	379.25534	-301.53098	160.03319	69.350555	387.31442	-257.88214	257.79132	307.33508	2644.0676	5.638154	131.31313	570.0385	469.89932	2819.653	14.459051	338.0	0.1191104	104000	-0.06837265
27	-163.29045	65.77634	160.76398	68.90586	379.25534	-301.53098	160.7637	68.90105	387.31442	-257.88214	270.7861	344.52975	2838.7998	5.638154	135.16896	619.1675	535.75366	3216.512	14.459051	346.92963	0.11708004	108000	-0.066990465
28	-164.01169	64.987076	161.5348	68.512344	379.25534	-301.53098	161.5347	68.507164	387.31442	-257.88214	282.53436	362.16382	2838.7998	5.638154	138.2716	634.27637	550.3884	3216.512	14.459051	347.17142	0.115114346	112000	-0.06385508
29	-164.80318	64.23918	162.37068	68.190315	379.25534	-301.53098	162.37065	68.18511	387.31442	-257.88214	294.0562	386.57025	2952.329	5.638154	141.63614	703.20935	655.63904	3216.512	14.459051	364.88275	0.1132868	116000	-0.062238287
30	-165.68042	63.472534	163.29103	67.96037	379.25534	-301.53098	163.29118	67.955055	387.31442	-257.88214	305.258	399.40942	2952.329	5.638154	144.57831	752.0172	705.48517	3216.512	14.459051	375.23666	0.11144322	120000	-0.059924494
31	-166.61821	62.71821	164.27174	67.80857	379.25534	-301.53098	164.27196	67.8031	387.31442	-257.88214	317.20074	417.4484	2952.329	5.638154	147.97136	795.6076	741.78	3216.512	14.459051	384.61935	0.10975331	124000	-0.058261465
32	-167.60307	62.179783	165.29695	67.7377	379.25534	-301.53098	165.29724	67.73221	387.31442	-257.88214	329.37122	446.41525	3140.8745	5.638154	151.4793	830.41406	757.11316	3216.512	14.459051	390.52814	0.10822546	128000	-0.055893
33	-168.65417	61.597893	166.38435	67.75182	379.25534	-301.53098	166.38475	67.74623	387.31442	-257.88214	340.9802	462.68997	3140.8745	5.638154	154.38597	843.1896	791.1463	3216.512	14.459051	391.49393	0.10680612	132000	-0.053988606
34	-169.76222	61.051575	167.5279	67.8445	379.25534	-301.53098	167.52841	67.83894	387.31442	-257.88214	351.469	485.9231	3166.5818	5.638154	157.40741	864.75037	800.9517	3216.512	14.459051	394.1	0.10551134	136000	-0.052056693
35	-170.91655	60.554504	168.71474	67.99567	379.25534	-301.53098	168.71538	67.98995	387.31442	-257.88214	364.13663	514.72	3166.5818	5.638154	161.10472	895.8873	821.1787	3216.512	14.459051	400.1257	0.10439453	140000	-0.05032788
36	-172.11646	60.05842	169.94565	68.19913	379.25534	-301.53098	169.94638	68.193214	387.31442	-257.88214	376.71762	536.7846	3166.5818	5.638154	164.57143	904.36945	811.89954	3216.512	14.459051	398.8639	0.10334872	144000	-0.049231134
37	-173.35458	59.593864	171.21408	68.445435	379.25534	-301.53098	171.21494	68.439514	387.31442	-257.88214	388.05765	558.4964	3184.2788	5.638154	167.61041	950.1428	856.4948	3285.4053	14.459051	410.49728	0.10226384	148000	-0.048395544
38	-174.62607	59.21399	172.51384	68.73748	379.25534	-301.53098	172.51466	68.73165	387.31442	-257.88214	400.07498	581.2987	3184.2788	5.638154	171.17117	968.987	853.50256	3285.4053	14.459051	412.4684	0.101211675	152000	-0.04691344
39	-175.92995	58.78461	173.8442	69.076935	379.25534	-301.53098	173.84506	69.071144	387.31442	-257.88214	412.20047	601.13965	3184.2788	5.638154	174.49664	1014.05695	893.4704	3285.4053	14.459051	424.12308	0.10034229	156000	-0.044715613
40	-177.26349	58.417183	175.20448	69.456566	379.25534	-301.53098	175.20532	69.45065	387.31442	-257.88214	422.87152	616.1304	3187.2383	5.638154	177.38359	1036.6552	899.80176	3285.4053	14.459051	428.395	0.099483095	160000	-0.043954246
41	-178.59315	58.063393	176.5606	69.84612	379.25534	-301.53098	176.56146	69.84028	387.31442	-257.88214	433.985	631.543	3187.2383	5.638154	180.41805	1034.3794	890.27155	3285.4053	14.459051	425.1366	0.09857335	164000	-0.043499626
42	-179.90057	57.722614	177.89459	70.232506	379.25534	-301.53098	177.89554	70.22651	387.31442	-257.88214	444.92044	643.8038	3187.2383	5.638154	183.40611	1052.3591	887.9961	3285.4053	14.459051	427.65475	0.097713724	168000	-0.042129792
43	-181.17603	57.296772	179.19508	70.60803	379.25534	-301.53098	179.19603	70.60228	387.31442	-257.88214	455.0989	651.47064	3187.2383	5.638154	185.94595	1061.6466	880.10486	3285.4053	14.459051	427.66745	0.09696146	172000	-0.041005008
44	-182.41927	56.886402	180.46382	70.973785	379.25534	-301.53098	180.46481	70.96794	387.31442	-257.88214	465.16843	660.1483	3187.2383	5.638154	188.43683	1070.3292	872.01074	3285.4053	14.459051	427.6318	0.09623118	176000	-0.039482035
45	-183.62065	56.46824	181.6905	71.315155	379.25534	-301.53098	181.69142	71.30944	387.31442	-257.88214	475.48618	667.65094	3187.2383	5.638154	191.08281	1085.1461	868.6008	3285.4053	14.459051	429.3511	0.09545774	180000	-0.03933626
46	-184.77325	56.095844	182.86801	71.625534	379.25534	-301.53098	182.86893	71.61983	387.31442	-257.88214	485.53156	675.5188	3187.2383	5.638154	193.6842	1097.0413	865.1455	3285.4053	14.459051	430.63696	0.09465774	184000	-0.038637184
47	-185.89345	55.70521	184.01208	71.92628	379.25534	-301.53098	184.01306	71.92061	387.31442	-257.88214	496.4091	687.9282	3187.2383	5.638154	196.65273	1109.0233	861.1004	3285.4053	14.459051	431.89575	0.09396041	188000	-0.037695963
48	-186.9988	55.31959	185.14093	72.22342	379.25534	-301.53098	185.14189	72.21783	387.31442	-257.88214	506.77112	701.81586	3192.8398	5.638154	199.5842	1145.4948	891.4082	3351.0603	14.459051	440.64374	0.09329613	192000	-0.03717048
49	-188.08583	54.943512	186.25055	72.51001	379.25534	-301.53098	186.25156	72.50417	387.31442	-257.88214	517.294	713.48083	3192.8398	5.638154	202.47934	1166.7244	895.11206	3351.0603	14.459051	445.1143	0.092642955	196000	-0.036423497
50	-189.15826	54.638466	187.34525	72.788536	379.25534	-301.53098	187.34622	72.782875	387.31442	-257.88214	527.83575	729.194	3257.0579	5.638154	205.54985	1192.0065	910.0036	3429.7832	14.459051	450.404	0.09199398	200000	-0.035643157
51	-190.22014	54.366673	188.42825	73.06369	379.25534	-301.53098	188.4292	73.058014	387.31442	-257.88214	538.3811	743.4414	3399.143	5.638154	208.3759	1230.7496	941.7648	3429.7832	14.459051	461.1804	0.09144322	204000	-0.034098778
52	-191.27373	54.1011	189.5022	73.32934	379.25534	-301.53098	189.50311	73.323654	387.31442	-257.88214	547.7567	751.20074	3399.143	5.638154	210.73961	1245.4368	945.2182	3429.7832	14.459051	463.44617	0.09091123	208000	-0.033945963
53	-192.30852	53.732586	190.55714	73.59138	379.25534	-301.53098	190.5581	73.58573	387.31442	-257.88214	558.2298	764.56665	3399.143	5.638154	213.70967	1283.5566	975.78235	3429.7832	14.459051	473.56982	0.09036404	212000	-0.033095732
54	-193.32045	53.439434	191.5896	73.83608	379.25534	-301.53098	191.59059	73.83038	387.31442	-257.88214	568.41486	779.1556	3399.143	5.638154	216.64995	1317.1957	997.69885	3429.7832	14.459051	482.75555	0.089842215	216000	-0.03287361
55	-194.30818	53.08836	192.59729	74.068016	379.25534	-301.53098	192.59827	74.06245	387.31442	-257.88214	578.5982	791.3622	3399.143	5.638154	219.56088	1333.0938	996.5315	3429.7832	14.459051	485.44	0.089321196	220000	-0.032008972
56	-195.28755	52.806297	193.59564	74.30141	379.25534	-301.53098	193.5966	74.29589	387.31442	-257.88214	588.8911	806.1364	3440.1482	5.638154	222.4429	1365.205	1016.1513	3429.7832	14.459051	494.21964	0.088741004	224000	-0.031828675
57	-196.27153	52.492996	194.59773	74.54144	379.25534	-301.53098	194.59874	74.535934	387.31442	-257.88214	599.4864	821.9204	3440.1482	5.638154	225.51929	1397.2325	1035.3234	3429.7832	14.459051	503.093	0.0882045	228000	-0.03109406
58	-197.2526	52.138977	195.59663	74.785576	379.25534	-301.53098	195.59763	74.78004	387.31442	-257.88214	609.14746	834.6763	3440.1482	5.638154	228.12193	1405.4822	1028.6282	3429.7832	14.459051	503.74484	0.087646365	232000	-0.030605687
59	-198.22227	51.812828	196.58417	75.02316	379.25534	-301.53098	196.58519	75.0176	387.31442	-257.88214	619.165	845.5788	3440.1482	5.638154	230.91977	1432.554	1041.4465	3446.421	14.459051	510.34744	0.08710394	236000	-0.030256893
60	-199.18132	51.52805	197.56003	75.260864	379.25534	-301.53098	197.56117	75.25534	387.31442	-257.88214	628.8361	858.73486	3440.1482	5.638154	233.69035	1458.3778	1053.7617	3446.421	14.459051	516.285	0.08664629	240000	-0.029719142
61	-200.13716	51.242676	198.53224	75.49111	379.25534	-301.53098	198.53337	75.485596	387.31442	-257.88214	638.6442	870.7394	3449.3662	5.638154	236.43411	1481.0764	1061.533	3446.421	14.459051	521.6902	0.08612911	244000	-0.029244885
62	-201.08304	50.99509	199.49431	75.71718	379.25534	-301.53098	199.49542	75.71182	387.31442	-257.88214	648.18304	881.17126	3449.3662	5.638154	239.1514	1509.8688	1076.6974	3446.421	14.459051	529.40485	0.08562836	248000	-0.029343769
63	-202.01968	50.759342	200.44656	75.939224	379.25534	-301.53098	200.44777	75.933815	387.31442	-257.88214	658.2223	893.566	3477.0137	5.638154	241.8426	1535.352	1087.8989	3446.421	14.459051	536.2111	0.0851334	252000	-0.02811874
64	-202.94096	50.489994	201.38356	76.15591	379.25534	-301.53098	201.3847	76.15047	387.31442	-257.88214	667.64923	903.49036	3477.0137	5.638154	244.50812	1560.7252	1098.6782	3446.421	14.459051	542.65936	0.08469146	256000	-0.028178312
65	-203.84644	50.206535	202.30487	76.36522	379.25534	-301.53098	202.30597	76.35992	387.31442	-257.88214	676.97925	912.5287	3477.0137	5.638154	247.14828	1587.1514	1111.2238	3446.421	14.459051	549.1892	0.08424481	260000	-0.027506897
66	-204.72745	49.92703	203.20177	76.56354	379.25534	-301.53098	203.2029	76.55842	387.31442	-257.88214	686.79645	924.6099	3477.0137	5.638154	250.0	1614.1776	1124.1012	3446.421	14.459051	556.0197	0.08378112	264000	-0.027264822
67	-205.59251	49.64182	204.08206	76.750824	379.25534	-301.53098	204.08324	76.74553	387.31442	-257.88214	696.2008	933.7101	3477.0137	5.638154	252.59189	1600.7743	1121.1927	3446.421	14.459051	551.26715	0.08334975	268000	-0.026584448
68	-206.4435	49.36584	204.94789	76.92558	379.25534	-301.53098	204.94916	76.92052	387.31442	-257.88214	705.2851	943.206	3477.0137	5.638154	255.15947	1624.0099	1129.0604	3446.421	14.459051	557.86615	0.08290204	272000	-0.026433028
69	-207.27545	49.118122	205.79477	77.09161	379.25534	-301.53098	205.79602	77.08654	387.31442	-257.88214	714.4673	953.53314	3477.0137	5.638154	257.7031	1642.5143	1132.3923	3480.3826	14.459051	561.97974	0.08246718	276000	-0.02639087
70	-208.09329	48.86534	206.62662	77.25013	379.25534	-301.53098	206.62788	77.24502	387.31442	-257.88214	723.6372	961.1632	3477.0137	5.638154	260.22305	1666.8113	1142.9617	3536.33	14.459051	567.7629	0.08205771	280000	-0.02519824
71	-208.89653	48.61729	207.44386	77.40412	379.25534	-301.53098	207.44507	77.39907	387.31442	-257.88214	732.5378	971.4993	3477.0137	5.638154	262.7197	1687.3813	1148.8369	3536.33	14.459051	572.71265	0.08166161	284000	-0.025154741
72	-209.68532	48.3913	208.2467	77.55084	379.25534	-301.53098	208.24791	77.54581	387.31442	-257.88214	742.05585	982.25195	3477.0137	5.638154	265.43777	1707.7516	1153.6718	3536.33	14.459051	578.6472	0.08127046	288000	-0.024935849
73	-210.46892	48.107857	209.04375	77.69226	379.25534	-301.53098	209.04489	77.687325	387.31442	-257.88214	750.3643	989.32983	3477.0137	5.638154	267.64435	1729.1836	1160.0868	3536.33	14.459051	584.4192	0.08087183	292000	-0.024649799
74	-211.24493	47.914356	209.83264	77.829315	379.25534	-301.53098	209.8338	77.82442	387.31442	-257.88214	759.20184	998.70557	3477.0137	5.638154	270.073	1736.8204	1157.576	3536.33	14.459051	585.4581	0.08050864	296000	-0.024925238
75	-212.02132	47.667393	210.62184	77.96511	379.25534	-301.53098	210.62297	77.96022	387.31442	-257.88214	768.1637	1006.87683	3477.0137	5.638154	272.47955	1758.1007	1164.5356	3536.33	14.459051	590.4667	0.08012592	300000	-0.02395733
76	-212.78268	47.448967	211.39578	78.09495	379.25534	-301.53098	211.39691	78.090126	387.31442	-257.88214	776.8625	1014.96643	3477.0137	5.638154	274.86438	1776.8944	1168.3649	3536.33	14.459051	595.6092	0.07979247	304000	-0.023468297
77	-213.53471	47.22181	212.1603	78.22049	379.25534	-301.53098	212.1614	78.21555	387.31442	-257.88214	785.495	1021.24493	3477.0137	5.638154	277.22772	1795.0182	1171.4579	3536.33	14.459051	600.861	0.07947161	308000	-0.02341508
78	-214.27469	47.066284	212.91212	78.34466	379.25534	-301.53098	212.91325	78.3398	387.31442	-257.88214	793.3819	1027.3544	3477.0137	5.638154	279.3196	1802.0558	1169.2988	3536.33	14.459051	602.0961	0.07914802	312000	-0.023236705
79	-215.01701	46.860035	213.66568	78.46538	379.25534	-301.53098	213.66685	78.46053	387.31442	-257.88214	801.9617	1034.6711	3477.0137	5.638154	281.63992	1821.5237	1174.5283	3536.33	14.459051	607.13293	0.07882391	316000	-0.022810407
80	-215.7542	46.620575	214.41411	78.58765	379.25534	-301.53098	214.4153	78.582886	387.31442	-257.88214	810.7997	1041.6573	3477.0137	5.638154	283.93967	1833.0853	1174.095	3536.33	14.459051	609.4338	0.07851282	320000	-0.02265604
81	-216.47844	46.42479	215.14977	78.70477	379.25534	-301.53098	215.151	78.69995	387.31442	-257.88214	818.4056	1046.4647	3477.0137	5.638154	285.96646	1846.6759	1173.9783	3536.33	14.459051	612.17035	0.07823227	324000	-0.022551076
82	-217.19138	46.233852	215.87352	78.81366	379.25534	-301.53098	215.87476	78.8089	387.31442	-257.88214	826.67096	1052.1522	3477.0137	5.638154	288.22495	1860.8258	1174.6481	3536.33	14.459051	615.2219	0.077946424	328000	-0.021929484
83	-217.8925	46.016747	216.58575	78.916664	379.25534	-301.53098	216.58696	78.912224	387.31442	-257.88214	834.3788	1055.8038	3477.0137	5.638154	290.20978	1875.1796	1176.0587	3536.33	14.459051	618.3735	0.07768113	332000	-0.021797284
84	-218.57721	45.840176	217.2812	79.01349	379.25534	-301.53098	217.28244	79.00894	387.31442	-257.88214	842.4784	1061.4867	3477.0137	5.638154	292.4282	1881.6182	1171.4619	3536.33	14.459051	619.1869	0.07740215	336000	-0.021488965
85	-219.25714	45.687927	217.97163	79.10725	379.25534	-301.53098	217.97285	79.10271	387.31442	-257.88214	849.55475	1066.8503	3477.0137	5.638154	294.37228	1892.5515	1171.5978	3536.33	14.459051	621.67413	0.07715696	340000	-0.02122919
86	-219.93272	45.51724	218.6571	79.19742	379.25534	-301.53098	218.65831	79.192894	387.31442	-257.88214	857.4946	1073.392	3477.0137	5.638154	296.55173	1907.1105	1173.902	3536.33	14.459051	625.43024	0.07689944	344000	-0.020852312
87	-220.59918	45.38243	219.33362	79.27922	379.25534	-301.53098	219.33485	79.27466	387.31442	-257.88214	865.1492	1080.2773	3477.0137	5.638154	298.71243	1922.5334	1175.8674	3536.33	14.459051	629.73566	0.07664389	348000	-0.020815318
88	-221.24835	45.196598	219.99297	79.35421	379.25534	-301.53098	219.9942	79.349556	387.31442	-257.88214	872.8673	1087.4641	3477.0137	5.638154	300.8547	1939.013	1179.2291	3536.33	14.459051	633.9432	0.07634089	352000	-0.020667804
89	-221.88307	45.026646	220.63803	79.42336	379.25534	-301.53098	220.63933	79.41858	387.31442	-257.88214	880.01495	1093.1271	3477.0137	5.638154	302.7211	1935.6018	1173.241	3536.33	14.459051	632.0258	0.07605844	356000	-0.02028506
90	-222.50827	44.843582	221.27278	79.493324	379.25534	-301.53098	221.274	79.4885	387.31442	-257.88214	887.2454	1095.7314	3477.0137	5.638154	304.56854	1949.1559	1174.4924	3536.33	14.459051	635.39777	0.07580949	360000	-0.019813115
91	-223.13133	44.674824	221.9054	79.56756	379.25534	-301.53098	221.90663	79.56284	387.31442	-257.88214	894.7184	1100.6826	3477.0137	5.638154	306.65543	1964.0231	1176.5112	3536.33	14.459051	639.4044	0.07556372	364000	-0.019952606
92	-223.74944	44.55476	222.53273	79.63395	379.25534	-301.53098	222.53392	79.62911	387.31442	-257.88214	902.4032	1106.4099	3503.5483	5.638154	308.72482	1969.5085	1172.1511	3536.33	14.459051	640.1272	0.07534633	368000	-0.019408822
93	-224.36215	44.384594	223.15488	79.6953	379.25534	-301.53098	223.15605	79.6905	387.31442	-257.88214	909.96533	1110.8269	3503.5483	5.638154	310.77695	1984.61	1174.7974	3536.33	14.459051	643.99677	0.07508596	372000	-0.019701617
94	-224.95825	44.21589	223.76079	79.747406	379.25534	-301.53098	223.762	79.74261	387.31442	-257.88214	917.36835	1117.7759	3503.5483	5.638154	312.81198	1997.7292	1175.8502	3536.33	14.459051	647.3915	0.07481866	376000	-0.019420661
95	-225.53978	44.04694	224.3517	79.79556	379.25534	-301.53098	224.35294	79.79067	387.31442	-257.88214	924.6834	1123.0508	3503.5483	5.638154	314.83017	2012.0254	1177.8325	3536.33	14.459051	651.10315	0.07456601	380000	-0.019141136
96	-226.1154	43.871155	224.93611	79.840454	379.25534	-301.53098	224.93733	79.835655	387.31442	-257.88214	932.558	1129.5117	3503.5483	5.638154	317.09332	2026.5765	1180.244	3536.33	14.459051	654.699	0.07430883	384000	-0.018802974
97	-226.68831	43.722702	225.51782	79.886604	379.25534	-301.53098	225.51912	79.88176	387.31442	-257.88214	940.5749	1136.2576	3517.825	5.638154	319.34155	2039.3743	1180.9602	3536.33	14.459051	657.9629	0.07406025	388000	-0.018753033
98	-227.25699	43.563206	226.09474	79.93201	379.25534	-301.53098	226.09604	79.92718	387.31442	-257.88214	947.8925	1141.1403	3517.825	5.638154	321.31146	2052.745	1182.2771	3536.33	14.459051	661.45306	0.073807605	392000	-0.018639341
99	-227.8204	43.38495	226.66661	79.97539	379.25534	-301.53098	226.66788	79.97052	387.31442	-257.88214	955.72455	1147.456	3517.825	5.638154	323.52942	2045.6249	1186.6443	3536.33	14.459051	658.9889	0.07356216	396000	-0.018367393
100	-228.37952	43.210484	227.2342	80.01731	379.25534	-301.53098	227.23549	80.012405	387.31442	-257.88214	962.71857	1153.0787	3517.825	5.638154	325.46786	2052.7603	1183.177	3536.33	14.459051	660.147	0.07330068	400000	-0.018255986
101	-228.93236	43.03618	227.7954	80.05569	379.25534	-301.53098	227.79668	80.050835	387.31442	-257.88214	969.73694	1157.7672	3517.825	5.638154	327.3906	2065.8633	1184.5759	3536.33	14.459051	663.5119	0.073067464	404000	-0.01776832
102	-229.47714	42.91542	228.34828	80.09168	379.25534	-301.53098	228.3495	80.08677	387.31442	-257.88214	976.72095	1161.1647	3517.825	5.638154	329.29782	2072.1858	1182.6436	3536.33	14.459051	664.77747	0.07283077	408000	-0.017968403
103	-230.02011	42.772095	228.89919	80.12685	379.25534	-301.53098	228.9004	80.12206	387.31442	-257.88214	983.68085	1164.4043	3517.825	5.638154	331.1897	2084.6501	1183.6047	3536.33	14.459051	668.03204	0.072597474	412000	-0.017811755
104	-230.55617	42.613785	229.4432	80.16092	379.25534	-301.53098	229.4444	80.15597	387.31442	-257.88214	990.54205	1170.0059	3517.825	5.638154	333.06647	2090.4749	1180.9	3536.33	14.459051	669.0779	0.072332226	416000	-0.01746011
105	-231.08856	42.45599	229.98341	80.190796	379.25534	-301.53098	229.98459	80.18595	387.31442	-257.88214	997.3794	1174.8966	3517.825	5.638154	334.92822	2101.5586	1181.2048	3536.33	14.459051	671.68665	0.07212653	420000	-0.017235536
106	-231.60828	42.319008	230.51099	80.21442	379.25534	-301.53098	230.51215	80.20963	387.31442	-257.88214	1004.19324	1178.3356	3517.825	5.638154	336.7752	2112.922	1181.3729	3536.33	14.459051	674.78394	0.07191628	424000	-0.017348295
107	-232.11688	42.161774	231.02739	80.23592	379.25534	-301.53098	231.02856	80.231094	387.31442	-257.88214	1010.92694	1182.0962	3517.825	5.638154	338.6076	2124.9082	1182.2982	3536.33	14.459051	677.82336	0.07169606	428000	-0.017284177
108	-232.62123	42.034813	231.5391	80.25361	379.25534	-301.53098	231.54037	80.248825	387.31442	-257.88214	1017.5764	1185.3756	3517.825	5.638154	340.42554	2136.6833	1183.101	3536.33	14.459051	680.80646	0.071485855	432000	-0.017065443
109	-233.11778	41.88597	232.04318	80.267746	379.25534	-301.53098	232.04445	80.26295	387.31442	-257.88214	1023.55273	1187.0521	3517.825	5.638154	341.9608	2145.7495	1182.0437	3605.7961	14.459051	682.6532	0.071251474	436000	-0.016688725
110	-233.60735	41.72645	232.54031	80.2785	379.25534	-301.53098	232.54155	80.27368	387.31442	-257.88214	1030.136	1190.5236	3517.825	5.638154	343.75	2155.7837	1181.653	3605.7961	14.459051	685.0882	0.07101536	440000	-0.016868493
111	-234.08861	41.58585	233.02911	80.287254	379.25534	-301.53098	233.03035	80.28249	387.31442	-257.88214	1035.8588	1192.9608	3517.825	5.638154	345.25662	2166.694	1181.8713	3605.7961	14.459051	687.92523	0.070759684	444000	-0.016692175
112	-234.56364	41.46935	233.51141	80.29856	379.25534	-301.53098	233.51266	80.29374	387.31442	-257.88214	1042.3472	1196.3595	3517.825	5.638154	347.01782	2176.489	1181.101	3605.7961	14.459051	690.7116	0.07055532	448000	-0.016612757
113	-235.03929	41.348053	233.99405	80.311455	379.25534	-301.53098	233.9953	80.30669	387.31442	-257.88214	1048.8096	1199.729	3517.825	5.638154	348.76544	2173.585	1177.317	3605.7961	14.459051	689.3204	0.07033672	452000	-0.016168851
114	-235.51245	41.178795	234.47415	80.32221	379.25534	-301.53098	234.47539	80.31743	387.31442	-257.88214	1054.9858	1203.3446	3517.825	5.638154	350.4996	2184.5303	1177.9034	3605.7961	14.459051	692.0456	0.07014549	456000	-0.016277766
115	-235.98404	41.049778	234.95273	80.33131	379.25534	-301.53098	234.95401	80.32653	387.31442	-257.88214	1062.1891	1208.5059	3517.825	5.638154	352.49042	2193.9556	1177.2854	3605.7961	14.459051	694.5226	0.06996257	460000	-0.015880423
116	-236.44525	40.925034	235.42088	80.33785	379.25534	-301.53098	235.4222	80.333	387.31442	-257.88214	1068.457	1211.6401	3517.825	5.638154	354.1985	2197.3367	1173.8191	3605.7961	14.459051	694.9336	0.06975905	464000	-0.015640171
117	-236.90155	40.7981	235.88397	80.340126	379.25534	-301.53098	235.88528	80.3354	387.31442	-257.88214	1074.739	1215.9688	3534.5874	5.638154	355.89352	2207.7239	1174.1354	3605.7961	14.459051	697.541	0.06959374	468000	-0.015769854
118	-237.35262	40.66993	236.34142	80.34046	379.25534	-301.53098	236.34268	80.33549	387.31442	-257.88214	1081.5444	1220.3804	3534.5874	5.638154	357.84686	2216.0317	1173.5894	3605.7961	14.459051	699.65424	0.06943759	472000	-0.015138056
119	-237.80624	40.544018	236.80124	80.3393	379.25534	-301.53098	236.80249	80.33457	387.31442	-257.88214	1087.5444	1223.094	3534.5874	5.638154	359.5166	2225.4568	1173.1244	3605.7961	14.459051	702.17816	0.06928816	476000	-0.015556117
120	-238.25038	40.417923	237.25197	80.336685	379.25534	-301.53098	237.25325	80.331795	387.31442	-257.88214	1093.6766	1226.6246	3534.5874	5.638154	361.17383	2233.5132	1172.3989	3605.7961	14.459051	704.2633	0.069102496	480000	-0.015345617
121	-238.68304	40.306118	237.69121	80.33367	379.25534	-301.53098	237.6925	80.32884	387.31442	-257.88214	1099.8362	1228.6962	3534.5874	5.638154	362.8186	2242.0947	1171.3232	3605.7961	14.459051	706.70746	0.06891668	484000	-0.015085069
122	-239.11603	40.195053	238.13	80.32857	379.25534	-301.53098	238.13127	80.323616	387.31442	-257.88214	1104.2998	1228.7146	3534.5874	5.638154	363.90753	2251.1987	1170.9954	3605.7961	14.459051	708.9156	0.068744175	488000	-0.014934266
123	-239.54887	40.081253	238.56879	80.32622	379.25534	-301.53098	238.57	80.32141	387.31442	-257.88214	1111.1357	1233.2555	3534.5874	5.638154	365.79926	2255.5383	1168.7756	3605.7961	14.459051	709.59674	0.068582654	492000	-0.014863686
124	-239.97777	39.956787	239.00389	80.32153	379.25534	-301.53098	239.0051	80.316574	387.31442	-257.88214	1116.9265	1235.4617	3534.5874	5.638154	367.4074	2261.8718	1167.1395	3605.7961	14.459051	710.7734	0.06841957	496000	-0.014879734
125	-240.40074	39.85173	239.43289	80.31452	379.25534	-301.53098	239.43411	80.30954	387.31442	-257.88214	1122.9404	1237.8639	3534.5874	5.638154	369.0037	2266.3955	1164.8639	3605.7961	14.459051	711.644	0.06824271	500000	-0.014807366
126	-240.81384	39.72881	239.85242	80.303314	379.25534	-301.53098	239.85365	80.29847	387.31442	-257.88214	1127.9346	1239.035	3534.5874	5.638154	370.31595	2275.5046	1164.6938	3605.7961	14.459051	713.93256	0.06808144	504000	-0.014509207
127	-241.21518	39.624386	240.26003	80.28859	379.25534	-301.53098	240.26129	80.28362	387.31442	-257.88214	1134.4924	1243.1251	3534.5874	5.638154	372.16116	2282.7983	1162.9863	3605.7961	14.459051	716.18506	0.06791079	508000	-0.014633871
128	-241.61404	39.535988	240.66476	80.27288	379.25534	-301.53098	240.66603	80.26789	387.31442	-257.88214	1139.275	1245.2858	3534.5874	5.638154	373.45004	2290.9585	1162.0806	3605.7961	14.459051	718.40234	0.06775653	512000	-0.014328975
129	-242.00742	39.434948	241.06412	80.254845	379.25534	-301.53098	241.0653	80.25	387.31442	-257.88214	1145.6344	1249.0347	3534.5874	5.638154	375.27274	2298.1113	1160.3932	3605.7961	14.459051	720.58527	0.06759444	516000	-0.014303718
130	-242.39738	39.343555	241.46014	80.234505	379.25534	-301.53098	241.46136	80.229576	387.31442	-257.88214	1151.0724	1251.6154	3534.5874	5.638154	376.81158	2305.5059	1158.9702	3605.7961	14.459051	722.7346	0.06742031	520000	-0.0142289465
131	-242.77995	39.214085	241.84862	80.21266	379.25534	-301.53098	241.84988	80.207664	387.31442	-330.56195	1155.8594	1253.2922	3534.5874	5.638154	378.06638	2303.922	1157.753	3605.7961	14.459051	721.84503	0.06724456	524000	-0.013970797
132	-243.15608	39.14431	242.2306	80.18899	379.25534	-301.53098	242.23187	80.184135	387.31442	-330.56195	1160.6992	1253.8027	3534.5874	5.638154	379.31033	2303.842	1154.5038	3605.7961	14.459051	721.2409	0.06708865	528000	-0.0138767185
133	-243.526	39.04237	242.6063	80.16228	379.25534	-301.53098	242.60757	80.1575	387.31442	-330.56195	1166.448	1256.0948	3534.5874	5.638154	380.81604	2311.4268	1153.7555	3605.7961	14.459051	723.02484	0.06691945	532000	-0.013748922
134	-243.89339	38.944344	242.97931	80.134834	379.25534	-301.53098	242.98059	80.13004	387.31442	-330.56195	1172.7578	1259.8326	3534.5874	5.638154	382.58386	2318.9553	1153.1278	3605.7961	14.459051	724.75525	0.06675867	536000	-0.013759998
135	-244.25887	38.85316	243.35017	80.105934	379.25534	-301.53098	243.35146	80.10102	387.31442	-330.56195	1178.3461	1263.6803	3534.5874	5.638154	384.06827	2321.703	1150.5292	3605.7961	14.459051	724.9748	0.06659377	540000	-0.013741973
136	-244.61963	38.773586	243.71643	80.076935	379.25534	-301.53098	243.71765	80.072174	387.31442	-330.56195	1183.8557	1265.6748	3534.5874	5.638154	385.54218	2329.8936	1150.2448	3605.7961	14.459051	726.9956	0.066432364	544000	-0.013124981
137	-244.97742	38.652924	244.07959	80.048645	379.25534	-301.53098	244.08083	80.04372	387.31442	-330.56195	1189.9963	1269.1372	3534.5874	5.638154	387.27914	2334.7314	1150.5004	3605.7961	14.459051	728.2781	0.06628991	548000	-0.013547783
138	-245.33034	38.54207	244.43791	80.02077	379.25534	-301.53098	244.43916	80.01595	387.31442	-330.56195	1195.3057	1272.4932	3534.5874	5.638154	388.7324	2342.0537	1149.5281	3605.7961	14.459051	730.24713	0.06611061	552000	-0.013138976
139	-245.68373	38.43182	244.79659	79.9934	379.25534	-301.53098	244.7978	79.988304	387.31442	-330.56195	1199.8425	1272.7993	3534.5874	5.638154	389.90182	2349.4966	1148.7191	3605.7961	14.459051	732.18774	0.06595259	556000	-0.013291324
140	-246.03015	38.320915	245.1483	79.96446	379.25534	-301.53098	245.1495	79.95948	387.31442	-330.56195	1205.1393	1274.8405	3534.5874	5.638154	391.33472	2356.743	1147.7942	3605.7961	14.459051	734.1007	0.065808825	560000	-0.0129351625
141	-246.37363	38.21752	245.49701	79.93477	379.25534	-301.53098	245.49825	79.92998	387.31442	-330.56195	1211.1932	1278.2023	3534.5874	5.638154	393.03137	2354.6372	1147.8036	3605.7961	14.459051	733.0794	0.065652974	564000	-0.013086622
142	-246.71506	38.12233	245.84349	79.9067	379.25534	-301.53098	245.84473	79.901924	387.31442	-330.56195	1215.654	1279.2148	3534.5874	5.638154	394.17072	2360.612	1145.9535	3605.7961	14.459051	734.95917	0.06549934	568000	-0.012917506
143	-247.05586	38.0191	246.18936	79.879875	379.25534	-301.53098	246.1906	79.874954	387.31442	-330.56195	1221.6895	1282.5696	3534.5874	5.638154	395.84775	2367.3738	1145.0381	3605.7961	14.459051	736.5846	0.06534607	572000	-0.01301175
144	-247.39253	37.912376	246.53107	79.85041	379.25534	-301.53098	246.53227	79.84557	387.31442	-330.56195	1226.7146	1284.1289	3534.5874	5.638154	397.2414	2374.1523	1143.9318	3605.7961	14.459051	738.4139	0.065195866	576000	-0.01237986
145	-247.72687	37.830242	246.8704	79.820076	379.25534	-301.53098	246.87164	79.815125	387.31442	-330.56195	1231.906	1285.3796	3534.5874	5.638154	398.62543	2381.0508	1142.9825	3605.7961	14.459051	740.21796	0.06505856	580000	-0.012652731
146	-248.05667	37.743416	247.20506	79.78758	379.25534	-301.53098	247.20628	79.78272	387.31442	-330.56195	1236.9825	1288.2638	3534.5874	5.638154	400.0	2387.5354	1142.0492	3605.7961	14.459051	741.75684	0.06492918	584000	-0.012738639
147	-248.38269	37.6326	247.536	79.753685	379.25534	-301.53098	247.53717	79.74887	387.31442	-330.56195	1241.9594	1291.0558	3534.5874	5.638154	401.36517	2394.286	1141.0773	3605.7961	14.459051	743.5136	0.06477476	588000	-0.012582355
148	-248.70686	37.533207	247.865	79.718285	379.25534	-301.53098	247.86618	79.71334	387.31442	-330.56195	1246.9138	1292.8069	3534.5874	5.638154	402.7211	2400.8496	1140.0009	3605.7961	14.459051	745.24664	0.06463643	592000	-0.012209685
149	-249.02773	37.433483	248.19069	79.682594	379.25534	-301.53098	248.19193	79.67768	387.31442	-330.56195	1251.9982	1294.1796	3534.5874	5.638154	404.0678	2407.1042	1138.8114	3605.7961	14.459051	746.79663	0.06449033	596000	-0.012296767
150	-249.34445	37.351757	248.51218	79.646515	379.25534	-301.53098	248.51344	79.641815	387.31442	-330.56195	1257.7856	1297.2006	3534.5874	5.638154	405.6795	2413.535	1137.7214	3605.7961	14.459051	748.4847	0.06434499	600000	-0.0122910915
151	-249.65845	37.25624	248.83072	79.609024	379.25534	-301.53098	248.83197	79.60417	387.31442	-330.56195	1262.7943	1298.349	3534.5874	5.638154	407.0081	2420.1458	1136.8352	3605.7961	14.459051	750.1503	0.06420087	604000	-0.012250214
152	-249.96877	37.163845	249.14572	79.57136	379.25534	-301.53098	249.14696	79.56658	387.31442	-330.56195	1267.773	1299.4547	3534.5874	5.638154	408.32773	2425.8535	1135.6375	3605.7961	14.459051	751.5263	0.06405914	608000	-0.012001468
153	-250.27687	37.06927	249.45847	79.53371	379.25534	-301.53098	249.45969	79.52888	387.31442	-330.56195	1272.7247	1300.6669	3534.5874	5.638154	409.63855	2431.6753	1134.1948	3605.7961	14.459051	753.1503	0.06391531	612000	-0.011956742
154	-250.58185	36.991673	249.76802	79.49706	379.25534	-301.53098	249.76921	79.492325	387.31442	-330.56195	1277.5697	1303.4253	3534.5874	5.638154	410.9406	2431.3206	1131.6632	3605.7961	14.459051	752.5643	0.063772604	616000	-0.011986167
155	-250.8838	36.92614	250.0745	79.45883	379.25534	-301.53098	250.07571	79.453926	387.31442	-330.56195	1280.755	1303.621	3534.5874	5.638154	411.68658	2436.5193	1130.0801	3605.7961	14.459051	753.95935	0.06364182	620000	-0.012156337
156	-251.18239	36.834446	250.37752	79.42114	379.25534	-301.53098	250.37874	79.4162	387.31442	-330.56195	1285.5631	1305.2114	3534.5874	5.638154	412.97153	2442.825	1129.1852	3605.7961	14.459051	755.53656	0.063501745	624000	-0.011629555
157	-251.48035	36.75704	250.67984	79.38262	379.25534	-301.53098	250.68108	79.3778	387.31442	-330.56195	1291.1521	1308.006	3534.5874	5.638154	414.52145	2448.8555	1128.1017	3605.7961	14.459051	757.0936	0.063371636	628000	-0.011782281
158	-251.77618	36.66216	250.9801	79.343544	379.25534	-301.53098	250.98134	79.33866	387.31442	-330.56195	1295.8342	1310.5343	3534.5874	5.638154	415.78946	2454.2551	1126.7241	3605.7961	14.459051	758.46454	0.063230425	632000	-0.011723694
159	-252.06764	36.57774	251.27599	79.30226	379.25534	-301.53098	251.27725	79.29736	387.31442	-330.56195	1300.6893	1311.9069	3534.5874	5.638154	417.0492	2456.7356	1124.4823	3605.7961	14.459051	758.6629	0.06310115	636000	-0.011467517
160	-252.35516	36.500977	251.56787	79.25925	379.25534	-301.53098	251.5691	79.25434	387.31442	-330.56195	1305.3237	1314.2324	3534.5874	5.638154	418.30066	2462.4265	1123.2578	3605.7961	14.459051	760.17126	0.062969856	640000	-0.011530648
161	-252.64072	36.402073	251.85777	79.215454	379.25534	-301.53098	251.859	79.21049	387.31442	-330.56195	1309.9971	1315.5398	3534.5874	5.638154	419.54398	2467.2144	1121.869	3605.7961	14.459051	761.27637	0.06282545	644000	-0.011594134
162	-252.92258	36.3073	252.14384	79.17143	379.25534	-301.53098	252.14507	79.16645	387.31442	-330.56195	1314.7264	1316.6122	3534.5874	5.638154	420.77924	2472.0955	1120.4048	3605.7961	14.459051	762.5414	0.06268653	648000	-0.0115755275
163	-253.20137	36.220425	252.42688	79.12726	379.25534	-301.53098	252.4281	79.122314	387.31442	-330.56195	1319.4303	1318.0326	3534.5874	5.638154	422.00647	2477.4023	1119.0035	3605.7961	14.459051	763.99817	0.06255972	652000	-0.011231503
164	-253.47855	36.136463	252.7082	79.081535	379.25534	-301.53098	252.70943	79.07653	387.31442	-330.56195	1324.1252	1319.1858	3534.5874	5.638154	423.2258	2475.821	1116.8654	3605.7961	14.459051	763.1872	0.062430885	656000	-0.011230758
165	-253.75221	36.053043	252.98602	79.035446	379.25534	-301.53098	252.98724	79.03063	387.31442	-330.56195	1328.7794	1321.6396	3599.366	5.638154	424.4373	2481.2275	1115.627	3605.7961	14.459051	764.62244	0.06229625	660000	-0.011319776
166	-254.02423	35.962692	253.26212	78.99084	379.25534	-301.53098	253.26337	78.98591	387.31442	-330.56195	1333.3954	1323.3805	3599.366	5.638154	425.64102	2472.6428	1124.2854	3605.7961	14.459051	761.9343	0.06215755	664000	-0.011258791
167	-254.29523	35.88498	253.53731	78.94809	379.25534	-301.53098	253.53854	78.943	387.31442	-330.56195	1336.9257	1324.338	3599.366	5.638154	426.56448	2477.0845	1122.9545	3650.0579	14.459051	762.7431	0.06201875	668000	-0.011114967
168	-254.56429	35.795185	253.8104	78.90512	379.25534	-301.53098	253.81161	78.90032	387.31442	-330.56195	1339.0153	1325.3947	3599.366	5.638154	426.93774	2479.9595	1121.6099	3650.0579	14.459051	763.1101	0.06188865	672000	-0.011186191
169	-254.83109	35.712948	254.08125	78.86327	379.25534	-301.53098	254.08246	78.858376	387.31442	-330.56195	1343.638	1327.0621	3638.0906	5.638154	428.11905	2483.9983	1120.3339	3650.0579	14.459051	764.17694	0.06175167	676000	-0.011002404
170	-255.09834	35.61712	254.3524	78.82191	379.25534	-301.53098	254.35355	78.81703	387.31442	-330.56195	1347.3132	1327.3434	3638.0906	5.638154	429.0221	2488.5994	1119.2582	3650.0579	14.459051	765.2941	0.06161912	680000	-0.01087191
171	-255.3631	35.54851	254.62108	78.78215	379.25534	-301.53098	254.62218	78.77721	387.31442	-330.56195	1351.959	1328.2128	3638.0906	5.638154	430.1887	2494.3474	1118.4946	3650.0579	14.459051	766.6667	0.061496727	684000	-0.010611573
172	-255.62462	35.468388	254.88657	78.74518	379.25534	-301.53098	254.88766	78.74051	387.31442	-330.56195	1356.4885	1329.1465	3638.0906	5.638154	431.34796	2498.9248	1117.0173	3650.0579	14.459051	767.7419	0.061369777	688000	-0.010649524
173	-255.88634	35.388508	255.15196	78.70846	379.25534	-301.53098	255.15306	78.703575	387.31442	-330.56195	1360.0603	1330.3071	3638.0906	5.638154	432.22986	2496.814	1116.5201	3650.0579	14.459051	766.84625	0.06126202	692000	-0.010732614
174	-256.1449	35.311996	255.41429	78.67121	379.25534	-301.53098	255.41537	78.66643	387.31442	-330.56195	1363.9275	1329.9008	3638.0906	5.638154	433.10516	2502.094	1115.4767	3650.0579	14.459051	768.1299	0.061140493	696000	-0.010496815
175	-256.401	35.243217	255.67416	78.63185	379.25534	-301.53098	255.67525	78.62688	387.31442	-330.56195	1368.2347	1331.0028	3638.0906	5.638154	434.24316	2505.1125	1113.7421	3650.0579	14.459051	768.72455	0.061030097	700000	-0.010557335
176	-256.65298	35.177402	255.92982	78.59261	379.25534	-301.53098	255.93088	78.587555	387.31442	-330.56195	1372.4758	1331.9963	3638.0906	5.638154	435.37415	2510.0967	1112.5804	3650.0579	14.459051	769.9222	0.06091095	704000	-0.010506281
177	-256.90265	35.12207	256.18314	78.55452	379.25534	-301.53098	256.18423	78.54958	387.31442	-330.56195	1375.1515	1332.8677	3638.0906	5.638154	435.9606	2514.7034	1111.2952	3650.0579	14.459051	770.9062	0.060797155	708000	-0.010453222
178	-257.15442	35.05275	256.43845	78.51548	379.25534	-301.53098	256.43945	78.51062	387.31442	-330.56195	1378.7131	1333.2156	3638.0906	5.638154	436.8098	2509.9812	1110.0282	3650.0579	14.459051	769.20056	0.060686924	712000	-0.010219131
179	-257.4047	35.00052	256.69214	78.47867	379.25534	-301.53098	256.69318	78.47376	387.31442	-330.56195	1382.5225	1333.0369	3638.0906	5.638154	437.6528	2513.7068	1108.2676	3650.0579	14.459051	770.1279	0.06058139	716000	-0.01013058
180	-257.65543	34.922928	256.94647	78.4423	379.25534	-301.53098	256.94742	78.43736	387.31442	-330.56195	1386.8182	1334.053	3638.0906	5.638154	438.75687	2517.6658	1107.2491	3650.0579	14.459051	771.04114	0.0604695	720000	-0.010480035
181	-257.90384	34.858826	257.1985	78.405846	379.25534	-301.53098	257.19943	78.40098	387.31442	-330.56195	1391.0665	1334.7043	3638.0906	5.638154	439.8542	2521.5337	1105.7179	3650.0579	14.459051	771.85803	0.06035503	724000	-0.010182807
182	-258.14944	34.77791	257.44763	78.36846	379.25534	-301.53098	257.44855	78.36371	387.31442	-330.56195	1395.3538	1335.5188	3638.0906	5.638154	440.9449	2522.8823	1103.9058	3674.7573	14.459051	771.7824	0.060245637	728000	-0.010222349
183	-258.3956	34.73008	257.69693	78.330666	379.25534	-301.53098	257.69778	78.32576	387.31442	-330.56195	1400.3765	1337.8016	3638.0906	5.638154	442.29608	2527.759	1102.8527	3674.7573	14.459051	773.0295	0.06014122	732000	-0.009862515
184	-258.6416	34.672344	257.9462	78.29422	379.25534	-301.53098	257.94705	78.28946	387.31442	-330.56195	1404.589	1338.4783	3638.0906	5.638154	443.3735	2532.5515	1101.7617	3674.7573	14.459051	774.26306	0.06003795	736000	-0.010055995
185	-258.88553	34.621346	258.19348	78.25876	379.25534	-301.53098	258.19427	78.25391	387.31442	-330.56195	1409.651	1340.8406	3638.0906	5.638154	444.71155	2537.2478	1100.7577	3674.7573	14.459051	775.3416	0.059927925	740000	-0.009991718
186	-259.12766	34.542015	258.43896	78.2232	379.25534	-301.53098	258.43973	78.21835	387.31442	-330.56195	1413.0376	1341.4547	3638.0906	5.638154	445.50897	2534.8286	1101.2307	3674.7573	14.459051	774.414	0.05982299	744000	-0.009946844
187	-259.36865	34.47092	258.68335	78.18643	379.25534	-301.53098	258.68408	78.18169	387.31442	-330.56195	1417.092	1342.2749	3638.0906	5.638154	446.56717	2539.6487	1100.2488	3674.7573	14.459051	775.6203	0.059723593	748000	-0.009683627
188	-259.60962	34.40798	258.92746	78.14909	379.25534	-301.53098	258.92816	78.144226	387.31442	-330.56195	1418.9182	1340.7672	3638.0906	5.638154	446.82117	2543.4575	1098.8531	3674.7573	14.459051	776.4878	0.059627682	752000	-0.009935042
189	-259.84912	34.33972	259.1701	78.111946	379.25534	-301.53098	259.17078	78.10697	387.31442	-330.56195	1422.041	1341.9863	3638.0906	5.638154	447.60214	2544.1853	1097.9647	3674.7573	14.459051	776.35077	0.05953746	756000	-0.009670751
190	-260.08484	34.299397	259.40903	78.07548	379.25534	-301.53098	259.4097	78.07076	387.31442	-330.56195	1424.4723	1341.0942	3638.0906	5.638154	448.11322	2545.5796	1096.2747	3674.7573	14.459051	776.4558	0.05944993	760000	-0.009478694
191	-260.31888	34.236397	259.64618	78.03801	379.25534	-301.53098	259.64685	78.03307	387.31442	-330.56195	1428.3597	1341.8275	3638.0906	5.638154	449.14755	2547.9832	1094.9797	3674.7573	14.459051	776.8089	0.05936218	764000	-0.009466136
192	-260.55008	34.16302	259.8807	78.00007	379.25534	-301.53098	259.88135	77.99521	387.31442	-330.56195	1432.4741	1342.8536	3674.6895	5.638154	450.17584	2551.7932	1093.5881	3674.7573	14.459051	777.5339	0.0592652	768000	-0.009433008
193	-260.77948	34.09975	260.1134	77.96243	379.25534	-312.55518	260.11404	77.95747	387.31442	-330.56195	1437.3334	1345.035	3674.6895	5.638154	451.46198	2552.0671	1092.526	3674.7573	14.459051	777.1689	0.05917134	772000	-0.009458276
194	-261.00735	34.04194	260.3443	77.92376	379.25534	-312.55518	260.34497	77.91878	387.31442	-330.56195	1440.466	1345.475	3674.6895	5.638154	452.21445	2554.8855	1091.2534	3674.7573	14.459051	777.5866	0.059069786	776000	-0.009570737
195	-261.23303	33.98742	260.57312	77.884834	379.25534	-312.55518	260.57376	77.87997	387.31442	-330.56195	1444.4485	1346.6525	3674.6895	5.638154	453.22488	2553.2214	1090.7316	3674.7573	14.459051	776.80206	0.058977045	780000	-0.009395932
196	-261.45862	33.919483	260.8016	77.846924	379.25534	-312.55518	260.80228	77.84214	387.31442	-330.56195	1445.0739	1344.8003	3674.6895	5.638154	453.1792	2557.5894	1089.7329	3674.7573	14.459051	777.74133	0.058879398	784000	-0.009299956
197	-261.68253	33.85576	261.02863	77.808945	379.25534	-312.55518	261.02924	77.804115	387.31442	-330.56195	1447.5667	1343.0295	3674.6895	5.638154	453.65573	2558.76	1088.5854	3674.7573	14.459051	777.69135	0.058795515	788000	-0.009375463
198	-261.90152	33.80634	261.25082	77.770775	379.25534	-312.55518	261.2514	77.76593	387.31442	-330.56195	1451.45	1343.3456	3674.6895	5.638154	454.64984	2563.002	1087.7144	3678.941	14.459051	778.648	0.058704976	792000	-0.009322364
199	-262.11594	33.748802	261.4683	77.732254	379.25534	-312.55518	261.46887	77.72742	387.31442	-330.56195	1453.8323	1343.2758	3674.6895	5.638154	455.11722	2566.5745	1086.4502	3678.941	14.459051	779.3603	0.058614593	796000	-0.009101411
200	-262.3271	33.705124	261.68243	77.69367	379.25534	-312.55518	261.68292	77.68871	387.31442	-330.56195	1456.9583	1343.5259	3674.6895	5.638154	455.84045	2564.4346	1085.0901	3678.941	14.459051	778.3645	0.058525477	800000	-0.009145558
201	-262.5364	33.643497	261.89462	77.656136	379.25534	-312.55518	261.8951	77.65135	387.31442	-330.56195	1459.9907	1343.6266	3674.6895	5.638154	456.55878	2563.326	1082.975	3678.941	14.459051	777.689	0.05844666	804000	-0.00910499
202	-262.7449	33.575325	262.1062	77.61801	379.25534	-312.55518	262.1067	77.61306	387.31442	-330.56195	1463.0283	1343.2783	3674.6895	5.638154	457.27222	2567.5615	1081.959	3678.941	14.459051	778.7896	0.05836176	808000	-0.008983848
203	-262.95386	33.509727	262.31805	77.57878	379.25534	-312.55518	262.31854	77.57405	387.31442	-330.56195	1466.9344	1344.0977	3674.6895	5.638154	458.2393	2571.794	1081.0006	3678.941	14.459051	779.7926	0.058281805	812000	-0.008866625
204	-263.16296	33.45812	262.53006	77.54073	379.25534	-312.55518	262.53055	77.53589	387.31442	-330.56195	1470.5681	1344.9578	3674.6895	5.638154	459.2009	2569.871	1079.7726	3678.941	14.459051	778.96277	0.05819557	816000	-0.009008311
205	-263.36978	33.396225	262.7397	77.50476	379.25534	-312.55518	262.7402	77.49975	387.31442	-330.56195	1473.6862	1344.1255	3674.6895	5.638154	459.89905	2570.7356	1078.7893	3678.941	14.459051	778.8541	0.058122095	820000	-0.009035104
206	-263.57715	33.341846	262.9499	77.46879	379.25534	-312.55518	262.9504	77.46395	387.31442	-330.56195	1475.9971	1343.0067	3674.6895	5.638154	460.3352	2574.9277	1077.8445	3678.941	14.459051	779.9277	0.05803301	824000	-0.008814253
207	-263.78284	33.287983	263.15848	77.4327	379.25534	-312.55518	263.15906	77.42796	387.31442	-330.56195	1478.0958	1341.8506	3674.6895	5.638154	460.76794	2571.7637	1076.9972	3678.941	14.459051	778.7744	0.05795048	828000	-0.009003763
208	-263.986	33.23229	263.36438	77.397194	379.25534	-312.55518	263.36493	77.39246	387.31442	-330.56195	1479.4451	1340.0872	3674.6895	5.638154	460.94183	2567.4424	1077.1573	3678.941	14.459051	777.25916	0.057858266	832000	-0.008884822
209	-264.1904	33.175762	263.57138	77.36094	379.25534	-312.55518	263.572	77.3561	387.31442	-330.56195	1480.7982	1338.4265	3674.6895	5.638154	461.11417	2567.8967	1076.1367	3678.941	14.459051	777.1938	0.057777654	836000	-0.0088292
210	-264.39084	33.126156	263.7747	77.32456	379.25534	-312.55518	263.7753	77.31981	387.31442	-330.56195	1481.4	1336.157	3674.6895	5.638154	461.03183	2571.8374	1075.159	3678.941	14.459051	778.1381	0.057687383	840000	-0.008664141
211	-264.58997	33.061287	263.97644	77.287224	379.25534	-312.55518	263.97702	77.28255	387.31442	-330.56195	1483.606	1335.7047	3674.6895	5.638154	461.45435	2567.3435	1075.0078	3678.941	14.459051	776.56396	0.057596978	844000	-0.008540728
212	-264.78674	33.01713	264.17606	77.250275	379.25534	-312.55518	264.17664	77.24548	387.31442	-330.56195	1485.712	1334.8678	3674.6895	5.638154	461.87363	2569.1184	1073.706	3678.941	14.459051	776.7571	0.05751204	848000	-0.008723357
213	-264.98184	32.969486	264.37396	77.21347	379.25534	-312.55518	264.3745	77.208755	387.31442	-330.56195	1488.6285	1335.0912	3674.6895	5.638154	462.5407	2565.3687	1074.4119	3695.5361	14.459051	775.37885	0.057421453	852000	-0.008748264
214	-265.17603	32.929054	264.5707	77.1786	379.25534	-312.55518	264.5712	77.17373	387.31442	-330.56195	1490.7683	1334.6676	3674.6895	5.638154	462.95294	2563.228	1074.1466	3695.5361	14.459051	774.5332	0.05733526	856000	-0.008491275
215	-265.37003	32.87126	264.7672	77.14307	379.25534	-312.55518	264.76776	77.13825	387.31442	-330.56195	1492.8696	1333.4604	3674.6895	5.638154	463.36206	2562.8528	1073.1746	3695.5361	14.459051	774.1344	0.05724403	860000	-0.0086215725
216	-265.5619	32.823612	264.96182	77.107315	379.25534	-312.55518	264.96228	77.10266	387.31442	-330.56195	1493.1938	1333.1528	3674.6895	5.638154	463.27078	2560.9211	1073.6183	3695.5361	14.459051	773.2875	0.05714719	864000	-0.008722254
217	-265.7525	32.786026	265.155	77.07091	379.25534	-312.55518	265.15552	77.066025	387.31442	-330.56195	1496.9779	1333.4884	3674.6895	5.638154	464.1711	2563.6982	1072.4586	3695.5361	14.459051	773.74976	0.057053898	868000	-0.0083827395
218	-265.9426	32.728134	265.34778	77.03478	379.25534	-312.55518	265.34827	77.02999	387.31442	-330.56195	1500.6853	1334.2644	3674.6895	5.638154	465.06668	2565.4766	1071.3066	3695.5361	14.459051	773.90137	0.056956068	872000	-0.008630232
219	-266.12964	32.673393	265.53745	77.00063	379.25534	-312.55518	265.53793	76.995926	387.31442	-330.56195	1503.4946	1334.4191	3674.6895	5.638154	465.70972	2567.5996	1070.0574	3695.5361	14.459051	774.1895	0.056862723	876000	-0.008380552
220	-266.31332	32.608353	265.72375	76.96687	379.25534	-312.55518	265.72424	76.96222	387.31442	-330.56195	1506.325	1335.1101	3674.6895	5.638154	466.3487	2571.2131	1069.4226	3706.0623	14.459051	774.91364	0.056770165	880000	-0.008454342
221	-266.4969	32.562485	265.90973	76.932755	379.25534	-312.55518	265.91022	76.92809	387.31442	-330.56195	1509.8251	1335.6849	3674.6895	5.638154	467.23044	2572.3987	1068.1653	3706.0623	14.459051	774.9756	0.05669058	884000	-0.008291784
222	-266.67862	32.525124	266.094	76.89771	379.25534	-312.55518	266.09445	76.893036	387.31442	-330.56195	1513.1989	1336.477	3674.6895	5.638154	468.10754	2574.168	1067.1595	3706.0623	14.459051	775.21893	0.056594778	888000	-0.008501925
223	-266.85934	32.482147	266.27716	76.8616	379.25534	-312.55518	266.27768	76.85685	387.31442	-330.56195	1516.5946	1337.7988	3674.6895	5.638154	468.98	2576.2654	1066.2858	3706.0623	14.459051	775.57086	0.056509018	892000	-0.008261324
224	-267.03955	32.44648	266.4599	76.825485	379.25534	-312.55518	266.46042	76.82081	387.31442	-330.56195	1520.7417	1339.4536	3674.6895	5.638154	470.09445	2579.0322	1065.3679	3706.0623	14.459051	776.07544	0.056426752	896000	-0.008299037
225	-267.21875	32.398598	266.64148	76.78924	379.25534	-312.55518	266.642	76.78465	387.31442	-330.56195	1524.1608	1340.2153	3674.6895	5.638154	470.9576	2579.3196	1065.0193	3706.0623	14.459051	775.8889	0.056352556	900000	-0.007993447
226	-267.39667	32.345287	266.82193	76.75306	379.25534	-312.55518	266.82245	76.7483	387.31442	-330.56195	1526.9005	1339.764	3674.6895	5.638154	471.57016	2578.8684	1063.8312	3706.0623	14.459051	775.4323	0.056265365	904000	-0.008145776
227	-267.57343	32.30476	267.00107	76.71655	379.25534	-312.55518	267.0016	76.711914	387.31442	-330.56195	1530.8995	1341.2288	3674.6895	5.638154	472.67047	2581.7693	1063.1342	3706.0623	14.459051	776.152	0.05619357	908000	-0.007902725
228	-267.7505	32.257824	267.18042	76.68092	379.25534	-312.55518	267.1809	76.67637	387.31442	-330.56195	1533.6102	1340.3076	3674.6895	5.638154	473.2745	2581.4048	1061.3242	3706.0623	14.459051	775.72766	0.05612232	912000	-0.007962739
229	-267.92706	32.20328	267.35947	76.644875	379.25534	-312.55518	267.36	76.640175	387.31442	-330.56195	1533.39	1339.8098	3674.6895	5.638154	473.1405	2582.494	1062.9984	3706.0623	14.459051	775.87946	0.056041025	916000	-0.008090738
230	-268.10107	32.170124	267.53574	76.61035	379.25534	-312.55518	267.53622	76.60576	387.31442	-330.56195	1533.7946	1337.2555	3674.6895	5.638154	473.00772	2581.0845	1062.6442	3706.0623	14.459051	775.1565	0.055967372	920000	-0.0078076054
231	-268.27557	32.12572	267.7126	76.57495	379.25534	-312.55518	267.71313	76.57035	387.31442	-330.56195	1537.1962	1337.8851	3674.6895	5.638154	473.84616	2582.1045	1061.8315	3706.0623	14.459051	775.17316	0.05589277	924000	-0.008046873
232	-268.44833	32.07983	267.8876	76.54018	379.25534	-312.55518	267.88815	76.53565	387.31442	-330.56195	1540.6189	1338.541	3674.6895	5.638154	474.6803	2581.4888	1061.287	3706.0623	14.459051	774.6978	0.055817377	928000	-0.007831796
233	-268.6211	32.041348	268.06265	76.50408	379.25534	-312.55518	268.0632	76.49947	387.31442	-330.56195	1542.5734	1337.3003	3674.6895	5.638154	475.02548	2583.0012	1060.5383	3717.7114	14.459051	774.794	0.055735596	932000	-0.00787809
234	-268.7931	31.976503	268.2369	76.467964	379.25534	-312.55518	268.23746	76.46344	387.31442	-330.56195	1546.1007	1337.7219	3674.6895	5.638154	475.85156	2585.8909	1059.8765	3717.7114	14.459051	775.41455	0.05565616	936000	-0.0077978782
235	-268.9631	31.937935	268.4092	76.432755	379.25534	-312.55518	268.40973	76.42818	387.31442	-330.56195	1548.5588	1338.0281	3674.6895	5.638154	476.43182	2589.6309	1059.1719	3717.7114	14.459051	776.3315	0.055580627	940000	-0.007946328
236	-269.13217	31.887953	268.58057	76.397995	379.25534	-312.55518	268.58115	76.39333	387.31442	-330.56195	1551.826	1338.3551	3674.6895	5.638154	477.24976	2593.4373	1058.5361	3717.7114	14.459051	777.27924	0.05549292	944000	-0.007928747
237	-269.29932	31.839573	268.74994	76.3629	379.25534	-312.55518	268.7505	76.35836	387.31442	-330.56195	1555.2958	1338.8214	3674.6895	5.638154	478.06354	2591.6716	1058.6522	3717.7114	14.459051	776.5578	0.055411536	948000	-0.0078410935
238	-269.4662	31.805223	268.91907	76.327835	379.25534	-312.55518	268.9196	76.32341	387.31442	-330.56195	1552.1444	1339.796	3674.6895	5.638154	476.95392	2595.0962	1057.956	3717.7114	14.459051	777.345	0.0553271	952000	-0.00787655
239	-269.63116	31.780712	269.0863	76.29383	379.25534	-312.55518	269.08688	76.289154	387.31442	-330.56195	1555.3132	1339.8837	3674.6895	5.638154	477.7611	2598.9475	1057.4132	3717.7114	14.459051	778.27655	0.055246465	956000	-0.007631026
240	-269.79767	31.730473	269.25494	76.2605	379.25534	-312.55518	269.25555	76.25602	387.31442	-330.56195	1557.7651	1340.4607	3674.6895	5.638154	478.32587	2601.529	1056.326	3717.7114	14.459051	778.7562	0.055167407	960000	-0.007770943
241	-269.965	31.688578	269.42447	76.22703	379.25534	-312.55518	269.42502	76.22258	387.31442	-330.56195	1560.245	1341.1815	3674.6895	5.638154	478.88724	2599.3855	1055.6964	3717.7114	14.459051	777.83984	0.055086445	964000	-0.0076186163
242	-270.13214	31.659481	269.5937	76.1965	379.25534	-312.55518	269.59424	76.191765	387.31442	-330.56195	1562.7831	1340.8986	3674.6895	5.638154	479.44528	2602.9663	1054.9846	3717.7114	14.459051	778.7054	0.055007547	968000	-0.0077653737
243	-270.29868	31.623808	269.7624	76.16611	379.25534	-312.55518	269.76288	76.1616	387.31442	-330.56195	1566.632	1342.3625	3674.6895	5.638154	480.47455	2605.951	1054.1187	3717.7114	14.459051	779.3555	0.054927245	972000	-0.0076665445
244	-270.46634	31.584658	269.93195	76.134964	379.25534	-312.55518	269.93243	76.13066	387.31442	-330.56195	1569.8893	1343.1924	3674.6895	5.638154	481.26233	2607.7183	1053.4453	3717.7114	14.459051	779.6057	0.054856468	976000	-0.007542239
245	-270.6347	31.55811	270.10236	76.10381	379.25534	-312.55518	270.10287	76.09926	387.31442	-330.56195	1571.3977	1342.3473	3674.6895	5.638154	481.57248	2610.475	1052.569	3717.7114	14.459051	780.1298	0.054775834	980000	-0.0076132263
246	-270.80276	31.521706	270.2725	76.071754	379.25534	-312.55518	270.273	76.067314	387.31442	-330.56195	1573.681	1342.649	3674.6895	5.638154	482.1166	2613.37	1051.7317	3717.7114	14.459051	780.84674	0.05470031	984000	-0.0075603295
247	-270.9705	31.489307	270.4422	76.038795	379.25534	-312.55518	270.4427	76.03447	387.31442	-330.56195	1576.7673	1343.1333	3674.6895	5.638154	482.89346	2613.4963	1051.1794	3717.7114	14.459051	780.58057	0.054624584	988000	-0.0074103614
248	-271.13626	31.434595	270.60986	76.006836	379.25534	-312.55518	270.61035	76.002335	387.31442	-330.56195	1578.6396	1342.3705	3674.6895	5.638154	483.1953	2616.9402	1050.462	3717.7114	14.459051	781.4254	0.054545656	992000	-0.0073964084
249	-271.30267	31.382023	270.77817	75.97562	379.25534	-312.55518	270.7787	75.97111	387.31442	-330.56195	1581.6747	1342.7699	3674.6895	5.638154	483.96503	2616.6694	1049.6049	3792.997	14.459051	781.04736	0.0544665	996000	-0.0075364048
250	-271.46744	31.344482	270.94498	75.94509	379.25534	-312.55518	270.94543	75.94066	387.31442	-330.56195	1582.6389	1341.2184	3674.6895	5.638154	484.0271	2619.184	1048.3514	3792.997	14.459051	781.6156	0.054383203	1000000	-0.007389131
