epoch	pi-loss	q-loss	average-q1-values	std-q1-values	max-q1-values	min-q1-values	average-q2-values	std-q2-values	max-q2-values	min-q2-values	average-episode-return	std-episode-return	max-episode-return	min-episode-return	episode-length	average-test-episode-return	std-test-episode-return	max-test-episode-return	min-test-episode-return	test-episode-length	entropy-coeff	total-env-interacts	entropy-coeff-loss
1	-14.958133	3.4275172	13.394928	7.797704	55.0498	-7.7234273	13.396251	7.802568	54.116394	-4.654306	19.25883	15.84484	92.36332	4.5125747	22.222221	152.81247	14.237178	176.51602	133.38857	74.0	0.33979937	4000	-3.2297175
2	-36.903698	20.601345	33.953217	28.134037	172.53146	-27.55424	33.956184	28.148945	175.74167	-22.78781	31.741516	52.644077	234.68448	3.4156272	26.666666	185.11398	34.008812	224.83868	133.38857	85.85	0.22855015	8000	-1.233542
3	-66.02276	36.273285	62.30806	50.999977	230.5226	-43.75082	62.309204	51.02675	226.99635	-41.56583	55.15724	85.35859	299.05518	3.4156272	35.820896	213.86026	49.26999	275.63235	133.38857	94.1	0.21018659	12000	-0.7886795
4	-90.87168	44.976013	86.787346	65.78672	240.70145	-57.504196	86.78796	65.820724	242.9	-60.488197	75.16148	102.80544	302.998	3.4156272	43.243244	221.8335	46.12177	275.63235	133.38857	97.925	0.20426391	16000	-0.57496685
5	-107.898705	49.82084	103.81078	73.18571	268.549	-57.504196	103.81137	73.22473	277.12997	-60.488197	91.049774	112.5396	390.15903	3.4156272	49.627792	215.83133	44.865963	275.63235	133.38857	101.34	0.19213217	20000	-0.47027394
6	-118.48655	51.424545	114.46209	76.22376	274.8531	-61.582977	114.46295	76.26319	277.12997	-62.721	101.959984	130.9828	975.2222	3.4156272	57.553955	347.47092	297.4267	1058.1927	133.38857	247.18333	0.18177696	24000	-0.39050773
7	-126.18196	50.909428	122.27123	77.14264	274.8531	-77.56585	122.27199	77.18208	277.12997	-113.18707	111.073524	158.51779	1044.0421	3.4156272	66.35071	442.7456	360.9689	1058.1927	133.38857	354.72858	0.17250946	28000	-0.3309222
8	-132.06104	50.156925	128.28766	76.90631	274.8531	-77.56585	128.28783	76.94651	277.12997	-113.18707	120.30602	174.05566	1044.0421	3.4156272	74.4186	514.3933	387.23657	1058.1927	133.38857	435.3875	0.16410884	32000	-0.28896973
9	-136.9776	48.582226	133.31831	76.06154	274.8531	-77.56585	133.31816	76.10065	277.12997	-113.18707	128.75235	192.1075	1044.0421	3.4156272	82.75862	488.43658	372.4842	1058.1927	133.38857	401.02222	0.15867962	36000	-0.2585688
10	-140.87982	47.338715	137.35527	75.12176	274.8531	-77.56585	137.35478	75.159515	277.12997	-113.18707	139.63736	192.71758	1044.0421	3.4156272	86.7679	480.90137	354.14954	1058.1927	133.38857	383.44	0.15099327	40000	-0.24013476
11	-143.65567	45.776836	140.26517	74.1024	274.8531	-77.56585	140.26442	74.13917	277.12997	-113.18707	150.21634	193.18912	1044.0421	3.4156272	90.349075	469.41745	339.6333	1058.1927	133.38857	362.3818	0.14408475	44000	-0.22007574
12	-145.51318	44.445286	142.25328	72.985275	274.8531	-114.8021	142.25237	73.02113	277.12997	-113.18707	158.82301	194.14108	1044.0421	3.4156272	94.117645	511.59503	359.84842	1097.6218	133.38857	405.79166	0.13784203	48000	-0.19971174
13	-146.6962	42.93642	143.56758	71.655876	274.8531	-114.8021	143.56651	71.690636	277.12997	-113.18707	166.22336	205.00316	1104.9429	3.4156272	100.3861	531.16284	357.5184	1256.0142	133.38857	417.6077	0.13199537	52000	-0.1867162
14	-147.37642	41.633698	144.37088	70.23616	274.8531	-114.8021	144.3697	70.27025	277.12997	-131.78404	173.58241	203.60631	1104.9429	3.4156272	102.7523	512.4253	355.4647	1256.0142	12.408657	399.19287	0.12664194	56000	-0.17350046
15	-147.84192	40.49581	144.94557	68.941124	274.8531	-114.8021	144.9443	68.97434	277.12997	-131.78404	182.28465	210.44917	1112.589	3.4156272	106.57194	518.3354	344.1558	1256.0142	12.408657	387.11334	0.12186464	60000	-0.164094
16	-148.1892	39.44428	145.39343	67.69897	274.8531	-142.05556	145.39209	67.73117	277.12997	-131.78404	190.38457	215.6496	1112.589	3.4156272	110.72665	518.2828	333.51834	1256.0142	12.408657	375.44376	0.11787859	64000	-0.15188669
17	-148.66383	38.461716	145.9495	66.65074	274.8531	-142.05556	145.94809	66.68209	277.12997	-131.78404	199.22157	217.754	1112.589	3.4156272	113.52254	520.05597	324.3279	1256.0142	12.408657	366.84705	0.115210645	68000	-0.14169475
18	-149.16252	37.580532	146.53088	65.75225	274.8531	-142.05556	146.52954	65.78283	277.12997	-131.78404	207.48442	219.7253	1112.589	3.4156272	116.31664	519.82916	324.79834	1509.5945	12.408657	359.78333	0.11196273	72000	-0.13513842
19	-149.59908	36.78218	147.04282	64.90517	274.8531	-142.05556	147.04147	64.934975	277.12997	-131.78404	214.65953	224.0519	1189.7186	3.4156272	118.93584	510.239	318.75156	1509.5945	12.408657	348.71054	0.10924187	76000	-0.12502436
20	-150.06488	36.084103	147.57707	64.15376	274.8531	-142.05556	147.57578	64.18274	277.12997	-131.78404	209.80373	225.73697	1189.7186	-0.50566196	115.77424	485.2752	329.18726	1509.5945	8.745025	333.4	0.10688603	80000	-0.11944942
21	-150.56654	35.78179	148.134	63.52835	274.8531	-142.05556	148.13274	63.556347	277.12997	-131.78404	209.88803	230.46404	1189.7186	-0.50566196	115.22634	508.113	338.80472	1509.5945	8.745025	354.03333	0.10490275	84000	-0.11347059
22	-151.08885	35.29448	148.70796	62.991177	274.8531	-142.05556	148.70674	63.01814	277.12997	-162.29222	217.31981	242.50635	1552.643	-0.50566196	119.079834	531.47	347.89023	1509.5945	8.745025	383.39545	0.10292066	88000	-0.10994412
23	-151.59918	34.81644	149.27127	62.4519	274.8531	-142.05556	149.27025	62.477833	277.12997	-162.29222	222.3624	247.68372	1552.643	-0.50566196	122.830444	534.5149	340.5658	1509.5945	8.745025	375.93478	0.10092062	92000	-0.10532732
24	-152.0932	34.370346	149.8119	61.94392	274.8531	-142.05556	149.81104	61.968956	277.12997	-162.29222	230.6735	250.95808	1552.643	-0.50566196	124.67532	532.2031	333.6441	1509.5945	8.745025	367.50833	0.099355645	96000	-0.09875647
25	-152.67625	33.918533	150.43416	61.528797	274.8531	-142.05556	150.43333	61.553074	277.12997	-162.29222	239.09303	253.05455	1552.643	-0.50566196	126.26263	534.73096	327.14587	1509.5945	8.745025	360.884	0.09800181	100000	-0.09490719
26	-153.35086	33.57355	151.14735	61.21242	274.8531	-142.05556	151.14674	61.23579	277.12997	-162.29222	247.81944	258.47366	1552.643	-0.50566196	128.23674	547.4664	327.43076	1509.5945	8.745025	358.59616	0.09668154	104000	-0.09013561
27	-154.04915	33.278378	151.8861	60.939034	274.8531	-142.05556	151.8855	60.961693	277.12997	-162.29222	257.27948	265.37482	1552.643	-0.50566196	130.5925	557.7271	325.75574	1509.5945	8.745025	355.4852	0.09548799	108000	-0.087952815
28	-154.75996	33.005646	152.63016	60.712547	274.8531	-142.05556	152.6296	60.734592	277.12997	-162.29222	266.56174	272.0423	1552.643	-0.50566196	132.70142	569.0088	325.2403	1509.5945	8.745025	352.50714	0.09463151	112000	-0.08396226
29	-155.51053	32.746323	153.41386	60.537415	274.8531	-142.05556	153.41333	60.55886	277.12997	-162.29222	276.09198	279.3832	1552.643	-0.50566196	134.88373	573.5269	320.62433	1509.5945	8.745025	347.9207	0.093620665	116000	-0.080671035
30	-156.32259	32.547718	154.25795	60.426823	274.8531	-142.05556	154.25748	60.447586	277.12997	-162.29222	283.9954	283.96872	1552.643	-0.50566196	136.51877	576.92053	318.61548	1509.5945	8.745025	343.63	0.09275979	120000	-0.07817789
31	-157.10606	32.493385	155.07509	60.351288	275.23734	-142.05556	155.07463	60.371685	277.12997	-162.29222	289.9262	288.7094	1552.643	-0.50566196	138.54749	589.29407	320.71246	1509.5945	8.745025	341.84515	0.09178856	124000	-0.076173685
32	-157.91296	32.38768	155.911	60.318996	275.23734	-142.05556	155.91058	60.33883	284.5586	-162.29222	299.32388	295.47766	1552.643	-0.50566196	140.50494	598.92084	320.20532	1509.5945	8.745025	339.18124	0.0909482	128000	-0.073844045
33	-158.76035	32.347	156.78564	60.367287	280.9902	-142.05556	156.78523	60.38674	284.5586	-162.29222	308.9008	304.6177	1552.643	-0.50566196	142.7027	616.87555	331.6093	1509.5945	8.745025	339.6303	0.0902131	132000	-0.07067348
34	-159.66727	32.246742	157.7185	60.500633	281.55527	-142.05556	157.71815	60.51966	284.5586	-162.29222	318.7286	328.41125	2735.0193	-0.50566196	145.61028	659.9333	426.07684	2877.9897	8.745025	350.1647	0.089543425	136000	-0.069153965
35	-160.66008	32.161552	158.73434	60.737762	281.55527	-142.05556	158.73405	60.756367	284.5586	-162.29222	328.49417	341.61163	2735.0193	-0.50566196	148.14815	666.64404	421.82846	2877.9897	8.745025	347.69714	0.088980876	140000	-0.06553982
36	-161.69644	32.124146	159.7941	61.027866	287.1981	-142.05556	159.79385	61.046043	286.78552	-162.29222	338.20096	368.66144	2979.0732	-0.50566196	151.10179	690.2105	444.45197	2877.9897	8.745025	350.96945	0.08844806	144000	-0.06455861
37	-162.77501	32.14307	160.89397	61.366764	295.34424	-142.05556	160.89377	61.38464	298.9166	-162.29222	346.67694	374.48798	2979.0732	-0.50566196	153.05067	703.07965	446.0291	2877.9897	8.745025	350.6919	0.08805579	148000	-0.06333378
38	-163.871	32.239277	162.01077	61.71307	295.34424	-142.05556	162.01056	61.730583	299.3842	-162.29222	356.06766	383.1026	2979.0732	-0.50566196	155.26047	728.37384	477.00165	3079.1362	8.745025	354.83685	0.08762772	152000	-0.061710253
39	-164.96358	32.318943	163.12334	62.05983	296.73773	-142.05556	163.12308	62.077015	300.2385	-162.29222	364.34808	386.37845	2979.0732	-0.50566196	156.94165	737.6045	474.76736	3079.1362	8.745025	354.09488	0.08734708	156000	-0.058856588
40	-166.06558	32.320457	164.24507	62.434605	296.73773	-142.05556	164.2449	62.451202	300.2385	-162.29222	373.05313	392.24185	2979.0732	-0.50566196	158.88779	775.8476	532.61456	3241.5178	8.745025	361.8225	0.086956814	160000	-0.057917062
41	-167.17096	32.350204	165.37029	62.828846	296.73773	-142.05556	165.37004	62.845108	300.2385	-162.29222	381.93338	405.41708	3185.9194	-0.50566196	161.10019	784.1119	529.0118	3241.5178	8.745025	360.97806	0.086518854	164000	-0.056959502
42	-168.26155	32.33777	166.48041	63.21064	296.73773	-142.05556	166.48021	63.22662	300.2385	-162.29222	390.85794	413.81863	3185.9194	-0.50566196	163.2653	801.9157	536.9493	3241.5178	8.745025	363.34763	0.0859839	168000	-0.05590096
43	-169.33595	32.41411	167.57338	63.57998	296.73773	-142.05556	167.57323	63.59562	300.2385	-162.29222	398.5171	418.55954	3185.9194	-0.50566196	165.06718	805.8444	531.2921	3241.5178	8.745025	361.3558	0.08554353	172000	-0.054297656
44	-170.38614	32.435673	168.64182	63.938774	296.73773	-142.05556	168.64168	63.95401	300.2385	-162.29222	406.13312	421.78137	3185.9194	-0.50566196	166.82465	808.0838	525.4553	3241.5178	8.745025	359.175	0.0851355	176000	-0.05282383
45	-171.42088	32.498955	169.69437	64.2796	308.37747	-142.05556	169.69424	64.294655	300.2385	-162.29222	414.0172	428.07297	3185.9194	-0.50566196	168.69728	814.8918	521.6812	3241.5178	8.745025	358.48444	0.08468597	180000	-0.052232657
46	-172.42816	32.421917	170.72063	64.61297	308.37747	-142.05556	170.72061	64.627686	301.0533	-162.29222	422.12274	435.42056	3185.9194	-0.50566196	170.68646	820.3655	517.41925	3241.5178	8.745025	357.53043	0.084204994	184000	-0.05128588
47	-173.42044	32.379494	171.73079	64.940155	308.37747	-142.05556	171.73077	64.954666	301.0533	-162.29222	430.82373	453.3703	3185.9194	-0.50566196	173.2719	832.08185	520.0319	3241.5178	8.745025	358.6553	0.08371351	188000	-0.05023592
48	-174.40298	32.39152	172.73138	65.27711	309.46585	-142.05556	172.73135	65.29134	307.27856	-162.29222	437.8655	456.77707	3185.9194	-0.50566196	174.86339	837.3271	515.9068	3241.5178	8.745025	357.99167	0.08329121	192000	-0.049073752
49	-175.36118	32.37221	173.70609	65.604805	311.97665	-142.05556	173.70607	65.618805	309.0407	-162.29222	444.40997	458.23846	3185.9194	-0.50566196	176.25899	842.18085	511.75995	3241.5178	8.745025	357.06326	0.08281832	196000	-0.0480826
50	-176.31444	32.34977	174.67542	65.92861	313.6865	-142.05556	174.6754	65.94236	314.57907	-203.64343	451.8912	463.97498	3185.9194	-0.50566196	178.09439	847.56793	509.5656	3241.5178	8.745025	356.564	0.08236637	200000	-0.047399823
51	-177.26443	32.439304	175.64058	66.26414	316.73615	-142.05556	175.64062	66.27768	314.57907	-219.05312	460.21027	473.2805	3185.9194	-0.50566196	180.21202	850.6406	505.07428	3241.5178	8.745025	355.2745	0.081987254	204000	-0.04552876
52	-178.21216	32.451694	176.6036	66.599205	316.73615	-271.7972	176.60362	66.61269	314.57907	-480.06168	467.465	479.79288	3185.9194	-0.50566196	181.97725	888.47144	573.4603	3241.5178	8.745025	366.4827	0.08167654	208000	-0.044962645
53	-179.13297	32.449368	177.5402	66.9114	320.01306	-271.7972	177.54024	66.92455	314.57907	-480.06168	475.30338	489.34598	3185.9194	-0.50566196	184.02777	924.0185	623.43005	3241.5178	8.745025	377.9415	0.081282705	212000	-0.044537604
54	-180.037	32.38971	178.45937	67.21089	320.01306	-271.7972	178.45946	67.22375	314.57907	-480.06168	482.33035	493.49997	3185.9194	-0.50566196	185.72656	963.3956	682.2436	3241.5178	8.745025	388.57407	0.08088006	216000	-0.04364866
55	-180.92627	32.356926	179.36307	67.51665	320.01306	-271.7972	179.36314	67.529366	314.57907	-480.06168	488.4426	495.9662	3185.9194	-0.50566196	187.07483	961.92645	676.1561	3241.5178	8.745025	386.10727	0.080490686	220000	-0.04293889
56	-181.80948	32.324467	180.25983	67.82266	323.03812	-271.7972	180.25989	67.83514	314.57907	-480.06168	494.55444	497.47775	3185.9194	-0.50566196	188.3936	960.9623	670.15	3241.5178	8.745025	383.8482	0.08018394	224000	-0.0417518
57	-182.68994	32.290966	181.15387	68.129906	323.03812	-271.7972	181.15392	68.14218	314.57907	-480.06168	500.17966	497.74365	3185.9194	-0.50566196	189.52618	965.00836	665.1594	3241.5178	8.745025	383.27368	0.07988873	228000	-0.04158339
58	-183.54414	32.25929	182.02228	68.417694	323.03812	-271.7972	182.02231	68.429756	314.57907	-480.06168	505.76645	497.70966	3185.9194	-0.50566196	190.6327	969.77985	660.54596	3241.5178	8.745025	382.82242	0.079487085	232000	-0.04085191
59	-184.37027	32.26111	182.86192	68.68835	323.03812	-271.7972	182.86195	68.7003	314.57907	-480.06168	511.6706	499.4573	3185.9194	-0.50566196	191.86992	970.41833	654.95374	3241.5178	8.745025	381.27457	0.07915968	236000	-0.04025978
60	-185.18335	32.240707	183.68813	68.95283	323.03812	-271.7972	183.6882	68.96455	314.57907	-480.06168	517.6762	501.16632	3185.9194	-0.50566196	193.23671	971.82263	649.6228	3241.5178	8.745025	380.11835	0.0788459	240000	-0.039203305
61	-185.98749	32.160305	184.50487	69.215195	323.03812	-271.7972	184.50497	69.22665	314.57907	-480.06168	523.5036	502.52722	3185.9194	-0.50566196	194.57735	978.3649	647.66187	3241.5178	8.745025	380.44263	0.07853863	244000	-0.03872525
62	-186.78514	32.150955	185.3147	69.48134	323.03812	-271.7972	185.31474	69.49265	314.57907	-480.06168	529.2961	504.84225	3185.9194	-0.50566196	195.89258	983.69135	643.88684	3241.5178	8.745025	380.41776	0.07822489	248000	-0.03790392
63	-187.57166	32.07304	186.11346	69.73929	325.8391	-271.7972	186.11354	69.75049	321.1871	-480.06168	535.03876	506.1772	3185.9194	-0.50566196	197.1831	988.1253	640.47565	3241.5178	8.745025	380.24286	0.077899285	252000	-0.03736225
64	-188.33945	31.972809	186.89403	69.98404	325.8391	-271.7972	186.89409	69.99512	321.1871	-480.06168	540.47064	507.36615	3185.9194	-0.50566196	198.44962	997.0973	640.12103	3241.5178	8.745025	381.48126	0.07754427	256000	-0.03748735
65	-189.09145	31.932371	187.65814	70.21269	332.99127	-271.7972	187.65819	70.22355	328.1088	-480.06168	546.76013	512.02747	3185.9194	-0.50566196	200.0	998.0795	635.23444	3241.5178	8.745025	380.30307	0.07720312	260000	-0.03666535
66	-189.83072	31.875982	188.40921	70.43753	332.99127	-271.7972	188.40921	70.44826	328.1088	-480.06168	552.91034	514.487	3185.9194	-0.50566196	201.373	998.8379	630.4388	3241.5178	8.745025	378.94547	0.076874785	264000	-0.035835832
67	-190.5608	31.814592	189.1503	70.66009	332.99127	-271.7972	189.15038	70.67063	332.92117	-480.06168	560.2099	525.17194	3199.0554	-0.50566196	203.3384	1030.5388	679.0147	3330.7312	8.745025	387.17163	0.07657031	268000	-0.03510729
68	-191.28319	31.75347	189.88477	70.873245	334.14117	-271.7972	189.88484	70.88368	335.45755	-480.06168	567.384	534.7195	3199.0554	-0.50566196	205.28302	1058.9757	713.0697	3330.7312	8.745025	396.18384	0.076269895	272000	-0.034785703
69	-191.99303	31.749718	190.60576	71.08177	334.14117	-271.7972	190.60582	71.09209	335.45755	-480.06168	574.1466	547.99365	3199.0554	-0.50566196	207.20721	1089.5171	751.41394	3330.7312	8.745025	404.73187	0.07597835	276000	-0.034185443
70	-192.69998	31.665916	191.32411	71.29414	334.14117	-271.7972	191.32417	71.304245	335.45755	-480.06168	581.5262	560.40454	3230.9253	-0.50566196	209.26756	1095.9324	748.61224	3330.7312	8.745025	405.15143	0.07566264	280000	-0.034012996
71	-193.39743	31.640326	192.03252	71.49691	334.14117	-271.7972	192.0326	71.50688	335.45755	-480.06168	588.09937	568.6152	3230.9253	-0.50566196	210.99554	1101.1567	744.78955	3330.7312	8.745025	405.20282	0.07532335	284000	-0.03362283
72	-194.08913	31.616938	192.73477	71.69674	334.14117	-271.7972	192.73485	71.70649	335.45755	-480.06168	595.1446	578.14417	3230.9253	-0.50566196	212.8603	1108.3014	742.52893	3330.7312	8.745025	406.00696	0.074993685	288000	-0.03315437
73	-194.77615	31.55954	193.43208	71.89861	334.14117	-271.7972	193.43214	71.90825	335.45755	-480.06168	601.9521	586.8099	3230.9253	-0.50566196	214.70589	1118.6028	747.90485	3464.1106	8.745025	407.6507	0.074637726	292000	-0.03283588
74	-195.4606	31.501287	194.12701	72.10016	334.14117	-271.7972	194.12704	72.10973	335.45755	-480.06168	608.6544	594.3916	3230.9253	-0.50566196	216.53255	1121.4268	743.2549	3464.1106	8.745025	407.13785	0.07429784	296000	-0.03205231
75	-196.13924	31.461756	194.81575	72.303375	334.14117	-271.7972	194.81578	72.312805	335.45755	-480.06168	615.8595	607.93274	3271.963	-0.50566196	218.49963	1145.0035	770.363	3464.1106	8.745025	413.42532	0.07402344	300000	-0.03164365
76	-196.80711	31.38233	195.49385	72.50236	334.14117	-271.7972	195.4939	72.51169	335.45755	-480.06168	623.0263	618.50934	3351.2566	-0.50566196	220.4496	1170.1644	797.7559	3464.1106	8.745025	419.70264	0.07376322	304000	-0.031218717
77	-197.4714	31.320225	196.16785	72.69817	334.14117	-271.7972	196.16797	72.7075	335.45755	-480.06168	630.05084	630.9963	3362.252	-0.50566196	222.38268	1172.8586	793.0485	3464.1106	8.745025	419.47144	0.073483795	308000	-0.031163529
78	-198.12845	31.267654	196.83492	72.89036	334.14117	-271.7972	196.83505	72.89967	335.45755	-480.06168	636.4742	636.3768	3362.252	-0.50566196	223.97704	1200.1108	823.44135	3464.1106	8.745025	426.9141	0.073193245	312000	-0.030492114
79	-198.78256	31.215515	197.4987	73.07747	334.14117	-271.7972	197.49884	73.08664	335.45755	-480.06168	642.841	641.90076	3362.252	-0.50566196	225.55318	1226.0765	849.74506	3464.1106	8.745025	434.16837	0.07295025	316000	-0.029868625
80	-199.4273	31.191763	198.15306	73.26532	334.14117	-271.7972	198.15318	73.27439	335.45755	-480.06168	649.8494	652.1482	3436.0383	-0.50566196	227.43425	1231.8789	846.9738	3464.1106	8.745025	434.7475	0.07270264	320000	-0.029619375
81	-200.06738	31.12583	198.80267	73.44755	334.14117	-271.7972	198.80278	73.45655	335.45755	-480.06168	656.6709	661.2361	3436.0383	-0.50566196	229.29936	1242.0667	848.89264	3464.1106	8.745025	436.4901	0.07241649	324000	-0.02935296
82	-200.69852	31.061323	199.44322	73.631615	334.57285	-271.7972	199.44337	73.64047	335.45755	-480.06168	663.5803	669.6955	3436.0383	-0.50566196	231.1487	1253.7131	854.329	3464.1106	8.745025	439.0317	0.07214798	328000	-0.02882872
83	-201.32404	31.023836	200.07782	73.81316	334.57285	-271.7972	200.07797	73.822	335.45755	-480.06168	669.1831	674.39343	3436.0383	-0.50566196	232.493	1259.5469	851.2137	3464.1106	8.745025	439.52652	0.07191995	332000	-0.028600523
84	-201.94633	30.973394	200.7088	73.9863	334.57285	-271.7972	200.70895	73.995094	335.45755	-480.06168	675.8349	684.324	3436.0383	-0.50566196	234.30962	1263.269	847.1774	3464.1106	8.745025	439.5381	0.07166758	336000	-0.02820427
85	-202.56422	30.912281	201.33536	74.16141	334.57285	-271.7972	201.33546	74.17016	335.45755	-480.06168	682.29425	693.75146	3436.0383	-0.50566196	236.11111	1286.477	868.62646	3464.1106	8.745025	446.13177	0.07144171	340000	-0.027904468
86	-203.17694	30.863253	201.95683	74.337006	334.57285	-271.7972	201.95694	74.34584	335.45755	-480.06168	689.24133	704.61475	3436.0383	-0.50566196	238.06229	1287.2037	864.5278	3464.1106	8.745025	445.3337	0.071183816	344000	-0.027614538
87	-203.78827	30.809883	202.57692	74.5096	334.57285	-271.7972	202.57701	74.518265	335.45755	-480.06168	695.8093	712.9371	3436.0383	-0.50566196	239.8346	1301.4325	875.98663	3464.1106	8.745025	448.79886	0.07096917	348000	-0.027218586
88	-204.39294	30.774826	203.18987	74.68277	334.57285	-271.7972	203.18999	74.69142	335.45755	-480.06168	702.1886	720.47034	3511.013	-0.50566196	241.4266	1318.8778	890.8607	3464.1106	8.745025	453.07956	0.07073151	352000	-0.026823062
89	-204.9933	30.745375	203.79861	74.85342	336.06964	-271.7972	203.7986	74.86199	336.33435	-480.06168	708.0777	728.2214	3511.013	-0.50566196	243.00342	1340.8203	909.4437	3464.1106	8.745025	459.22473	0.0705146	356000	-0.026810413
90	-205.59502	30.646679	204.40802	75.02138	336.06964	-271.7972	204.40807	75.02989	336.33435	-480.06168	714.47076	737.10016	3511.013	-0.50566196	244.73148	1347.8035	910.54126	3464.1106	8.745025	460.24445	0.07028826	360000	-0.026575316
91	-206.19331	30.615747	205.0144	75.185326	336.06964	-271.7972	205.01445	75.193726	336.33435	-480.06168	721.14343	746.563	3511.013	-0.50566196	246.61247	1346.6064	905.7536	3464.1106	8.745025	458.95276	0.07007718	364000	-0.025941113
92	-206.7891	30.538185	205.61797	75.35232	336.06964	-271.7972	205.61803	75.36059	336.33435	-480.06168	727.7613	753.82983	3511.013	-0.50566196	248.3131	1351.5682	902.98016	3464.1106	8.745025	459.43152	0.069883294	368000	-0.026109727
93	-207.37514	30.456192	206.21199	75.51428	338.79504	-271.7972	206.21207	75.52257	336.33435	-480.06168	733.948	760.3066	3511.013	-0.50566196	250.0	1372.7266	920.75714	3464.1106	8.745025	465.24408	0.06966969	372000	-0.025733821
94	-207.95544	30.400986	206.79996	75.67263	338.79504	-271.7972	206.80006	75.68085	338.85455	-480.06168	740.2989	767.39825	3511.013	-0.50566196	251.67336	1393.1694	937.58374	3464.1106	8.745025	470.40427	0.069451004	376000	-0.02555631
95	-208.52905	30.34442	207.38141	75.82637	338.79504	-271.7972	207.3815	75.83452	341.50754	-480.06168	746.6315	774.56335	3511.013	-0.50566196	253.33333	1394.9004	934.1931	3464.1106	8.745025	469.93262	0.06923425	380000	-0.02527837
96	-209.09564	30.293024	207.95564	75.97721	339.61664	-271.7972	207.95578	75.98519	341.50754	-480.06168	752.4905	780.89954	3511.013	-0.50566196	254.81088	1396.4607	931.8455	3464.1106	8.745025	469.48645	0.06900687	384000	-0.024983887
97	-209.65674	30.257095	208.52414	76.12775	340.7179	-271.7972	208.52426	76.13574	341.50754	-480.06168	758.6402	789.8817	3511.013	-0.50566196	256.44415	1404.5228	936.4731	3465.7007	8.745025	471.00516	0.06878173	388000	-0.02427913
98	-210.21971	30.188097	209.09433	76.282036	340.7179	-271.7972	209.09439	76.28996	342.83914	-480.06168	764.7597	797.56305	3511.013	-0.50566196	258.0645	1414.9951	942.6114	3465.7007	8.745025	473.34286	0.068587825	392000	-0.024200862
99	-210.78294	30.151743	209.66452	76.43123	340.7179	-271.7972	209.66461	76.439	345.83588	-480.06168	771.06067	805.2632	3511.013	-0.50566196	259.67212	1412.4395	938.329	3465.7007	8.745025	471.85556	0.068406716	396000	-0.023928763
100	-211.34003	30.094896	210.22868	76.57633	342.42966	-271.7972	210.22868	76.58409	345.83588	-480.06168	776.1963	808.54846	3511.013	-0.50566196	260.9263	1410.9603	933.85394	3465.7007	8.745025	470.667	0.06819727	400000	-0.02394454
101	-211.88916	30.001812	210.78499	76.71808	343.37198	-271.7972	210.78499	76.72585	345.83588	-480.06168	782.65857	817.13495	3511.013	-0.50566196	262.6788	1429.01	948.6019	3465.7007	8.745025	475.28714	0.0680008	404000	-0.023390703
102	-212.43584	29.93554	211.33864	76.85999	343.45172	-271.7972	211.33865	76.86766	346.25012	-480.06168	788.7195	824.4445	3511.013	-0.50566196	264.24872	1442.2422	954.90784	3606.0217	8.745025	478.16568	0.06780365	408000	-0.023387754
103	-212.97282	29.875784	211.88275	76.99694	344.3816	-271.7972	211.8828	77.00457	346.25012	-480.06168	794.23584	828.14746	3511.013	-0.50566196	265.63507	1440.7346	950.47394	3606.0217	8.745025	476.9466	0.06760836	412000	-0.023227299
104	-213.50224	29.82671	212.41893	77.131195	345.27466	-271.7972	212.41895	77.138725	346.61313	-480.06168	799.9015	831.8918	3511.013	-0.50566196	267.00897	1438.5752	946.2633	3606.0217	8.745025	475.61346	0.0674229	416000	-0.023011005
105	-214.02892	29.76122	212.95207	77.26514	347.39667	-271.7972	212.95212	77.27257	349.4875	-480.06168	805.5671	836.90936	3578.042	-0.50566196	268.3706	1442.6598	943.3146	3606.0217	8.745025	475.85715	0.06723524	420000	-0.022569487
106	-214.55276	29.708002	213.48239	77.39617	347.39667	-271.7972	213.48245	77.40356	349.4875	-480.06168	810.6479	840.32654	3578.042	-0.50566196	269.54865	1462.0621	959.67633	3606.0217	8.745025	480.80188	0.067071214	424000	-0.022334775
107	-215.07263	29.649067	214.00902	77.52851	347.39667	-271.7972	214.00902	77.53591	349.4875	-480.06168	816.3397	847.5073	3578.042	-0.50566196	271.05762	1475.9275	968.6429	3606.0217	8.745025	484.17102	0.066932365	428000	-0.022307169
108	-215.58815	29.5957	214.53104	77.659355	347.39667	-271.7972	214.53105	77.66675	349.4875	-480.06168	822.1861	854.82367	3578.042	-0.50566196	272.5552	1493.6547	981.6441	3606.0217	8.745025	488.5148	0.06676107	432000	-0.022270396
109	-216.10152	29.543354	215.05055	77.78989	347.8354	-271.7972	215.05055	77.79715	349.4875	-480.06168	828.452	864.0885	3578.042	-0.50566196	274.21384	1511.1583	993.9195	3606.0217	8.745025	493.20734	0.066598475	436000	-0.02167918
110	-216.61635	29.498226	215.57149	77.92184	350.40616	-271.7972	215.57156	77.9292	350.71915	-480.06168	834.69904	872.9532	3659.9983	-0.50566196	275.86206	1524.2246	1000.7775	3627.464	8.745025	496.16818	0.06644279	440000	-0.021705631
111	-217.12679	29.439375	216.08815	78.05559	350.40616	-271.7972	216.08823	78.06287	350.71915	-480.06168	838.45746	877.0867	3659.9983	-0.50566196	276.63553	1541.1549	1011.96027	3627.464	8.745025	500.7072	0.06626415	444000	-0.021449214
112	-217.63031	29.373163	216.5978	78.1828	351.35135	-271.7972	216.59789	78.18995	350.71915	-480.06168	843.33356	878.6154	3659.9983	-0.50566196	277.74335	1557.4796	1022.00885	3627.464	8.745025	505.1652	0.06609387	448000	-0.021332651
113	-218.12866	29.313242	217.10233	78.31143	352.3317	-271.7972	217.10242	78.3187	352.3197	-480.06168	849.5049	885.4383	3659.9983	-0.50566196	279.35724	1574.0317	1032.4459	3627.464	8.745025	509.54425	0.06591512	452000	-0.021316463
114	-218.62357	29.270086	217.60316	78.43855	352.3317	-271.7972	217.60327	78.44563	352.3197	-480.06168	854.49963	890.2013	3659.9983	-0.50566196	280.6154	1590.8496	1043.4016	3627.464	8.745025	513.6956	0.06574952	456000	-0.02078906
115	-219.11636	29.232761	218.10178	78.56656	352.3317	-271.7972	218.10191	78.573654	355.24127	-480.06168	860.13495	894.37415	3659.9983	-0.50566196	282.03555	1604.567	1050.5978	3627.464	8.745025	517.1165	0.06562487	460000	-0.020571308
116	-219.60344	29.169125	218.59453	78.690094	352.3317	-271.7972	218.59468	78.697174	355.24127	-480.06168	865.5061	898.6782	3659.9983	-0.50566196	283.4453	1618.5875	1059.0337	3627.464	8.745025	520.6871	0.06549819	464000	-0.020529108
117	-220.08566	29.101685	219.08257	78.80592	352.3317	-271.7972	219.08266	78.81283	355.24127	-480.06168	870.66425	903.0478	3659.9983	-0.50566196	284.67154	1634.022	1068.0333	3664.607	8.745025	524.4479	0.06532251	468000	-0.020183727
118	-220.56245	29.021461	219.56499	78.91998	355.35596	-271.7972	219.56517	78.92683	358.87305	-480.06168	877.01086	911.0848	3659.9983	-0.50566196	286.40778	1649.2754	1076.2203	3664.607	8.745025	528.47797	0.06514394	472000	-0.020370848
119	-221.03534	28.96173	220.0437	79.03059	355.35596	-271.7972	220.04385	79.03745	358.87305	-480.06168	882.94025	918.80817	3659.9983	-0.50566196	287.96127	1662.4565	1082.6643	3664.607	8.745025	531.9269	0.06494921	476000	-0.02023288
120	-221.50404	28.883835	220.51787	79.14086	355.35596	-271.7972	220.518	79.147675	358.87305	-480.06168	886.8301	920.4334	3659.9983	-0.50566196	288.80865	1677.6583	1090.8231	3664.607	8.745025	535.8275	0.06479579	480000	-0.019803135
121	-221.97383	28.856855	220.99313	79.25634	357.4262	-271.7972	220.99326	79.26315	358.87305	-480.06168	892.3746	926.20044	3659.9983	-0.50566196	290.34192	1692.4523	1098.3295	3664.607	8.745025	539.66364	0.06469484	484000	-0.01924818
122	-222.43881	28.85123	221.46358	79.37173	357.56216	-271.7972	221.46373	79.37854	358.87305	-480.06168	898.6131	933.81696	3659.9983	-0.50566196	292.04068	1707.3276	1105.9904	3664.607	8.745025	543.4369	0.06456656	488000	-0.019543776
123	-222.89844	28.811068	221.92882	79.484085	358.4862	-271.7972	221.929	79.49088	360.01385	-480.06168	904.41534	941.50244	3659.9983	-0.50566196	293.5561	1715.6107	1107.228	3664.607	8.745025	545.05365	0.06441057	492000	-0.019442895
124	-223.35095	28.754541	222.38669	79.59019	362.80707	-271.7972	222.38695	79.59682	362.86362	-480.06168	910.64777	948.99817	3659.9983	-0.50566196	295.2381	1729.8109	1113.9435	3664.607	8.745025	548.7226	0.06428963	496000	-0.01931351
125	-223.7997	28.711533	222.8405	79.68922	362.80707	-271.7972	222.84079	79.69589	362.86362	-480.06168	916.33826	954.2709	3659.9983	-0.50566196	296.7359	1743.8018	1120.42	3664.607	8.745025	552.0856	0.06416909	500000	-0.019010715
126	-224.24242	28.647896	223.28848	79.784515	362.80707	-271.7972	223.28876	79.7911	362.86362	-480.06168	921.8845	959.47656	3659.9983	-0.50566196	298.22485	1757.1996	1125.9739	3664.607	8.745025	555.6405	0.06402205	504000	-0.01901729
127	-224.68033	28.612446	223.73192	79.87513	362.80707	-271.7972	223.73222	79.88167	362.86362	-480.06168	927.86444	966.1938	3659.9983	-0.50566196	299.88193	1770.7764	1131.8397	3664.607	8.745025	559.13934	0.063871056	508000	-0.01878358
128	-225.11446	28.53737	224.17114	79.96496	367.47504	-271.7972	224.17146	79.97157	362.86362	-480.06168	933.814	972.7923	3659.9983	-0.50566196	301.53122	1784.1934	1137.5068	3664.607	8.745025	562.5211	0.06371427	512000	-0.018836943
129	-225.55254	28.49663	224.61417	80.05259	367.47504	-271.7972	224.61447	80.05927	363.10614	-480.06168	939.3209	977.75256	3659.9983	-0.50566196	302.99472	1797.466	1142.998	3664.607	8.745025	565.9124	0.063553765	516000	-0.018632647
130	-225.99069	28.423475	225.05711	80.140335	367.47504	-271.7972	225.0574	80.14665	363.10614	-480.06168	944.09143	980.617	3659.9983	-0.50566196	304.09357	1810.2242	1147.7773	3664.607	8.745025	569.2515	0.06338309	520000	-0.018606687
131	-226.42705	28.35337	225.49843	80.22968	367.47504	-271.7972	225.49869	80.23616	363.10614	-480.06168	949.64294	985.1498	3659.9983	-0.50566196	305.53937	1822.8306	1152.3876	3664.607	8.745025	572.5397	0.06320817	524000	-0.018277379
132	-226.85738	28.311094	225.93364	80.319534	367.47504	-271.7972	225.93391	80.326004	363.10614	-480.06168	955.0202	990.0753	3659.9983	-0.50566196	306.97675	1835.8877	1157.7007	3664.607	8.745025	575.778	0.063048616	528000	-0.018265124
133	-227.28809	28.235086	226.36899	80.4087	367.47504	-271.7972	226.36928	80.415215	363.10614	-480.06168	960.4435	995.5583	3659.9983	-0.50566196	308.4058	1842.4312	1158.2761	3681.7388	8.745025	577.0256	0.06287844	532000	-0.018301247
134	-227.71622	28.185009	226.80188	80.49787	367.47504	-271.7972	226.80217	80.504234	363.10614	-480.06168	964.29803	997.58527	3659.9983	-0.50566196	309.29025	1854.164	1162.126	3681.7388	8.745025	579.9485	0.06273377	536000	-0.017924111
135	-228.14043	28.109938	227.23094	80.58459	367.47504	-271.7972	227.23112	80.59105	363.10614	-480.06168	969.46765	1000.4933	3661.8801	-0.50566196	310.5233	1851.0859	1158.7535	3681.7388	8.745025	578.50446	0.06259078	540000	-0.017677221
136	-228.5559	28.052992	227.65118	80.6672	367.47504	-358.79724	227.6513	80.67337	409.62338	-480.06168	973.86926	1002.6051	3661.8801	-0.50566196	311.5693	1859.142	1159.7903	3681.7388	8.745025	580.2169	0.062439304	544000	-0.017649898
137	-228.96732	27.983118	228.06737	80.74645	367.47504	-358.79724	228.06749	80.7527	409.62338	-480.06168	977.6849	1003.8448	3661.8801	-0.50566196	312.42874	1871.7881	1164.9233	3681.7388	8.745025	583.281	0.062284604	548000	-0.017694801
138	-229.37613	27.938175	228.48027	80.82669	367.47504	-358.79724	228.48042	80.83292	409.62338	-480.06168	982.6359	1006.4093	3661.8801	-0.50566196	313.63635	1858.5243	1171.0319	3681.7388	8.745025	579.2246	0.062140416	552000	-0.016444111
139	-229.8111	27.915962	228.91772	80.92321	367.47504	-358.79724	228.91788	80.92924	409.62338	-480.06168	976.95416	1008.22546	3661.8801	-0.50566196	311.65918	1869.7853	1174.2874	3681.7388	8.745025	582.2518	0.06209362	556000	-0.017046832
140	-230.22624	27.869387	229.33768	81.00381	367.47504	-358.79724	229.33786	81.00998	409.62338	-480.06168	981.2229	1009.7085	3661.8801	-0.50566196	312.67447	1868.23	1171.5775	3681.7388	8.745025	581.27356	0.061937075	560000	-0.01710091
141	-230.62384	27.836306	229.74	81.075516	367.47504	-358.79724	229.74022	81.0817	409.62338	-480.06168	985.4386	1010.9664	3661.8801	-0.50566196	313.68185	1879.6763	1175.2452	3681.7388	8.745025	584.2433	0.061767258	564000	-0.017067913
142	-231.01291	27.780308	230.13348	81.14453	367.47504	-358.79724	230.13365	81.15055	409.62338	-480.06168	989.66187	1013.448	3661.8801	-0.50566196	314.68143	1886.3982	1176.1589	3681.7388	8.745025	585.6345	0.061622225	568000	-0.016707739
143	-231.40237	27.727453	230.52711	81.21414	367.47504	-358.79724	230.52731	81.22025	409.62338	-480.06168	994.4311	1016.35114	3718.0679	-0.50566196	315.8476	1886.5182	1174.6375	3681.7388	8.745025	585.19653	0.061478835	572000	-0.017041868
144	-231.78714	27.672379	230.9163	81.280106	367.47504	-358.79724	230.91652	81.286194	409.62338	-480.06168	997.47925	1016.32684	3718.0679	-0.50566196	316.48352	1884.718	1170.8242	3681.7388	8.745025	584.1937	0.061331917	576000	-0.016771568
145	-232.16776	27.617315	231.30139	81.34386	367.47504	-358.79724	231.30165	81.34977	409.62338	-480.06168	1002.6043	1020.10974	3718.0679	-0.50566196	317.80823	1884.7921	1167.3757	3681.7388	8.745025	583.6531	0.061189685	580000	-0.016819594
146	-232.54324	27.587156	231.68132	81.40561	367.47504	-358.79724	231.68149	81.411575	409.62338	-480.06168	1006.05914	1020.25323	3718.0679	-0.50566196	318.6034	1895.8617	1170.9827	3681.7388	8.745025	586.5048	0.0610351	584000	-0.016510226
147	-232.91345	27.554993	232.05586	81.46563	367.47504	-358.79724	232.056	81.47156	409.62338	-480.06168	1011.08795	1024.1112	3718.0679	-0.50566196	319.91296	1893.3949	1168.6556	3681.7388	8.745025	585.36597	0.06090125	588000	-0.016326515
148	-233.27946	27.509054	232.42607	81.52415	367.47504	-358.79724	232.4262	81.53017	409.62338	-480.06168	1015.9921	1028.0166	3718.0679	-0.50566196	321.21542	1890.4032	1165.5713	3681.7388	8.745025	584.05945	0.060768865	592000	-0.016293598
149	-233.64464	27.454937	232.79524	81.583206	367.47504	-358.79724	232.7954	81.58915	409.62338	-480.06168	1019.3175	1029.2758	3718.0679	-0.50566196	321.98813	1894.1277	1163.8134	3681.7388	8.745025	584.6443	0.060626253	596000	-0.016198251
150	-234.01015	27.419481	233.16472	81.64199	367.47504	-358.79724	233.16492	81.647736	409.62338	-480.06168	1024.3651	1033.129	3718.0679	-0.50566196	323.27585	1892.9702	1162.574	3681.7388	8.745025	583.902	0.060481895	600000	-0.015871318
151	-234.37367	27.360212	233.53218	81.70034	367.47504	-358.79724	233.53241	81.70616	409.62338	-480.06168	1028.4895	1034.169	3718.0679	-0.50566196	324.20825	1899.1733	1162.9193	3681.7388	8.745025	585.26953	0.0603494	604000	-0.016079845
152	-234.73657	27.317202	233.89912	81.75753	367.47504	-358.79724	233.89937	81.76328	409.62338	-480.06168	1032.3864	1036.0535	3718.0679	-0.50566196	325.1337	1908.4414	1165.2975	3681.7388	8.745025	587.52826	0.06020727	608000	-0.015829371
153	-235.09987	27.265495	234.2663	81.8141	367.47504	-358.79724	234.26656	81.82002	409.62338	-480.06168	1036.4408	1037.1527	3718.0679	-0.50566196	326.05222	1912.7081	1163.6744	3681.7388	8.745025	588.22485	0.060075793	612000	-0.01580891
154	-235.45885	27.234312	234.62926	81.87298	367.47504	-358.79724	234.6295	81.878685	409.62338	-480.06168	1040.3672	1037.6464	3718.0679	-0.50566196	326.9639	1922.1969	1166.3647	3681.7388	8.745025	590.5831	0.059938908	616000	-0.015632248
155	-235.81532	27.18614	234.98972	81.92868	367.47504	-358.79724	234.98991	81.934525	409.62338	-480.06168	1044.839	1040.2761	3718.0679	-0.50566196	328.04233	1921.0682	1162.9346	3681.7388	8.745025	589.80774	0.05980233	620000	-0.015745241
156	-236.16539	27.152704	235.34377	81.983574	367.47504	-358.79724	235.344	81.98925	409.62338	-480.06168	1048.7412	1040.9531	3718.0679	-0.50566196	328.94043	1918.9574	1159.7134	3681.7388	8.745025	588.7731	0.05968076	624000	-0.015614498
157	-236.51105	27.117607	235.69334	82.03738	367.47504	-358.79724	235.69356	82.04306	409.62338	-480.06168	1051.5409	1039.7186	3718.0679	-0.50566196	329.48584	1922.3331	1158.6539	3700.0505	8.745025	589.17004	0.059538253	628000	-0.015488665
158	-236.85263	27.073462	236.03891	82.08801	367.47504	-358.79724	236.03908	82.09361	409.62338	-480.06168	1055.3026	1040.6173	3718.0679	-0.50566196	330.37115	1932.4553	1161.9266	3700.0505	8.745025	591.77026	0.059404712	632000	-0.015320559
159	-237.19176	27.021643	236.38167	82.1378	367.47504	-358.79724	236.38187	82.143364	409.62338	-480.06168	1056.4092	1037.9052	3718.0679	-0.50566196	330.38962	1938.4036	1162.1599	3700.0505	8.745025	592.9579	0.059280638	636000	-0.015018572
160	-237.52885	26.97761	236.72249	82.188194	367.47504	-358.79724	236.72269	82.193855	409.62338	-480.06168	1060.1235	1038.6833	3718.0679	-0.50566196	331.26294	1947.0916	1164.4862	3718.3118	8.745025	595.035	0.059152264	640000	-0.015144109
161	-237.86299	26.931185	237.06032	82.23746	390.84644	-358.79724	237.06049	82.243095	409.62338	-480.06168	1062.8048	1038.1971	3718.0679	-0.50566196	331.78775	1955.4805	1166.7897	3718.3118	8.745025	597.159	0.059020113	644000	-0.014847978
162	-238.1921	26.881971	237.39325	82.28686	390.84644	-358.79724	237.39342	82.292435	409.62338	-480.06168	1065.9521	1038.9979	3718.0679	-0.50566196	332.47818	1955.0537	1163.9061	3718.3118	8.745025	596.5895	0.058897145	648000	-0.015034307
163	-238.52109	26.837984	237.72581	82.33752	390.84644	-358.79724	237.72597	82.34292	409.62338	-480.06168	1068.4911	1038.0377	3718.0679	-0.50566196	332.99286	1961.2985	1163.3807	3718.3118	8.745025	597.78284	0.058780007	652000	-0.014886462
164	-238.8455	26.802717	238.05396	82.38628	390.84644	-358.79724	238.05411	82.39171	409.62338	-480.06168	1071.0227	1037.3329	3718.0679	-0.50566196	333.5028	1966.1189	1162.3414	3718.3118	8.745025	598.62805	0.058661267	656000	-0.014726516
165	-239.16634	26.760992	238.3784	82.433	390.84644	-358.79724	238.37856	82.438446	409.62338	-480.06168	1073.4779	1037.0831	3718.0679	-0.50566196	334.0081	1962.7533	1160.573	3718.3118	8.745025	597.28546	0.058553815	660000	-0.014503628
166	-239.48633	26.715776	238.70181	82.4793	390.84644	-358.79724	238.70197	82.48472	409.62338	-480.06168	1075.3601	1036.64	3718.0679	-0.50566196	334.3404	1959.2244	1158.0005	3718.3118	8.745025	595.91266	0.058456235	664000	-0.0145563055
167	-239.80406	26.702879	239.02293	82.52714	390.84644	-358.79724	239.02313	82.5327	409.62338	-480.06168	1077.7587	1036.6702	3718.0679	-0.50566196	334.8371	1961.364	1158.1808	3718.3118	8.745025	596.2054	0.058355257	668000	-0.014320516
168	-240.1196	26.658237	239.34198	82.57358	390.84644	-358.79724	239.34216	82.578964	409.62338	-480.06168	1082.8269	1041.8026	3718.0679	-0.50566196	336.1681	1966.0413	1158.1313	3718.3118	8.745025	597.1006	0.0582379	672000	-0.014582361
169	-240.43282	26.620134	239.6587	82.61535	390.84644	-358.79724	239.65884	82.620674	409.62338	-480.06168	1086.8585	1045.2687	3718.0679	-0.50566196	337.1571	1967.4155	1155.7888	3718.3118	8.745025	597.05206	0.05812404	676000	-0.0144304745
170	-240.74269	26.581554	239.97198	82.65552	390.84644	-358.79724	239.9721	82.66084	409.62338	-480.06168	1091.2831	1048.1271	3718.0679	-0.50566196	338.30847	1975.5143	1157.7256	3718.3118	8.745025	598.99884	0.058015138	680000	-0.014123662
171	-241.04826	26.531504	240.28122	82.69399	390.84644	-358.79724	240.28133	82.699326	409.62338	-480.06168	1094.1018	1049.3105	3718.0679	-0.50566196	338.94946	1984.6068	1160.4115	3718.3118	8.745025	601.2982	0.057904534	684000	-0.014347185
172	-241.34975	26.484982	240.58626	82.728676	390.84644	-358.79724	240.58641	82.734085	409.62338	-480.06168	1097.0925	1049.1462	3718.0679	-0.50566196	339.5854	1980.7395	1158.2644	3718.3118	8.745025	599.8657	0.05778115	688000	-0.014261069
173	-241.6499	26.441921	240.88979	82.76223	390.84644	-358.79724	240.88991	82.76757	409.62338	-480.06168	1100.4873	1051.1205	3718.0679	-0.50566196	340.38367	1975.5348	1156.9332	3718.3118	8.745025	598.0931	0.057666056	692000	-0.013975593
174	-241.9477	26.42037	241.19109	82.79666	390.84644	-358.79724	241.19122	82.80199	409.62338	-480.06168	1103.8966	1052.9005	3718.0679	-0.50566196	341.17648	1984.6459	1159.8119	3718.3118	8.745025	600.4029	0.057546165	696000	-0.013833328
175	-242.245	26.3834	241.49161	82.831696	390.84644	-358.79724	241.4918	82.83697	409.62338	-480.06168	1106.7515	1054.3025	3718.0679	-0.50566196	341.79688	1988.1003	1158.4268	3718.3118	8.745025	600.9252	0.05743782	700000	-0.013731367
176	-242.54189	26.330156	241.79169	82.86574	390.84644	-358.79724	241.79189	82.8708	409.62338	-480.06168	1110.0592	1055.4437	3718.0679	-0.50566196	342.57907	1992.5242	1158.6641	3718.3118	8.745025	601.82385	0.05731609	704000	-0.013736889
177	-242.83673	26.288826	242.08977	82.89912	390.84644	-358.79724	242.08994	82.90429	409.62338	-480.06168	1113.4777	1055.8282	3718.0679	-0.50566196	343.35596	2000.1124	1160.7416	3718.3118	8.745025	603.7209	0.0572024	708000	-0.013724124
178	-243.12813	26.234879	242.38446	82.93215	390.84644	-358.79724	242.38467	82.93723	409.62338	-480.06168	1115.8551	1054.9003	3718.0679	-0.50566196	343.79526	2000.9838	1160.4794	3718.3118	8.745025	603.6438	0.05708673	712000	-0.013665376
179	-243.41415	26.189726	242.67369	82.962265	390.84644	-358.79724	242.67389	82.96745	409.62338	-480.06168	1118.6842	1054.9521	3718.0679	-0.50566196	344.39633	2004.9741	1160.2153	3718.3118	8.745025	604.4486	0.056972194	716000	-0.013470349
180	-243.69681	26.165262	242.95973	82.99149	390.84644	-358.79724	242.95996	82.99661	409.62338	-480.06168	1122.4204	1057.0062	3718.0679	-0.50566196	345.32373	2006.9906	1158.5386	3718.3118	8.745025	604.63446	0.056858517	720000	-0.013586207
181	-243.97658	26.120186	243.2428	83.018524	390.84644	-358.79724	243.24309	83.02361	409.62338	-480.06168	1125.6659	1058.4163	3718.0679	-0.50566196	346.0803	2007.155	1155.9337	3718.3118	8.745025	604.3481	0.056732196	724000	-0.013532156
182	-244.25478	26.069502	243.5241	83.044174	390.84644	-358.79724	243.5244	83.04921	409.62338	-480.06168	1129.3352	1061.2445	3718.0679	-0.50566196	346.99713	2006.9152	1154.187	3718.3118	8.745025	603.8962	0.05660946	728000	-0.0134225795
183	-244.53006	26.025284	243.80257	83.07071	390.84644	-358.79724	243.80287	83.07568	409.62338	-480.06168	1132.4537	1062.5197	3718.0679	-0.50566196	347.74347	2011.969	1155.1824	3718.3118	8.745025	605.06177	0.05650245	732000	-0.013251585
184	-244.80286	25.983994	244.07845	83.09749	390.84644	-358.79724	244.07872	83.10252	409.62338	-480.06168	1135.6318	1063.5853	3718.0679	-0.50566196	348.48486	2016.9507	1156.0989	3718.3118	8.745025	606.2234	0.05638569	736000	-0.013274395
185	-245.0747	25.941408	244.35341	83.12387	390.84644	-358.79724	244.35368	83.12891	409.62338	-480.06168	1139.4546	1065.3662	3718.0679	-0.50566196	349.3862	2025.3307	1158.5607	3718.3118	8.745025	608.35187	0.056283183	740000	-0.013096118
186	-245.34589	25.890482	244.62743	83.149765	390.84644	-358.79724	244.62778	83.15484	409.62338	-480.06168	1143.7163	1068.0735	3718.0679	-0.50566196	350.44748	2030.3569	1159.0847	3718.3118	8.745025	609.4253	0.056176223	744000	-0.012965584
187	-245.61723	25.859043	244.90187	83.17606	390.84644	-358.79724	244.9022	83.181145	409.62338	-480.06168	1147.8297	1071.065	3718.0679	-0.50566196	351.50375	2034.9653	1158.6885	3718.3118	8.745025	610.41174	0.056068867	748000	-0.012940261
188	-245.88618	25.82669	245.17375	83.20228	390.84644	-358.79724	245.17406	83.20729	409.62338	-480.06168	1150.3728	1071.7217	3718.0679	-0.50566196	352.05994	2042.6234	1160.3383	3718.3118	8.745025	612.4841	0.05596101	752000	-0.012882622
189	-246.15196	25.785305	245.4426	83.2262	390.84644	-358.79724	245.44284	83.23095	409.62338	-480.06168	1154.4221	1074.4153	3718.0679	-0.50566196	353.10602	2044.7556	1159.2255	3718.3118	8.745025	612.7566	0.05585919	756000	-0.012715554
190	-246.41776	25.724957	245.71141	83.24994	390.84644	-358.79724	245.71167	83.254745	409.62338	-480.06168	1158.3793	1077.1008	3718.0679	-0.50566196	354.14725	2051.421	1160.5668	3718.3118	8.745025	614.48315	0.05575264	760000	-0.012831246
191	-246.68309	25.675245	245.97957	83.272194	390.84644	-358.79724	245.97984	83.27709	409.62338	-480.06168	1161.875	1078.716	3718.0679	-0.50566196	355.0186	2046.9092	1159.2456	3718.3118	8.745025	612.9775	0.055646315	764000	-0.012726823
192	-246.94565	25.635653	246.24521	83.29527	390.84644	-358.79724	246.24542	83.30024	409.62338	-480.06168	1165.7484	1081.3705	3718.0679	-0.50566196	356.05008	2054.5981	1161.0957	3718.3118	8.745025	614.9932	0.055536505	768000	-0.012544495
193	-247.20671	25.589539	246.50916	83.317154	390.84644	-358.79724	246.50937	83.32198	409.62338	-480.06168	1169.2256	1082.9137	3718.0679	-0.50566196	356.91168	2058.8572	1160.8871	3718.3118	8.745025	615.8793	0.05544086	772000	-0.012537472
194	-247.46611	25.548796	246.77148	83.3385	390.84644	-358.79724	246.77173	83.343346	409.62338	-480.06168	1172.0867	1084.0981	3718.0679	-0.50566196	357.6037	2060.9648	1160.145	3718.3118	8.745025	616.18353	0.05533856	776000	-0.012579999
195	-247.72366	25.511997	247.03181	83.35963	390.84644	-358.79724	247.03204	83.36436	409.62338	-480.06168	1174.5853	1083.3854	3718.0679	-0.50566196	358.1267	2055.8992	1159.3312	3718.3118	8.745025	614.5374	0.05523503	780000	-0.012400536
196	-247.98032	25.47117	247.29128	83.379974	390.84644	-358.79724	247.29153	83.384735	409.62338	-480.06168	1175.872	1082.1415	3718.0679	-0.50566196	358.31808	2063.5293	1161.269	3718.3118	8.745025	616.5041	0.055138327	784000	-0.012305135
197	-248.23297	25.42391	247.54684	83.40114	390.84644	-358.79724	247.54713	83.405914	409.62338	-480.06168	1179.3336	1084.6198	3718.0679	-0.50566196	359.16135	2066.1025	1161.105	3718.3118	8.745025	616.9675	0.055043902	788000	-0.012373986
198	-248.48375	25.382725	247.80038	83.420494	390.84644	-358.79724	247.80075	83.42525	409.62338	-480.06168	1181.5874	1086.1678	3718.0679	-0.50566196	359.67303	2060.5972	1160.7528	3718.3118	8.745025	615.194	0.054957084	792000	-0.012187401
199	-248.7338	25.352161	248.05325	83.43717	390.84644	-358.79724	248.05362	83.441696	409.62338	-480.06168	1184.5095	1087.1244	3718.0679	-0.50566196	360.34406	2061.9001	1159.7587	3718.3118	8.745025	615.21405	0.054860804	796000	-0.01217028
200	-248.98059	25.3132	248.30267	83.451385	390.84644	-358.79724	248.30302	83.45604	409.62338	-480.06168	1187.38	1088.139	3718.0679	-0.50566196	361.01083	2068.9402	1161.1925	3718.3118	8.745025	617.0235	0.054764803	800000	-0.012070506
201	-249.2272	25.281418	248.55199	83.466385	390.84644	-358.79724	248.5524	83.470985	409.62338	-480.06168	1191.6593	1091.8151	3718.0679	-0.50566196	362.16217	2075.601	1162.7139	3751.6138	8.745025	618.6721	0.054659557	804000	-0.012216534
202	-249.47285	25.239502	248.80022	83.48408	390.84644	-358.79724	248.80063	83.488625	409.62338	-480.06168	1195.4441	1094.7706	3718.0679	-0.50566196	363.14606	2083.101	1164.6963	3751.6138	8.745025	620.5599	0.054563332	808000	-0.011956689
203	-249.71812	25.208109	249.04822	83.50072	422.3856	-358.79724	249.0486	83.50531	415.4676	-480.06168	1199.3276	1097.2262	3718.0679	-0.50566196	364.12555	2090.3152	1166.3401	3751.6138	8.745025	622.4291	0.05446894	812000	-0.011814167
204	-249.96098	25.176548	249.29366	83.51826	428.45398	-358.79724	249.29402	83.52289	419.9468	-480.06168	1202.5997	1099.131	3718.0679	-0.50566196	364.93738	2092.5413	1164.6732	3751.6138	8.745025	622.7471	0.054386012	816000	-0.011851016
205	-250.20204	25.139889	249.53745	83.534706	440.5665	-358.79724	249.53781	83.53929	429.88345	-480.06168	1205.4808	1099.5297	3718.0679	-0.50566196	365.58182	2097.045	1164.9967	3751.6138	8.745025	623.7088	0.05429852	820000	-0.011774481
206	-250.43997	25.102621	249.77805	83.551414	443.1166	-358.79724	249.77846	83.55589	444.4212	-480.06168	1209.1133	1101.7452	3718.0679	-0.50566196	366.54803	2104.122	1166.575	3751.6138	8.745025	625.53546	0.054218907	824000	-0.01172808
207	-250.67747	25.073877	250.01825	83.56657	450.7762	-358.79724	250.01869	83.57106	445.58267	-480.06168	1212.7351	1104.4346	3718.0679	-0.50566196	367.50998	2110.168	1167.3654	3751.6138	8.745025	627.1309	0.05413688	828000	-0.0115758255
208	-250.91219	25.044548	250.25572	83.5793	450.7762	-358.79724	250.25618	83.583916	445.58267	-480.06168	1216.3918	1106.2626	3718.0679	-0.50566196	368.46768	2116.6914	1168.3667	3751.6138	8.745025	628.80286	0.054058228	832000	-0.011529315
209	-251.1452	25.00883	250.49133	83.59176	450.7762	-358.79724	250.49185	83.59642	445.58267	-480.06168	1219.9889	1108.4855	3718.0679	-0.50566196	369.4211	2118.9192	1167.148	3751.6138	8.745025	629.14496	0.053979866	836000	-0.0115724625
210	-251.37514	24.992119	250.72404	83.602936	450.7762	-366.71066	250.72455	83.607506	445.58267	-480.06168	1224.0753	1111.7642	3718.0679	-0.50566196	370.53375	2125.8203	1168.6333	3751.6138	8.745025	630.91095	0.053902164	840000	-0.011525365
211	-251.60284	24.962934	250.95451	83.610245	450.7762	-366.71066	250.955	83.61466	445.58267	-480.06168	1227.1377	1113.8785	3718.0679	-0.50566196	371.31543	2132.3494	1169.7001	3751.6138	8.745025	632.6602	0.05381963	844000	-0.011406479
212	-251.82936	24.940464	251.18338	83.61711	450.7762	-366.71066	251.1839	83.621544	445.58267	-480.06168	1230.0515	1115.683	3718.0679	-0.50566196	372.09302	2129.2917	1167.7931	3751.6138	8.745025	631.5868	0.05375065	848000	-0.011278084
213	-252.05493	24.906786	251.4115	83.62169	450.7762	-366.71066	251.41203	83.62612	445.58267	-480.06168	1233.5591	1118.6285	3718.0679	-0.50566196	373.0298	2135.867	1168.9757	3751.6138	8.745025	633.3164	0.053675067	852000	-0.011263428
214	-252.27748	24.874022	251.6367	83.62389	450.7762	-366.71066	251.63722	83.62836	445.58267	-480.06168	1237.2152	1120.3977	3718.0679	-0.50566196	373.96243	2142.5945	1170.3671	3751.6138	8.745025	635.0299	0.05359642	856000	-0.011259035
215	-252.49786	24.845348	251.85947	83.62656	450.7762	-366.71066	251.86002	83.63094	445.58267	-480.06168	1240.2335	1121.7184	3718.0679	-0.50566196	374.72766	2148.7524	1171.1128	3751.6138	8.745025	636.7274	0.05352453	860000	-0.011330011
216	-252.71574	24.804523	252.07979	83.63127	450.7762	-366.71066	252.0803	83.635704	445.58267	-480.06168	1243.2014	1123.6382	3718.0679	-0.50566196	375.48892	2155.1174	1172.12	3751.6138	8.745025	638.40924	0.05344923	864000	-0.011219083
217	-252.93347	24.757366	252.2999	83.636185	450.7762	-366.71066	252.30046	83.64043	445.58267	-480.06168	1246.3654	1124.3782	3718.0679	-0.50566196	376.24622	2158.6045	1171.4554	3751.6138	8.745025	639.12305	0.053368714	868000	-0.011147917
218	-253.14946	24.713482	252.51843	83.64111	450.7762	-366.71066	252.519	83.64541	445.58267	-480.06168	1248.8812	1124.1455	3718.0679	-0.50566196	376.83664	2164.7986	1172.3219	3751.6138	8.745025	640.77844	0.053286932	872000	-0.011074126
219	-253.3661	24.68189	252.73746	83.64448	450.7762	-366.71066	252.73799	83.648766	445.58267	-480.06168	1252.8448	1127.2137	3718.0679	-0.50566196	377.912	2170.6821	1172.864	3751.6138	8.745025	642.4187	0.053203166	876000	-0.011107414
220	-253.58115	24.648855	252.95502	83.64818	450.7762	-366.71066	252.95557	83.65247	445.58267	-480.06168	1256.7675	1130.1945	3718.0679	-0.50566196	378.98364	2171.3872	1170.9124	3751.6138	8.745025	642.38043	0.053122222	880000	-0.01102946
221	-253.79788	24.624033	253.17409	83.652145	450.7762	-366.71066	253.17464	83.65625	445.58267	-480.06168	1259.7008	1131.079	3718.0679	-0.50566196	379.7251	2177.6262	1171.9194	3751.6138	8.745025	643.99866	0.053046774	884000	-0.010943563
222	-254.01393	24.583666	253.39247	83.65651	450.7762	-366.71066	253.39305	83.66072	445.58267	-480.06168	1263.1393	1132.8021	3718.0679	-0.50566196	380.6258	2183.6697	1172.7238	3751.6138	8.745025	645.60223	0.05297231	888000	-0.010754995
223	-254.23088	24.549032	253.61179	83.66043	498.53854	-366.71066	253.61234	83.664505	445.58267	-480.06168	1267.0061	1135.6785	3718.0679	-0.50566196	381.6859	2189.6926	1173.528	3751.6138	8.745025	647.19147	0.05290437	892000	-0.010611082
224	-254.44804	24.507294	253.83124	83.6653	498.53854	-366.71066	253.83185	83.66949	445.58267	-480.06168	1270.4673	1137.4333	3718.0679	-0.50566196	382.57898	2195.7231	1174.3644	3751.6138	8.745025	648.76654	0.052833505	896000	-0.01091956
225	-254.66428	24.481544	254.04973	83.67082	498.53854	-366.71066	254.05032	83.67501	445.58267	-480.06168	1273.3457	1138.69	3718.0679	-0.50566196	383.30493	2199.0605	1173.7532	3751.6138	8.745025	649.4431	0.052769404	900000	-0.0107256975
226	-254.88173	24.451948	254.26941	83.67816	498.53854	-366.71066	254.26997	83.68235	445.58267	-480.06168	1276.6565	1140.885	3718.0679	-0.50566196	384.1904	2197.6606	1171.9724	3751.6138	8.745025	648.78143	0.052709866	904000	-0.0107791405
227	-255.0967	24.417902	254.48651	83.68603	498.53854	-366.71066	254.48709	83.69002	445.58267	-480.06168	1279.579	1141.771	3718.0679	-0.50566196	384.90887	2203.3333	1172.5994	3751.6138	8.745025	650.21765	0.052629363	908000	-0.010837289
228	-255.31123	24.372335	254.70325	83.69363	498.53854	-366.71066	254.70383	83.697716	445.58267	-480.06168	1283.0238	1144.6078	3732.1257	-0.50566196	385.7868	2209.215	1173.4211	3751.6138	8.745025	651.6772	0.052545622	912000	-0.010691936
229	-255.52562	24.34158	254.91974	83.70058	498.53854	-366.71066	254.92033	83.70468	445.58267	-480.06168	1286.4397	1146.3623	3732.1257	-0.50566196	386.66104	2213.1062	1172.9976	3751.6138	8.745025	652.5537	0.052473214	916000	-0.010466842
230	-255.74101	24.313265	255.13719	83.70762	498.53854	-366.71066	255.13774	83.711624	445.58267	-480.06168	1289.3147	1147.3352	3732.1257	-0.50566196	387.3684	2211.7085	1170.7441	3751.6138	8.745025	651.9087	0.052406352	920000	-0.010549764
231	-255.95642	24.282948	255.3546	83.716286	498.53854	-366.71066	255.35515	83.72042	445.58267	-480.06168	1292.0919	1148.1002	3732.1257	-0.50566196	388.07224	2217.4524	1171.4507	3751.6138	8.745025	653.4156	0.05234078	924000	-0.010538069
232	-256.17093	24.24885	255.5712	83.725075	498.53854	-366.71066	255.57173	83.72898	445.58267	-480.06168	1295.4246	1149.5052	3732.1257	-0.50566196	388.93546	2222.4778	1172.0742	3761.6584	8.745025	654.65735	0.052264523	928000	-0.01059574
233	-256.38318	24.216751	255.78566	83.733345	498.53854	-366.71066	255.78621	83.73726	445.58267	-480.06168	1297.8597	1149.7682	3732.1257	-0.50566196	389.4693	2227.308	1172.4747	3761.6584	8.745025	655.89355	0.052184276	932000	-0.010404629
234	-256.5944	24.181702	255.9989	83.7421	498.53854	-366.71066	255.99948	83.74602	445.58267	-480.06168	1301.0863	1151.4414	3732.1257	-0.50566196	390.32526	2230.209	1172.4762	3761.6584	8.745025	656.50256	0.052117806	936000	-0.010377817
235	-256.80478	24.156101	256.2114	83.74951	498.53854	-366.71066	256.212	83.7535	445.58267	-480.06168	1303.8091	1153.0015	3732.1257	-0.50566196	391.01498	2235.8545	1173.162	3761.6584	8.745025	657.96423	0.05205441	940000	-0.010280137
236	-257.01395	24.117546	256.42258	83.75732	498.53854	-366.71066	256.4232	83.76121	445.58267	-480.06168	1306.6104	1153.8313	3732.1257	-0.50566196	391.70123	2237.346	1172.619	3761.6584	8.745025	658.17413	0.051975094	944000	-0.010344344
237	-257.2237	24.093	256.63428	83.76598	498.53854	-366.71066	256.63492	83.76978	445.58267	-480.06168	1308.9133	1154.0814	3732.1257	-0.50566196	392.22177	2242.8564	1173.2017	3761.6584	8.745025	659.61646	0.051900197	948000	-0.010220256
238	-257.43146	24.059479	256.8442	83.773125	498.53854	-366.71066	256.84485	83.777084	445.58267	-480.06168	1311.7827	1155.068	3732.1257	-0.50566196	392.90137	2246.3347	1172.4099	3761.6584	8.745025	660.3496	0.05182061	952000	-0.010241049
239	-257.63687	24.024845	257.05173	83.77967	498.53854	-366.71066	257.05237	83.783516	445.58267	-480.06168	1314.6853	1155.866	3732.1257	-0.50566196	393.5776	2249.5767	1171.5775	3761.6584	8.745025	661.0163	0.051753778	956000	-0.010329713
240	-257.8405	23.993856	257.25742	83.786545	498.53854	-366.71066	257.25806	83.79049	445.58267	-480.06168	1317.8246	1158.0266	3732.1257	-0.50566196	394.41248	2251.1545	1170.5017	3761.6584	8.745025	661.2413	0.051672976	960000	-0.010197696
241	-258.04413	23.96529	257.46286	83.793	498.53854	-366.71066	257.46353	83.79677	445.58267	-480.06168	1320.6313	1158.6342	3732.1257	-0.50566196	395.08197	2256.6545	1171.1744	3761.6584	8.745025	662.6469	0.051597156	964000	-0.010239872
242	-258.24774	23.919912	257.66846	83.79899	498.53854	-366.71066	257.6691	83.802925	445.58267	-480.06168	1323.3612	1159.6036	3732.1257	-0.50566196	395.74817	2262.135	1171.8452	3761.6584	8.745025	664.0409	0.05151087	968000	-0.010236957
243	-258.4507	23.881985	257.87344	83.805435	498.53854	-366.71066	257.8741	83.80935	445.58267	-480.06168	1326.1276	1160.262	3732.1257	-0.50566196	396.4111	2259.7715	1170.012	3761.6584	8.745025	663.1412	0.051425517	972000	-0.010177106
244	-258.6528	23.842693	258.07755	83.811874	498.53854	-366.71066	258.0782	83.81575	445.58267	-480.06168	1328.8115	1161.4209	3732.1257	-0.50566196	397.0708	2265.0984	1170.5612	3761.6584	8.745025	664.5217	0.05134426	976000	-0.010204947
245	-258.8548	23.80484	258.28143	83.817894	498.53854	-366.71066	258.2821	83.82165	445.58267	-480.06168	1331.5333	1162.6489	3747.019	-0.50566196	397.72726	2269.5454	1170.4636	3761.6584	8.745025	665.609	0.051261038	980000	-0.010191804
246	-259.0542	23.767275	258.48276	83.823074	498.53854	-366.71066	258.4834	83.82687	445.58267	-480.06168	1333.2291	1161.4333	3747.019	-0.50566196	398.05826	2274.7104	1170.8771	3761.6584	8.745025	666.939	0.051176503	984000	-0.009989113
247	-259.25095	23.72575	258.68143	83.828255	498.53854	-366.71066	258.68207	83.831955	445.58267	-480.06168	1335.9241	1162.5804	3747.019	-0.50566196	398.70865	2272.015	1169.5356	3761.6584	8.745025	665.97003	0.051094912	988000	-0.01008236
248	-259.44745	23.709337	258.8798	83.832954	498.53854	-366.71066	258.88043	83.83678	445.58267	-480.06168	1337.5947	1161.6343	3747.019	-0.50566196	399.0346	2275.4316	1169.4755	3785.3123	8.745025	666.71936	0.051013328	992000	-0.010021516
249	-259.6419	23.667624	259.0762	83.838615	498.53854	-366.71066	259.07687	83.84221	445.58267	-480.06168	1340.7192	1163.2113	3747.019	-0.50566196	399.83942	2279.5684	1169.4409	3785.3123	8.745025	667.686	0.050937913	996000	-0.009951747
250	-259.83594	23.63446	259.27203	83.84425	498.53854	-366.71066	259.27274	83.84788	445.58267	-480.06168	1343.3246	1163.787	3747.019	-0.50566196	400.4806	2282.009	1168.6028	3785.3123	8.745025	668.124	0.05086401	1000000	-0.009802293
