epoch	pi-loss	q-loss	average-q1-values	std-q1-values	max-q1-values	min-q1-values	average-q2-values	std-q2-values	max-q2-values	min-q2-values	average-episode-return	std-episode-return	max-episode-return	min-episode-return	episode-length	average-test-episode-return	std-test-episode-return	max-test-episode-return	min-test-episode-return	test-episode-length	entropy-coeff	total-env-interacts	entropy-coeff-loss
1	-11.935356	1.1864092	10.592969	3.03469	25.522367	-0.028680332	10.592267	3.035187	25.1761	-1.0204349	-284.91003	38.33074	-224.68874	-319.24448	1000.0	-575.633	72.96487	-465.86044	-676.9672	1000.0	0.3167364	4000	-11.349657
2	-17.789268	1.9575816	16.532019	7.2788167	55.868145	-0.028680332	16.531862	7.278388	53.609722	-1.0204349	-286.1629	121.52832	-3.1077342	-423.3593	1000.0	-394.8245	192.3946	-69.90578	-676.9672	1000.0	0.16335794	8000	-6.1379194
3	-20.43068	2.226494	19.473286	9.18519	60.398087	-0.028680332	19.47326	9.184596	58.76219	-1.0204349	-194.1189	213.41246	358.5618	-423.3593	1000.0	-220.51253	320.85022	606.5948	-676.9672	1000.0	0.109894745	12000	-4.1912565
4	-21.466183	2.409278	20.672333	11.310598	78.40762	-0.9372328	20.672249	11.3096285	79.445274	-1.0204349	-34.492073	355.71643	868.7007	-423.3593	1000.0	106.2487	662.2584	1627.7355	-676.9672	1000.0	0.084178664	16000	-3.0388317
5	-22.744944	2.8972006	22.045551	14.151297	97.059235	-1.6993775	22.045584	14.1504545	97.810875	-1.1174406	116.344376	470.5795	1261.2766	-423.3593	1000.0	448.62567	906.3155	1946.6879	-676.9672	1000.0	0.07012141	20000	-2.379686
6	-24.750887	3.5199628	24.103659	18.124168	118.508354	-4.172516	24.103662	18.123758	122.962906	-2.1985073	337.73392	727.4659	2309.0034	-423.3593	1000.0	776.45325	1105.6661	2490.9749	-676.9672	1000.0	0.061875414	24000	-1.9374458
7	-28.2069	4.3349133	27.598501	24.022058	146.14543	-4.172516	27.598509	24.021866	146.15842	-2.9267843	645.7347	1013.67725	2765.1284	-423.3593	1000.0	1096.0382	1289.092	3205.742	-676.9672	1000.0	0.05716594	28000	-1.6295669
8	-33.291145	5.0832815	32.711506	31.823019	186.05893	-4.172516	32.71154	31.822903	184.25343	-4.5710487	970.77826	1280.382	3361.927	-423.3593	1000.0	1410.8207	1465.7422	3709.2407	-676.9672	1000.0	0.054940503	32000	-1.4000882
9	-39.83254	5.9290733	39.274105	41.051533	213.27983	-4.7638893	39.274166	41.05154	214.03271	-6.2209044	1280.0116	1491.1884	3908.5354	-423.3593	1000.0	1681.6074	1580.0945	3927.2378	-676.9672	1000.0	0.05491295	36000	-1.2262342
10	-47.48986	6.8059235	46.953327	50.803715	237.34969	-7.39703	46.95347	50.803883	236.03513	-8.050228	1548.5651	1628.423	4118.2695	-423.3593	1000.0	1942.751	1691.5599	4441.827	-676.9672	1000.0	0.056693	40000	-1.0915434
11	-55.820946	7.7038856	55.31303	60.277874	255.256	-7.39703	55.313183	60.278122	255.4773	-8.3512745	1780.9281	1718.1237	4285.169	-423.3593	1000.0	2169.7563	1765.4697	4539.4194	-676.9672	1000.0	0.059359252	44000	-0.985299
12	-64.5194	8.446396	64.042244	69.13014	274.8502	-7.39703	64.04239	69.130455	274.64227	-8.3512745	2004.5732	1805.0491	4635.7305	-423.3593	1000.0	2363.9504	1809.1385	4651.5654	-676.9672	1000.0	0.06278535	48000	-0.899404
13	-73.320816	8.983842	72.8752	77.2084	293.73492	-7.39703	72.8753	77.208755	289.91974	-8.3512745	2203.2097	1865.9465	4716.567	-423.3593	1000.0	2539.5872	1841.7919	4822.9707	-676.9672	1000.0	0.06644039	52000	-0.82669526
14	-82.10354	9.427487	81.69125	84.54135	308.95364	-7.39703	81.69133	84.54175	308.21454	-8.3512745	2385.6506	1914.8529	4899.9717	-423.3593	1000.0	2701.1877	1868.0955	4890.026	-676.9672	1000.0	0.07017675	56000	-0.76534665
15	-90.732864	9.854941	90.35498	91.172485	322.95325	-7.39703	90.35505	91.17299	321.77707	-8.3512745	2542.1072	1940.9608	5006.573	-423.3593	1000.0	2815.276	1874.6716	4948.2397	-676.9672	1000.0	0.073968045	60000	-0.71238095
16	-99.16957	10.22785	98.827705	97.17419	333.6641	-7.39703	98.82772	97.17463	334.4027	-8.3512745	2691.0066	1965.85	5006.573	-423.3593	1000.0	2931.1643	1884.8401	5146.569	-676.9672	1000.0	0.077816494	64000	-0.6670143
17	-107.34393	10.607106	107.036865	102.58982	345.62793	-7.39703	107.03688	102.59027	348.90207	-8.3512745	2833.35	1990.8264	5426.373	-423.3593	1000.0	3064.2278	1904.6063	5413.026	-676.9672	1000.0	0.081569724	68000	-0.62593156
18	-115.24756	10.943402	114.975914	107.50829	358.40714	-7.39703	114.97592	107.50877	358.45804	-8.3512745	2962.4084	2006.7054	5426.373	-423.3593	1000.0	3182.5068	1914.2085	5413.026	-676.9672	1000.0	0.08518383	72000	-0.59049636
19	-122.86521	11.2716875	122.62759	111.98587	364.69016	-7.39703	122.627556	111.98631	369.2361	-8.3512745	3082.1921	2018.3156	5426.373	-423.3593	1000.0	3296.1418	1924.7981	5602.742	-676.9672	1000.0	0.08849389	76000	-0.55892116
20	-130.21948	11.556433	130.01395	116.0906	376.523	-7.39703	130.01389	116.0911	374.19714	-8.3512745	3198.439	2031.4779	5483.2847	-423.3593	1000.0	3402.807	1932.9403	5602.742	-676.9672	1000.0	0.091669396	80000	-0.5301378
21	-137.32239	11.826928	137.14806	119.857864	385.02917	-7.39703	137.148	119.85836	385.72186	-8.3512745	3303.7236	2037.7084	5483.2847	-423.3593	1000.0	3481.2185	1918.8635	5602.742	-676.9672	1000.0	0.094705775	84000	-0.5044087
22	-144.18442	12.068156	144.03983	123.32692	395.79483	-7.39703	144.0398	123.32739	396.4196	-8.3512745	3405.7578	2045.0776	5649.0913	-423.3593	1000.0	3575.8127	1924.3665	5716.3105	-676.9672	1000.0	0.09762154	88000	-0.48071215
23	-150.8247	12.320067	150.70906	126.536674	402.9664	-7.39703	150.70908	126.53713	402.34427	-8.3512745	3502.2073	2050.7957	5725.68	-423.3593	1000.0	3670.3052	1933.688	5873.754	-676.9672	1000.0	0.100459024	92000	-0.45950174
24	-157.27016	12.563469	157.18105	129.5341	415.632	-7.39703	157.18106	129.53453	414.50537	-8.3512745	3597.718	2059.2654	5887.939	-423.3593	1000.0	3761.7295	1943.2007	6068.9453	-676.9672	1000.0	0.10311958	96000	-0.43966588
25	-163.51166	12.798102	163.44821	132.32857	416.46136	-7.39703	163.44823	132.32898	417.1761	-11.072619	3689.2385	2066.9321	5996.351	-423.3593	1000.0	3850.5967	1953.2644	6186.7246	-676.9672	1000.0	0.10580971	100000	-0.42198905
26	-169.58278	13.011138	169.5435	134.95221	426.13385	-7.39703	169.54352	134.95259	427.26413	-11.072619	3777.651	2074.4922	6104.041	-423.3593	1000.0	3933.6443	1959.9244	6186.7246	-676.9672	1000.0	0.108341604	104000	-0.4055655
27	-175.50136	13.242648	175.4826	137.45827	444.48013	-7.39703	175.48264	137.4586	443.70712	-11.072619	3869.9011	2089.5242	6407.4893	-423.3593	1000.0	4017.077	1969.9733	6432.0337	-676.9672	1000.0	0.11090214	108000	-0.38986865
28	-181.32643	13.52782	181.32751	139.90205	457.94888	-7.39703	181.32756	139.90236	460.30853	-11.072619	3951.211	2095.0098	6407.4893	-423.3593	1000.0	4071.166	1974.2924	6432.0337	-676.9672	1000.0	0.11365966	112000	-0.3753976
29	-187.04865	13.863103	187.0696	142.28014	466.34702	-7.39703	187.06964	142.28046	467.2222	-11.072619	4031.393	2101.9172	6407.4893	-423.3593	1000.0	4157.442	1993.0321	6725.5806	-676.9672	1000.0	0.116516106	116000	-0.3619886
30	-192.62813	14.206405	192.66925	144.53352	479.50983	-10.354647	192.66924	144.53374	479.9945	-15.358063	4114.0312	2114.1086	6659.024	-423.3593	1000.0	4238.312	2007.5322	6752.4263	-676.9672	1000.0	0.11937893	120000	-0.34998128
31	-198.08606	14.539549	198.14618	146.68922	485.68073	-10.354647	198.14616	146.68938	487.561	-15.358063	4185.141	2115.903	6659.024	-423.3593	1000.0	4315.3994	2019.6306	6793.8994	-676.9672	1000.0	0.122067995	124000	-0.33841944
32	-203.43124	14.850746	203.5088	148.75342	492.355	-10.354647	203.50876	148.75359	493.7956	-15.358063	4257.566	2121.4194	6663.5527	-423.3593	1000.0	4390.005	2030.917	6918.2427	-676.9672	1000.0	0.12463712	128000	-0.32783416
33	-208.66026	15.191863	208.75496	150.73021	502.11642	-10.354647	208.75476	150.73045	499.23016	-15.358063	4330.4707	2129.4407	6844.115	-423.3593	1000.0	4468.4365	2048.6318	7189.5254	-676.9672	1000.0	0.12728879	132000	-0.31743592
34	-213.78355	15.500196	213.89468	152.6296	511.23743	-10.354647	213.89447	152.62984	511.24207	-15.358063	4399.8394	2135.4766	6845.507	-423.3593	1000.0	4542.1597	2062.399	7309.921	-676.9672	1000.0	0.12988734	136000	-0.30788606
35	-218.80809	15.812194	218.93484	154.45485	525.5569	-10.354647	218.93472	154.45505	523.2885	-15.358063	4471.5176	2145.8904	7004.6025	-423.3593	1000.0	4608.667	2069.5002	7309.921	-676.9672	1000.0	0.13237226	140000	-0.29896355
36	-223.7591	16.160315	223.9006	156.23705	533.2651	-10.354647	223.9005	156.2373	534.46344	-15.358063	4545.1543	2160.4756	7278.556	-423.3593	1000.0	4674.668	2077.6946	7309.921	-676.9672	1000.0	0.13474815	144000	-0.2904402
37	-228.62088	16.509064	228.77666	157.95816	538.8041	-10.354647	228.77661	157.95833	536.3172	-15.358063	4607.7144	2164.3164	7278.556	-423.3593	1000.0	4745.463	2093.0442	7424.2246	-676.9672	1000.0	0.13712949	148000	-0.28250384
38	-233.39038	16.864363	233.55917	159.6397	544.5806	-10.354647	233.55905	159.63992	543.82404	-15.358063	4671.2695	2170.4968	7278.556	-423.3593	1000.0	4802.052	2093.857	7424.2246	-676.9672	1000.0	0.13937329	152000	-0.27529952
39	-238.10947	17.223083	238.29134	161.297	553.5338	-10.354647	238.29118	161.29712	554.4191	-15.358063	4731.585	2174.5544	7278.556	-423.3593	1000.0	4868.287	2106.8706	7657.23	-676.9672	1000.0	0.14162605	156000	-0.26786557
40	-242.74155	17.556814	242.93602	162.90157	558.9672	-10.354647	242.93587	162.9017	559.3729	-15.358063	4790.1885	2178.345	7327.7764	-423.3593	1000.0	4907.08	2112.5334	7657.23	-676.9672	1000.0	0.14386363	160000	-0.26109454
41	-247.30257	17.88522	247.50876	164.46225	560.0462	-10.620538	247.50867	164.46257	560.3122	-15.358063	4851.2646	2186.0303	7383.854	-423.3593	1000.0	4961.9375	2123.4958	7702.8896	-676.9672	1000.0	0.14596534	164000	-0.25472665
42	-251.81412	18.24177	252.03119	166.0099	566.2139	-10.620538	252.03107	166.01007	570.5801	-15.358063	4905.7803	2187.9902	7383.854	-423.3593	1000.0	5021.2627	2132.218	7702.8896	-676.9672	1000.0	0.14791243	168000	-0.24853057
43	-256.25058	18.605492	256.47925	167.50558	571.98706	-10.620538	256.4792	167.5057	572.1582	-15.358063	4961.298	2192.1404	7383.854	-423.3593	1000.0	5080.1978	2141.684	7715.9683	-676.9672	1000.0	0.14991495	172000	-0.24265885
44	-260.6111	18.93915	260.85022	168.95813	581.07025	-10.620538	260.85016	168.95815	580.50006	-15.358063	5016.232	2196.9607	7639.2007	-423.3593	1000.0	5135.691	2148.307	7715.9683	-676.9672	1000.0	0.15171868	176000	-0.23710965
45	-264.9163	19.267	265.16568	170.38281	585.06573	-10.620538	265.1656	170.38297	586.6236	-15.358063	5067.8276	2199.21	7639.2007	-423.3593	1000.0	5187.923	2152.4773	7741.1807	-676.9672	1000.0	0.1535057	180000	-0.23181896
46	-269.15088	19.586727	269.41055	171.76813	591.75037	-12.801281	269.41037	171.76826	588.93896	-17.04769	5120.916	2204.2415	7754.3594	-423.3593	1000.0	5238.781	2156.2612	7890.2793	-676.9672	1000.0	0.1552552	184000	-0.22681108
47	-273.31012	19.882044	273.57974	173.1092	596.3186	-12.801281	273.5796	173.10936	595.00934	-17.04769	5168.1167	2204.2195	7754.3594	-423.3593	1000.0	5289.0415	2160.3032	7890.2793	-676.9672	1000.0	0.15694982	188000	-0.22190641
48	-277.4016	20.183914	277.68106	174.40721	599.3148	-12.801281	277.68097	174.40749	600.32306	-17.04769	5214.8115	2204.5542	7754.3594	-423.3593	1000.0	5335.8066	2161.695	7890.2793	-676.9672	1000.0	0.1586441	192000	-0.21707155
49	-281.43195	20.479322	281.72043	175.65533	604.5946	-12.801281	281.72043	175.6554	606.0274	-17.04769	5259.236	2203.5786	7754.3594	-423.3593	1000.0	5383.6777	2165.145	7890.2793	-676.9672	1000.0	0.16029929	196000	-0.21278742
50	-285.38773	20.759281	285.68594	176.85588	608.6352	-12.801281	285.68585	176.85612	606.69946	-17.04769	5303.7314	2203.6155	7754.3594	-423.3593	1000.0	5429.9917	2167.8674	8008.743	-676.9672	1000.0	0.16186954	200000	-0.2082798
51	-289.25784	21.026575	289.5657	178.0059	621.8041	-12.801281	289.56567	178.00612	622.145	-17.04769	5350.474	2206.8933	7908.291	-423.3593	1000.0	5474.269	2169.2505	8008.743	-676.9672	1000.0	0.1633866	204000	-0.20433314
52	-293.0684	21.30206	293.38528	179.11356	623.10834	-12.801281	293.38522	179.11382	626.56866	-19.502968	5396.2427	2209.9294	7908.291	-423.3593	1000.0	5521.7466	2174.928	8107.277	-676.9672	1000.0	0.16483831	208000	-0.20025975
53	-296.80966	21.56114	297.1347	180.17625	628.0024	-12.801281	297.13464	180.17625	628.54645	-19.502968	5436.89	2208.6099	7908.291	-423.3593	1000.0	5565.6323	2177.5068	8107.277	-676.9672	1000.0	0.1662299	212000	-0.19648673
54	-300.47162	21.896059	300.80634	181.18422	629.95685	-12.801281	300.80624	181.18439	631.1959	-19.502968	5436.7305	2238.3425	7908.291	-562.00446	1000.0	5604.226	2175.5293	8107.277	-676.9672	1000.0	0.1676143	216000	-0.19276778
55	-304.02344	22.171627	304.36844	182.12415	635.0614	-12.801281	304.3684	182.12408	632.8527	-19.502968	5476.3257	2236.9834	7908.291	-562.00446	1000.0	5646.3184	2177.7686	8107.277	-676.9672	1000.0	0.16896585	220000	-0.18927069
56	-307.49988	22.438051	307.8544	183.02219	635.0614	-12.801281	307.85437	183.02225	636.34424	-19.502968	5515.2393	2235.7085	7908.291	-562.00446	1000.0	5677.967	2180.3933	8107.277	-676.9672	1000.0	0.17028707	224000	-0.18584356
57	-310.90247	22.696243	311.26562	183.87547	638.5142	-12.801281	311.2655	183.87549	638.1111	-19.502968	5554.973	2235.9016	7927.98	-562.00446	1000.0	5713.1885	2177.2363	8107.277	-676.9672	1000.0	0.17156075	228000	-0.1825492
58	-314.2482	22.921156	314.61908	184.70221	638.63824	-12.801281	314.61902	184.70242	639.51697	-19.502968	5593.9014	2235.969	7953.3125	-562.00446	1000.0	5751.408	2177.67	8122.0776	-676.9672	1000.0	0.17268634	232000	-0.1795361
59	-317.54605	23.167425	317.92487	185.5151	644.59845	-12.801281	317.92487	185.51541	643.3586	-19.502968	5630.438	2234.4492	8049.0396	-562.00446	1000.0	5780.82	2170.829	8122.0776	-676.9672	1000.0	0.17377181	236000	-0.17634782
60	-320.80716	23.398027	321.19308	186.31387	644.59845	-13.825059	321.19308	186.31396	645.68976	-22.62244	5669.0005	2235.5098	8119.398	-562.00446	1000.0	5817.1675	2170.745	8154.1553	-676.9672	1000.0	0.17477247	240000	-0.17340866
61	-324.02097	23.610607	324.41443	187.09767	649.33044	-90.75516	324.41446	187.09782	648.35364	-71.83482	5707.498	2237.129	8130.928	-562.00446	1000.0	5844.46	2163.2915	8154.1553	-676.9672	1000.0	0.17575297	244000	-0.17060962
62	-327.1905	23.816648	327.59067	187.86794	653.8084	-101.68507	327.59073	187.86829	652.64453	-104.8379	5741.429	2234.97	8130.928	-562.00446	1000.0	5874.3833	2160.5884	8154.1553	-676.9672	1000.0	0.17668341	248000	-0.16780692
63	-330.31534	24.009373	330.72238	188.61345	654.44257	-101.68507	330.72247	188.61368	654.4804	-104.8379	5776.13	2233.9558	8130.928	-562.00446	1000.0	5908.014	2159.7297	8178.159	-676.9672	1000.0	0.17764978	252000	-0.16512078
64	-333.3945	24.190739	333.8082	189.33847	656.9133	-126.61685	333.8084	189.3387	656.95013	-121.523674	5809.3223	2232.1062	8130.928	-562.00446	1000.0	5941.676	2159.4163	8178.159	-676.9672	1000.0	0.17854422	256000	-0.16246775
65	-336.4227	24.383936	336.843	190.03563	659.9531	-126.61685	336.84323	190.03574	661.03894	-121.523674	5841.8315	2230.1145	8130.928	-562.00446	1000.0	5974.941	2159.3142	8405.137	-676.9672	1000.0	0.17946221	260000	-0.15995876
66	-339.40173	24.558735	339.82895	190.71194	661.749	-130.97171	339.82922	190.7119	661.0719	-121.523674	5872.5645	2227.1003	8130.928	-562.00446	1000.0	6009.5786	2161.0776	8541.771	-676.9672	1000.0	0.18039641	264000	-0.15747379
67	-342.3429	24.719122	342.77682	191.35866	661.749	-130.97171	342.7772	191.35886	662.156	-121.523674	5903.713	2224.9827	8195.584	-562.00446	1000.0	6038.815	2158.0515	8541.771	-676.9672	1000.0	0.18127163	268000	-0.15522459
68	-345.2395	24.887917	345.6801	191.9852	668.77106	-130.97171	345.68033	191.98521	669.6682	-121.523674	5934.4785	2222.9834	8250.445	-562.00446	1000.0	6063.3887	2151.5713	8541.771	-676.9672	1000.0	0.18207413	272000	-0.15293655
69	-348.08807	25.05639	348.535	192.58664	668.77106	-130.97171	348.5352	192.5865	669.6682	-135.53801	5964.7476	2220.9941	8250.445	-562.00446	1000.0	6085.3984	2143.736	8541.771	-676.9672	1000.0	0.1828538	276000	-0.15068021
70	-350.89722	25.21189	351.35028	193.16591	671.64484	-130.97171	351.35056	193.16577	674.08124	-135.53801	5993.9995	2218.4417	8250.445	-562.00446	1000.0	6113.074	2140.772	8541.771	-676.9672	1000.0	0.18362226	280000	-0.14849591
71	-353.67133	25.370823	354.13025	193.72868	676.3335	-130.97171	354.1306	193.72888	674.08124	-135.53801	6022.869	2215.989	8250.445	-562.00446	1000.0	6134.285	2133.2332	8541.771	-676.9672	1000.0	0.18434608	284000	-0.14643943
72	-356.4045	25.537128	356.8692	194.282	677.2156	-131.27011	356.86948	194.28192	675.0191	-135.53801	6049.8105	2212.2817	8250.445	-562.00446	1000.0	6161.311	2130.6384	8541.771	-676.9672	1000.0	0.18501592	288000	-0.1443224
73	-359.0982	25.691208	359.569	194.81387	677.85474	-131.27011	359.5692	194.81389	678.53925	-135.53801	6078.678	2210.7576	8412.18	-562.00446	1000.0	6187.6772	2127.847	8541.771	-676.9672	1000.0	0.18574773	292000	-0.14238906
74	-361.74246	25.833942	362.21942	195.32326	684.63983	-156.19498	362.21964	195.32327	684.568	-148.43585	6106.6934	2208.8713	8412.18	-562.00446	1000.0	6213.246	2124.7134	8541.771	-676.9672	1000.0	0.18643843	296000	-0.1404004
75	-364.3501	25.995056	364.8323	195.81758	685.80896	-156.19498	364.83255	195.81752	685.66516	-174.15366	6131.6167	2204.7227	8412.18	-562.00446	1000.0	6238.7246	2121.9604	8541.771	-676.9672	1000.0	0.18712631	300000	-0.13844407
76	-366.92648	26.137545	367.41483	196.27888	687.88	-156.19498	367.41495	196.27885	686.97296	-174.15366	6158.025	2202.1033	8412.18	-562.00446	1000.0	6265.206	2120.419	8541.771	-676.9672	1000.0	0.1878506	304000	-0.13668558
77	-369.46414	26.286528	369.95792	196.72325	690.6654	-156.19498	369.95792	196.72325	689.68866	-174.15366	6184.9067	2200.2832	8412.18	-562.00446	1000.0	6289.9077	2117.6348	8541.771	-676.9672	1000.0	0.18845682	308000	-0.13489935
78	-371.9644	26.415169	372.46368	197.15532	690.6654	-156.19498	372.46378	197.15526	690.2509	-174.15366	6208.0635	2195.58	8412.18	-562.00446	1000.0	6315.268	2115.7896	8541.771	-676.9672	1000.0	0.18908672	312000	-0.13314155
79	-374.43784	26.538761	374.94263	197.56978	698.66486	-156.19498	374.9427	197.5698	698.0502	-174.15366	6232.9595	2192.7249	8412.18	-562.00446	1000.0	6337.7437	2111.8071	8541.771	-676.9672	1000.0	0.18973266	316000	-0.13147941
80	-376.87457	26.674257	377.38477	197.97011	698.66486	-156.19498	377.3848	197.97002	698.0502	-174.15366	6257.927	2190.3293	8505.354	-562.00446	1000.0	6356.0464	2111.6829	8541.771	-676.9672	1000.0	0.19036223	320000	-0.12971951
81	-379.27676	26.820456	379.79248	198.36084	702.87476	-156.19498	379.79242	198.361	704.05743	-174.15366	6281.729	2187.1865	8505.354	-562.00446	1000.0	6380.287	2109.855	8541.771	-676.9672	1000.0	0.19097914	324000	-0.12818083
82	-381.65027	26.967451	382.17142	198.73546	702.87476	-156.19498	382.17136	198.7355	704.05743	-174.15366	6305.414	2184.3682	8544.451	-562.00446	1000.0	6405.11	2108.8777	8729.488	-676.9672	1000.0	0.19162273	328000	-0.12655297
83	-383.98645	27.113052	384.5127	199.0947	704.14655	-156.19498	384.51266	199.09488	704.05743	-174.15366	6327.2837	2180.2236	8544.451	-562.00446	1000.0	6427.232	2105.7664	8729.488	-676.9672	1000.0	0.1922246	332000	-0.12503019
84	-386.29398	27.240501	386.82568	199.4382	705.5341	-156.19498	386.8256	199.43816	707.77435	-174.15366	6350.561	2177.6572	8544.451	-562.00446	1000.0	6448.6704	2102.3875	8729.488	-676.9672	1000.0	0.19282895	336000	-0.12352883
85	-388.56378	27.39214	389.10092	199.77007	705.87823	-156.19498	389.10083	199.77008	710.05994	-174.15366	6374.7383	2176.2322	8739.415	-562.00446	1000.0	6472.6294	2101.52	8729.488	-676.9672	1000.0	0.19343564	340000	-0.12203795
86	-390.80038	27.513155	391.3428	200.0821	707.4204	-156.19498	391.34268	200.08212	710.20245	-174.15366	6396.045	2172.5354	8739.415	-562.00446	1000.0	6495.082	2099.5012	8729.488	-676.9672	1000.0	0.1940266	344000	-0.12061213
87	-393.0088	27.646402	393.5562	200.38586	711.0979	-156.19498	393.55627	200.38594	712.0807	-174.15366	6418.8906	2170.4797	8739.415	-562.00446	1000.0	6515.9395	2096.3713	8729.488	-676.9672	1000.0	0.19459964	348000	-0.11924271
88	-395.18054	27.779835	395.7329	200.6691	711.0979	-156.19498	395.73306	200.66908	714.6913	-174.15366	6439.8716	2167.0312	8739.415	-562.00446	1000.0	6528.9272	2093.3267	8729.488	-676.9672	1000.0	0.19518799	352000	-0.117876194
89	-397.31796	27.904556	397.8756	200.93561	713.01056	-156.19498	397.87573	200.93576	714.6913	-174.15366	6462.493	2165.2656	8739.415	-562.00446	1000.0	6546.1245	2087.8167	8729.488	-676.9672	1000.0	0.19576186	356000	-0.11644659
90	-399.42828	28.024927	399.9911	201.18518	713.01056	-156.19498	399.9912	201.18517	714.6913	-174.15366	6483.8203	2162.628	8739.415	-562.00446	1000.0	6564.0737	2086.811	8893.967	-676.9672	1000.0	0.19633523	360000	-0.11522083
91	-401.50763	28.147476	402.0754	201.4274	714.658	-156.19498	402.07544	201.42743	715.8974	-174.15366	6502.842	2158.3857	8739.415	-562.00446	1000.0	6586.4727	2086.2139	8893.967	-676.9672	1000.0	0.1968602	364000	-0.113887876
92	-403.568	28.2738	404.14035	201.66655	719.4253	-156.19498	404.1404	201.66652	718.0834	-174.15366	6523.7705	2155.928	8739.415	-562.00446	1000.0	6607.6826	2084.7322	8893.967	-676.9672	1000.0	0.19736055	368000	-0.11273354
93	-405.608	28.390581	406.18475	201.9052	719.4253	-156.19498	406.1848	201.90501	719.86914	-174.15366	6545.7075	2154.6138	8739.415	-562.00446	1000.0	6625.9463	2080.9321	8893.967	-676.9672	1000.0	0.19785461	372000	-0.111428924
94	-407.63043	28.504469	408.2118	202.13742	720.17566	-156.19498	408.2118	202.13757	720.6506	-174.15366	6566.482	2152.4788	8739.415	-562.00446	1000.0	6646.4756	2079.3044	8893.967	-676.9672	1000.0	0.19834612	376000	-0.110239476
95	-409.629	28.636082	410.2149	202.3681	723.3566	-156.19498	410.2149	202.3682	724.0712	-174.15366	6586.1514	2149.6216	8739.415	-562.00446	1000.0	6661.856	2073.7354	8893.967	-676.9672	1000.0	0.19883083	380000	-0.10910045
96	-411.60004	28.772486	412.19092	202.59248	724.69293	-156.38705	412.1909	202.5923	726.72375	-174.15366	6605.5605	2146.8071	8739.415	-562.00446	1000.0	6674.5366	2075.6213	8893.967	-676.9672	1000.0	0.19935909	384000	-0.10792158
97	-413.54608	28.916847	414.14175	202.80168	727.05383	-166.06682	414.14172	202.80144	728.117	-174.15366	6624.6113	2143.8818	8739.415	-562.00446	1000.0	6694.476	2074.144	8893.967	-676.9672	1000.0	0.19986373	388000	-0.1067996
98	-415.47113	29.028631	416.0712	203.00105	728.28375	-166.06682	416.0711	203.00107	729.13635	-174.15366	6644.6445	2142.0796	8844.292	-562.00446	1000.0	6710.6836	2073.1282	8921.646	-676.9672	1000.0	0.20033501	392000	-0.10572904
99	-417.37912	29.143612	417.9835	203.1941	729.22107	-166.06682	417.9834	203.19414	729.9816	-174.15366	6662.608	2138.6445	8844.292	-562.00446	1000.0	6730.4272	2071.9163	8921.646	-676.9672	1000.0	0.20078461	396000	-0.10471836
100	-419.26797	29.264864	419.87674	203.38503	733.6716	-166.06682	419.8767	203.38487	731.8734	-174.15366	6681.1313	2135.8967	8844.292	-562.00446	1000.0	6749.671	2070.4878	8931.421	-676.9672	1000.0	0.20122202	400000	-0.10357523
101	-421.1358	29.375238	421.74875	203.56844	734.25964	-166.06682	421.74875	203.5683	735.7108	-174.15366	6700.3525	2134.0535	8844.292	-562.00446	1000.0	6765.652	2066.4155	8931.421	-676.9672	1000.0	0.20172338	404000	-0.102538265
102	-422.981	29.496637	423.59805	203.74484	737.63715	-166.06682	423.598	203.74486	736.9832	-174.15366	6719.8604	2132.719	9085.558	-562.00446	1000.0	6782.6704	2063.4075	8931.421	-676.9672	1000.0	0.20216739	408000	-0.10151066
103	-424.8051	29.612091	425.42664	203.91464	744.87024	-166.06682	425.4265	203.91466	743.4	-174.15366	6736.2124	2128.89	9085.558	-562.00446	1000.0	6801.2656	2062.0125	8931.421	-676.9672	1000.0	0.20261472	412000	-0.1005307
104	-426.6029	29.724852	427.2288	204.06892	744.87024	-166.06682	427.22864	204.06885	743.4	-174.15366	6753.1675	2125.6992	9085.558	-562.00446	1000.0	6817.453	2058.6685	8931.421	-676.9672	1000.0	0.20307449	416000	-0.09958914
105	-428.38477	29.840061	429.0146	204.22154	744.87024	-166.06682	429.0146	204.22151	743.4	-174.15366	6770.1934	2122.6775	9085.558	-562.00446	1000.0	6834.966	2056.632	8931.421	-676.9672	1000.0	0.2035122	420000	-0.09871341
106	-430.149	29.962204	430.78293	204.36934	744.87024	-166.06682	430.78296	204.36923	743.4	-174.15366	6786.213	2119.038	9085.558	-562.00446	1000.0	6853.393	2055.6216	8967.179	-676.9672	1000.0	0.203948	424000	-0.097668104
107	-431.89435	30.082228	432.5322	204.50868	744.87024	-166.06682	432.53223	204.50854	744.7467	-174.15366	6802.5444	2115.831	9085.558	-562.00446	1000.0	6870.609	2053.7244	9010.427	-676.9672	1000.0	0.2043904	428000	-0.09670232
108	-433.62186	30.19303	434.26337	204.64145	744.87024	-166.06682	434.26343	204.64119	745.1872	-174.15366	6818.843	2112.8386	9085.558	-562.00446	1000.0	6889.1997	2053.2634	9111.78	-676.9672	1000.0	0.2047874	432000	-0.09588875
109	-435.33585	30.29961	435.9814	204.76932	745.9807	-166.06682	435.98148	204.76938	745.4105	-174.15366	6834.86	2109.8372	9085.558	-562.00446	1000.0	6905.2007	2050.5947	9111.78	-676.9672	1000.0	0.20522933	436000	-0.09499273
110	-437.02747	30.398777	437.67648	204.89038	747.48865	-166.06682	437.6767	204.89041	746.98376	-174.15366	6850.1177	2106.2778	9085.558	-562.00446	1000.0	6915.403	2052.218	9111.78	-676.9672	1000.0	0.20560838	440000	-0.09411603
111	-438.7009	30.514065	439.35394	205.00851	751.56165	-166.06682	439.35413	205.00842	749.9593	-174.15366	6862.0376	2101.5652	9085.558	-562.00446	1000.0	6932.631	2050.9426	9111.78	-676.9672	1000.0	0.20600578	444000	-0.09324627
112	-440.3495	30.632229	441.00653	205.12129	751.6479	-166.06682	441.0067	205.12114	751.40784	-174.15366	6878.605	2099.48	9085.558	-562.00446	1000.0	6949.6904	2049.8262	9244.944	-676.9672	1000.0	0.20639738	448000	-0.09244191
113	-441.9787	30.757915	442.63962	205.22684	752.7386	-166.06682	442.63974	205.22685	751.40784	-182.92554	6893.3584	2096.0022	9085.558	-562.00446	1000.0	6966.5327	2048.5374	9244.944	-676.9672	1000.0	0.20680977	452000	-0.09158706
114	-443.5853	30.88874	444.25012	205.32587	754.1528	-189.07649	444.25024	205.32585	752.82965	-182.92554	6909.1523	2093.6108	9085.558	-562.00446	1000.0	6983.558	2047.6241	9244.944	-676.9672	1000.0	0.20720735	456000	-0.09075827
115	-445.17636	30.99415	445.84497	205.41824	757.09735	-197.31383	445.84506	205.4183	755.742	-203.42314	6924.422	2090.8787	9085.558	-562.00446	1000.0	6999.405	2045.7751	9244.944	-676.9672	1000.0	0.20759419	460000	-0.09001306
116	-446.74796	31.105179	447.42032	205.50455	759.42163	-197.31383	447.42044	205.50426	757.1444	-222.89017	6938.8975	2087.7095	9085.558	-562.00446	1000.0	7013.8228	2042.8572	9244.944	-676.9672	1000.0	0.20798892	464000	-0.08918366
117	-448.3016	31.21687	448.9775	205.58577	759.42163	-224.66371	448.97772	205.58574	757.1444	-222.89017	6956.2114	2087.1357	9128.057	-562.00446	1000.0	7029.6147	2041.2618	9244.944	-676.9672	1000.0	0.20836802	468000	-0.08844384
118	-449.84113	31.339743	450.52097	205.66093	759.42163	-224.66371	450.52112	205.66052	757.6242	-222.89017	6970.71	2084.2244	9128.057	-562.00446	1000.0	7045.8164	2040.1503	9244.944	-676.9672	1000.0	0.2087695	472000	-0.08761076
119	-451.3635	31.437387	452.04666	205.72919	759.42163	-224.66371	452.04678	205.72911	757.97174	-222.89017	6985.9526	2082.1013	9128.057	-562.00446	1000.0	7061.304	2038.5714	9244.944	-676.9672	1000.0	0.20916507	476000	-0.08690133
120	-452.8759	31.5275	453.56247	205.79845	760.86456	-224.66371	453.5626	205.7982	763.4296	-222.89017	7001.7886	2080.6553	9135.129	-562.00446	1000.0	7075.9834	2036.4316	9244.944	-676.9672	1000.0	0.2095456	480000	-0.08617118
121	-454.36682	31.627937	455.05734	205.862	766.80084	-224.66371	455.05746	205.86201	770.18866	-222.89017	7010.1084	2077.975	9135.129	-562.00446	1000.0	7089.1733	2033.1621	9244.944	-676.9672	1000.0	0.20995988	484000	-0.08545582
122	-455.8342	31.750347	456.5282	205.922	766.80084	-224.66371	456.5283	205.92186	770.18866	-222.89017	7014.043	2077.4983	9135.129	-562.00446	1000.0	7103.285	2030.7732	9244.944	-676.9672	1000.0	0.21032967	488000	-0.08477582
123	-457.28357	31.863241	457.98135	205.97908	766.80084	-224.66371	457.98135	205.97887	770.18866	-222.89017	7028.6484	2075.326	9135.129	-562.00446	1000.0	7118.182	2029.2513	9244.944	-676.9672	1000.0	0.21071123	492000	-0.08407238
124	-458.7225	31.980362	459.42358	206.02808	768.4862	-224.66371	459.42355	206.02803	770.18866	-222.89017	7043.6846	2073.663	9135.129	-562.00446	1000.0	7133.401	2028.1364	9244.944	-676.9672	1000.0	0.21105716	496000	-0.083355196
125	-460.14587	32.09431	460.85056	206.078	768.4862	-224.66371	460.85056	206.07777	770.18866	-222.89017	7057.149	2070.8662	9135.129	-562.00446	1000.0	7148.583	2027.0781	9244.944	-676.9672	1000.0	0.21141359	500000	-0.08269469
126	-461.5558	32.222942	462.26382	206.12299	769.7886	-224.66371	462.26385	206.1229	770.18866	-222.89017	7071.979	2069.328	9135.129	-562.00446	1000.0	7162.4287	2024.9747	9244.944	-676.9672	1000.0	0.2117603	504000	-0.08201621
127	-462.9493	32.33993	463.6607	206.1633	772.4481	-224.66371	463.66077	206.16338	772.1683	-222.89017	7086.3306	2067.4783	9135.129	-562.00446	1000.0	7177.8447	2024.4034	9244.944	-676.9672	1000.0	0.21211213	508000	-0.081368744
128	-464.33063	32.447044	465.0454	206.20073	773.19946	-224.66371	465.0454	206.20093	772.1683	-222.89017	7101.7393	2066.7573	9279.272	-562.00446	1000.0	7193.7046	2024.4081	9358.506	-676.9672	1000.0	0.21245572	512000	-0.08074053
129	-465.69778	32.554398	466.41602	206.2373	773.19946	-242.90002	466.41602	206.23695	772.1683	-222.89017	7114.2153	2063.6038	9279.272	-562.00446	1000.0	7207.5967	2022.6809	9358.506	-676.9672	1000.0	0.2127957	516000	-0.08009384
130	-467.0551	32.6847	467.7766	206.26979	773.19946	-290.7532	467.7767	206.26962	773.28253	-244.08623	7128.1484	2061.7717	9279.272	-562.00446	1000.0	7222.267	2021.8336	9395.287	-676.9672	1000.0	0.21311313	520000	-0.07946906
131	-468.39688	32.79836	469.12164	206.30038	774.008	-314.7263	469.12167	206.30019	775.234	-265.70163	7142.3223	2060.3416	9279.272	-562.00446	1000.0	7231.9404	2017.1423	9395.287	-676.9672	1000.0	0.21345048	524000	-0.078866936
132	-469.7302	32.907955	470.45825	206.32964	778.9562	-314.7263	470.4583	206.32942	775.69714	-265.70163	7154.5806	2057.404	9279.272	-562.00446	1000.0	7243.964	2014.23	9395.287	-676.9672	1000.0	0.2137869	528000	-0.07825397
133	-471.05273	33.004086	471.7838	206.35661	778.9562	-314.7263	471.78384	206.35631	779.07623	-265.70163	7168.2075	2055.656	9279.272	-562.00446	1000.0	7258.1055	2013.2834	9410.697	-676.9672	1000.0	0.21409903	532000	-0.07767046
134	-472.3656	33.116497	473.0999	206.387	778.9562	-314.7263	473.09995	206.38687	779.07623	-265.70163	7181.416	2053.6523	9279.272	-562.00446	1000.0	7271.0195	2011.2909	9410.697	-676.9672	1000.0	0.2144492	536000	-0.077045366
135	-473.6654	33.220905	474.40295	206.41164	778.9562	-314.7263	474.40308	206.41164	779.07623	-265.70163	7193.974	2051.2307	9279.272	-562.00446	1000.0	7284.0317	2009.493	9410.697	-676.9672	1000.0	0.2148121	540000	-0.07647581
136	-474.9535	33.320293	475.69427	206.4303	781.05554	-314.7263	475.69443	206.43007	781.2864	-265.70163	7206.9697	2049.3132	9279.272	-562.00446	1000.0	7294.297	2005.6652	9410.697	-676.9672	1000.0	0.21515685	544000	-0.075933635
137	-476.2311	33.409916	476.97513	206.44647	781.30383	-314.7263	476.97525	206.44632	781.2864	-265.70163	7219.9233	2047.5665	9457.675	-562.00446	1000.0	7306.3174	2003.2946	9410.697	-676.9672	1000.0	0.21547912	548000	-0.07543813
138	-477.49796	33.50467	478.24493	206.4652	781.30383	-314.7263	478.245	206.46495	781.7004	-265.70163	7231.875	2044.9781	9457.675	-562.00446	1000.0	7316.4697	1999.6074	9410.697	-676.9672	1000.0	0.21579212	552000	-0.07482243
139	-478.76047	33.598183	479.51044	206.48521	787.6707	-314.7263	479.51044	206.48503	786.6452	-265.70163	7245.499	2043.9076	9457.675	-562.00446	1000.0	7328.2783	1997.2727	9410.697	-676.9672	1000.0	0.21610466	556000	-0.074253745
140	-480.01035	33.696606	480.76337	206.50076	787.6707	-314.7263	480.76328	206.5005	786.6452	-265.70163	7258.002	2041.9486	9457.675	-562.00446	1000.0	7338.193	1993.5687	9410.697	-676.9672	1000.0	0.21642774	560000	-0.07375917
141	-481.25107	33.796978	482.00714	206.51398	787.6707	-314.7263	482.00702	206.51375	786.6452	-265.70163	7270.2046	2039.9164	9457.675	-562.00446	1000.0	7350.4253	1991.7671	9410.697	-676.9672	1000.0	0.21673213	564000	-0.0732123
142	-482.47592	33.89286	483.23492	206.52223	787.6707	-314.7263	483.23483	206.52199	786.6452	-265.70163	7282.5264	2037.9822	9457.675	-562.00446	1000.0	7360.304	1988.2147	9410.697	-676.9672	1000.0	0.2170425	568000	-0.07273947
143	-483.69452	33.98554	484.45667	206.53285	787.6707	-314.7263	484.4565	206.53258	786.6452	-265.70163	7295.279	2036.5297	9457.675	-562.00446	1000.0	7372.2373	1986.3788	9410.697	-676.9672	1000.0	0.21737091	572000	-0.07214531
144	-484.8999	34.080982	485.665	206.54126	787.6707	-314.7263	485.6648	206.54114	786.6452	-265.70163	7308.442	2035.5474	9457.675	-562.00446	1000.0	7383.245	1983.8524	9410.697	-676.9672	1000.0	0.21769337	576000	-0.07167024
145	-486.09494	34.173157	486.86304	206.54698	789.83716	-314.7263	486.86276	206.5469	788.77435	-265.70163	7320.1	2033.35	9457.675	-562.00446	1000.0	7389.279	1987.9152	9434.068	-676.9672	1000.0	0.21800672	580000	-0.071180426
146	-487.28122	34.266727	488.052	206.55397	793.4162	-314.7263	488.05173	206.55382	788.77435	-265.70163	7332.241	2031.6862	9457.675	-562.00446	1000.0	7399.735	1985.1458	9434.068	-676.9672	1000.0	0.2182916	584000	-0.07066763
147	-488.4572	34.35469	489.23065	206.56258	793.4162	-314.7263	489.23038	206.56256	788.77435	-265.70163	7344.507	2030.1946	9457.675	-562.00446	1000.0	7410.9287	1983.0688	9434.068	-676.9672	1000.0	0.21858253	588000	-0.07022216
148	-489.62842	34.450745	490.40482	206.57385	794.3494	-314.7263	490.40457	206.57358	794.3479	-265.70163	7357.076	2029.0658	9457.675	-562.00446	1000.0	7422.306	1981.1897	9434.068	-676.9672	1000.0	0.21886444	592000	-0.06969673
149	-490.793	34.535835	491.5719	206.5866	794.3494	-314.7263	491.57162	206.5862	794.44385	-265.70163	7368.953	2027.457	9457.675	-562.00446	1000.0	7433.859	1979.5928	9434.068	-676.9672	1000.0	0.21916373	596000	-0.06924872
150	-491.94907	34.633152	492.73087	206.59563	801.61017	-314.7263	492.7306	206.59543	798.9662	-265.70163	7380.0107	2025.2406	9457.675	-562.00446	1000.0	7442.1436	1975.6077	9434.068	-676.9672	1000.0	0.21946666	600000	-0.068742506
151	-493.09683	34.72699	493.8812	206.6029	801.98096	-365.0037	493.88098	206.60255	799.5421	-327.50775	7391.7046	2023.6022	9457.675	-562.00446	1000.0	7452.7876	1973.3755	9434.068	-676.9672	1000.0	0.21973732	604000	-0.06830731
152	-494.23434	34.819916	495.0212	206.60834	801.98096	-365.0037	495.02094	206.6084	805.9643	-327.50775	7395.6504	2023.5039	9457.675	-562.00446	1000.0	7464.8564	1972.4814	9434.068	-676.9672	1000.0	0.22002038	608000	-0.06787998
153	-495.36093	34.93428	496.1506	206.6149	801.98096	-365.0037	496.1504	206.61443	805.9643	-327.50775	7405.795	2020.8093	9457.675	-562.00446	1000.0	7473.0103	1972.6553	9523.759	-676.9672	1000.0	0.22028555	612000	-0.06740087
154	-496.48016	35.03617	497.2724	206.61984	801.98096	-365.0037	497.272	206.61954	805.9643	-327.50775	7416.906	2018.9681	9457.675	-562.00446	1000.0	7485.282	1972.1199	9607.088	-676.9672	1000.0	0.22053029	616000	-0.06701488
155	-497.59192	35.14132	498.38684	206.62302	801.98096	-365.0037	498.38644	206.62263	805.9643	-327.50775	7427.6396	2016.8716	9457.675	-562.00446	1000.0	7497.1123	1971.3041	9609.755	-676.9672	1000.0	0.22077508	620000	-0.06661575
156	-498.69763	35.245537	499.49524	206.6264	801.98096	-365.0037	499.49484	206.62596	805.9643	-327.50775	7439.5435	2015.8678	9457.675	-562.00446	1000.0	7508.182	1969.8317	9609.755	-676.9672	1000.0	0.22101286	624000	-0.06610219
157	-499.79453	35.341984	500.5946	206.62755	806.58075	-365.0037	500.5942	206.62715	805.9643	-327.50775	7450.4814	2014.1431	9457.675	-562.00446	1000.0	7519.9097	1969.0504	9610.919	-676.9672	1000.0	0.22124225	628000	-0.06570038
158	-500.88394	35.436794	501.68674	206.62938	806.58075	-365.0037	501.68637	206.62941	805.9643	-327.50775	7461.0996	2012.2151	9457.675	-562.00446	1000.0	7530.3823	1967.5135	9610.919	-676.9672	1000.0	0.2215032	632000	-0.065258615
159	-501.9664	35.53568	502.77164	206.62842	807.6215	-365.0037	502.77127	206.62791	805.9643	-327.50775	7471.8867	2010.4653	9457.675	-562.00446	1000.0	7540.7144	1965.671	9610.919	-676.9672	1000.0	0.22176093	636000	-0.064873725
160	-503.0407	35.630047	503.8483	206.62862	807.6215	-365.0037	503.84793	206.62834	805.9643	-327.50775	7481.8633	2008.1387	9457.675	-562.00446	1000.0	7550.034	1963.7047	9610.919	-676.9672	1000.0	0.22199579	640000	-0.064434975
161	-504.10825	35.733414	504.91846	206.6271	809.34265	-365.0037	504.91803	206.62712	809.03467	-327.50775	7492.6865	2006.6018	9461.187	-562.00446	1000.0	7560.9116	1962.4696	9613.755	-676.9672	1000.0	0.22225957	644000	-0.0640238
162	-505.1645	35.82528	505.97687	206.6233	809.34265	-365.0037	505.97647	206.62296	809.03467	-327.50775	7494.8906	2007.8762	9461.187	-562.00446	1000.0	7572.6724	1962.1113	9635.7705	-676.9672	1000.0	0.22249486	648000	-0.06364332
163	-506.2171	35.92529	507.0318	206.62347	809.34265	-365.0037	507.03137	206.62364	809.03467	-327.50775	7505.79	2006.5282	9461.187	-562.00446	1000.0	7584.5986	1962.0483	9825.329	-676.9672	1000.0	0.22271687	652000	-0.063244216
164	-507.25977	36.026386	508.07684	206.62587	809.7715	-365.0037	508.07648	206.62566	809.03467	-327.50775	7516.576	2005.16	9473.358	-562.00446	1000.0	7596.119	1961.5818	9825.329	-676.9672	1000.0	0.22294109	656000	-0.062894695
165	-508.30038	36.12481	509.1197	206.631	812.8429	-365.0037	509.11932	206.63052	812.41626	-327.50775	7526.5757	2003.1906	9473.358	-562.00446	1000.0	7606.205	1959.9075	9825.329	-676.9672	1000.0	0.22314963	660000	-0.06242898
166	-509.3298	36.22719	510.1515	206.63217	816.0748	-365.0037	510.1511	206.63191	818.938	-327.50775	7537.2363	2001.977	9647.57	-562.00446	1000.0	7610.5103	1961.3905	9825.329	-676.9672	1000.0	0.22338782	664000	-0.062085684
167	-510.35367	36.333942	511.1776	206.63274	817.2263	-365.0037	511.17722	206.63284	818.938	-327.50775	7547.885	2000.713	9647.57	-562.00446	1000.0	7619.3545	1959.2148	9825.329	-676.9672	1000.0	0.22361091	668000	-0.06171514
168	-511.37073	36.423187	512.1971	206.63585	818.9691	-365.0037	512.19666	206.63538	818.938	-327.50775	7557.0596	1998.2861	9647.57	-562.00446	1000.0	7629.105	1957.4565	9825.329	-676.9672	1000.0	0.22383082	672000	-0.061326113
169	-512.38043	36.526123	513.2091	206.6349	821.684	-365.0037	513.20874	206.63445	822.9938	-327.50775	7567.049	1996.601	9647.57	-562.00446	1000.0	7637.221	1954.5077	9825.329	-676.9672	1000.0	0.22406402	676000	-0.060979176
170	-513.37695	36.62428	514.2083	206.63408	821.684	-365.0037	514.208	206.6336	822.9938	-335.90576	7577.196	1995.1	9647.57	-562.00446	1000.0	7646.055	1952.186	9825.329	-676.9672	1000.0	0.22431612	680000	-0.060625702
171	-514.36694	36.719284	515.2006	206.6289	825.54047	-365.0037	515.2003	206.62907	825.0433	-364.12363	7587.1577	1993.5408	9647.57	-562.00446	1000.0	7656.055	1950.8802	9825.329	-676.9672	1000.0	0.22453657	684000	-0.06027211
172	-515.3471	36.82877	516.18304	206.62392	825.54047	-365.0037	516.18274	206.62375	825.0433	-364.12363	7587.833	1996.731	9647.57	-562.00446	1000.0	7664.621	1948.4558	9825.329	-676.9672	1000.0	0.22476737	688000	-0.05990215
173	-516.3136	36.955845	517.1519	206.61548	825.54047	-440.75092	517.1516	206.61488	825.0433	-364.33835	7597.4907	1995.011	9647.57	-562.00446	1000.0	7674.8965	1947.5165	9825.329	-676.9672	1000.0	0.22501151	692000	-0.05954386
174	-517.27136	37.05929	518.1121	206.60454	826.8501	-440.75092	518.11194	206.6041	827.7575	-364.33835	7606.775	1993.0776	9647.57	-562.00446	1000.0	7684.2783	1945.8745	9825.329	-676.9672	1000.0	0.22525203	696000	-0.059213817
175	-518.2242	37.165386	519.067	206.59348	826.8501	-440.75092	519.0667	206.59355	827.7575	-364.33835	7615.555	1990.783	9647.57	-562.00446	1000.0	7694.0444	1944.6205	9825.329	-676.9672	1000.0	0.22544144	700000	-0.05888719
176	-519.17444	37.277645	520.0193	206.58606	826.8501	-440.75092	520.01917	206.58531	827.9488	-364.33835	7624.7017	1988.8121	9647.57	-562.00446	1000.0	7704.44	1943.987	9825.329	-676.9672	1000.0	0.22563551	704000	-0.058559652
177	-520.1189	37.36495	520.96576	206.57861	826.8501	-440.75092	520.96564	206.57837	827.9488	-364.33835	7634.544	1987.4988	9647.57	-562.00446	1000.0	7713.8906	1942.5552	9825.329	-676.9672	1000.0	0.22582698	708000	-0.05821766
178	-521.0628	37.46304	521.9119	206.57172	826.8501	-440.75092	521.9118	206.57138	827.9488	-364.33835	7644.2417	1986.1343	9647.57	-562.00446	1000.0	7718.7695	1938.1904	9825.329	-676.9672	1000.0	0.22602917	712000	-0.057856217
179	-522.00006	37.53987	522.8513	206.56303	826.8501	-440.75092	522.8512	206.5628	827.9488	-364.33835	7652.8647	1983.9208	9647.57	-562.00446	1000.0	7726.815	1935.7872	9825.329	-676.9672	1000.0	0.22622427	716000	-0.05757975
180	-522.93384	37.649517	523.78705	206.55675	826.8501	-440.75092	523.787	206.55643	827.9488	-364.33835	7662.6196	1982.7378	9647.57	-562.00446	1000.0	7737.2207	1935.4441	9825.329	-676.9672	1000.0	0.22638753	720000	-0.057263825
181	-523.8625	37.752518	524.7177	206.55072	828.91504	-440.75092	524.7177	206.55023	829.23724	-364.33835	7672.345	1981.5765	9647.57	-562.00446	1000.0	7745.973	1933.6943	9825.329	-676.9672	1000.0	0.2265628	724000	-0.05690436
182	-524.7848	37.857063	525.64215	206.54503	832.80096	-440.75092	525.6421	206.54478	834.05853	-364.33835	7681.9326	1980.3375	9647.57	-562.00446	1000.0	7754.358	1931.6863	9825.329	-676.9672	1000.0	0.22676572	728000	-0.056600627
183	-525.7047	37.95011	526.5641	206.54126	832.80096	-440.75092	526.56396	206.54105	834.05853	-364.33835	7690.9863	1978.7416	9647.57	-562.00446	1000.0	7762.8906	1929.9181	9825.329	-676.9672	1000.0	0.2269409	732000	-0.056258008
184	-526.617	38.047474	527.4786	206.53615	832.80096	-440.75092	527.47845	206.53569	834.05853	-364.33835	7687.547	1995.1052	9647.57	-562.00446	1000.0	7771.6436	1928.3293	9825.329	-676.9672	1000.0	0.2271243	736000	-0.05598083
185	-527.517	38.152485	528.3807	206.53004	832.80096	-440.75092	528.38043	206.52974	834.05853	-364.33835	7693.6846	1991.9395	9647.57	-562.00446	1000.0	7780.7837	1927.1182	9825.329	-676.9672	1000.0	0.22728945	740000	-0.055637997
186	-528.4075	38.275803	529.2736	206.52094	832.80096	-440.75092	529.27325	206.52058	834.05853	-364.33835	7701.348	1989.3341	9647.57	-562.00446	1000.0	7789.385	1925.5299	9825.329	-676.9672	1000.0	0.22747992	744000	-0.05536774
187	-529.2869	38.40103	530.15546	206.50739	832.80096	-440.75092	530.1551	206.50688	834.05853	-364.33835	7710.6484	1988.0701	9647.57	-562.00446	1000.0	7799.6475	1925.5022	9984.785	-676.9672	1000.0	0.22766404	748000	-0.055045247
188	-530.15704	38.525894	531.0277	206.49144	834.23846	-440.75092	531.0273	206.49133	834.05853	-364.33835	7719.3535	1986.377	9647.57	-562.00446	1000.0	7807.863	1923.6923	9984.785	-676.9672	1000.0	0.22782908	752000	-0.05477392
189	-531.0227	38.6302	531.8955	206.47623	834.23846	-440.75092	531.895	206.47572	834.1768	-364.33835	7728.5293	1985.2699	10031.017	-562.00446	1000.0	7814.618	1920.8562	9984.785	-676.9672	1000.0	0.2280063	756000	-0.054450586
190	-531.886	38.721558	532.7608	206.45836	834.23846	-440.75092	532.7604	206.45825	834.1768	-364.33835	7737.9844	1984.407	10031.017	-562.00446	1000.0	7822.559	1919.2175	9984.785	-676.9672	1000.0	0.22820188	760000	-0.054185294
191	-532.74176	38.816147	533.6187	206.44206	834.23846	-440.75092	533.6183	206.44174	834.1768	-364.33835	7742.8794	1982.2029	10031.017	-562.00446	1000.0	7824.089	1920.9137	9984.785	-676.9672	1000.0	0.22837326	764000	-0.053894777
192	-533.59314	38.916424	534.472	206.42747	835.0123	-440.75092	534.47156	206.42712	834.1768	-364.33835	7751.4805	1980.7418	10031.017	-562.00446	1000.0	7832.5303	1919.5402	9984.785	-676.9672	1000.0	0.22850983	768000	-0.05363266
193	-534.4427	39.03519	535.32367	206.41492	837.37683	-440.75092	535.3233	206.41435	836.89545	-364.33835	7760.4404	1979.5249	10031.017	-562.00446	1000.0	7840.879	1918.1245	9984.785	-676.9672	1000.0	0.22866471	772000	-0.053337727
194	-535.2832	39.136925	536.16626	206.40126	837.37683	-440.75092	536.16595	206.40079	836.89545	-364.33835	7768.03	1977.2483	10031.017	-562.00446	1000.0	7846.5923	1914.8387	9984.785	-676.9672	1000.0	0.22884914	776000	-0.053009316
195	-536.11304	39.275646	536.99854	206.38246	837.37683	-440.75092	536.99817	206.3817	836.89545	-364.33835	7776.2256	1975.5239	10031.017	-562.00446	1000.0	7853.8237	1912.6042	9984.785	-676.9672	1000.0	0.22906399	780000	-0.052748445
196	-536.938	39.37784	537.8256	206.36046	837.37683	-440.75092	537.8253	206.36023	837.2839	-364.33835	7785.277	1974.5566	10031.017	-562.00446	1000.0	7861.8496	1911.0352	9984.785	-676.9672	1000.0	0.22921903	784000	-0.052502695
197	-537.75946	39.484016	538.6487	206.34245	837.37683	-440.75092	538.6484	206.34174	837.2839	-364.33835	7792.8833	1972.4207	10031.017	-562.00446	1000.0	7870.256	1909.8278	9984.785	-676.9672	1000.0	0.22936039	788000	-0.05224946
198	-538.57745	39.584034	539.4689	206.32114	837.37683	-440.75092	539.4685	206.32097	837.2839	-364.33835	7801.5317	1971.2085	10031.017	-562.00446	1000.0	7878.2183	1908.3141	9984.785	-676.9672	1000.0	0.2295135	792000	-0.051957577
199	-539.3896	39.68294	540.283	206.30144	837.37683	-440.75092	540.2827	206.30095	837.2839	-364.33835	7809.7188	1969.6318	10031.017	-562.00446	1000.0	7886.297	1906.9738	9984.785	-676.9672	1000.0	0.22965895	796000	-0.05170124
200	-540.19934	39.78176	541.0951	206.27809	840.744	-440.75092	541.0948	206.27773	842.7265	-364.33835	7817.67	1967.9292	10031.017	-562.00446	1000.0	7893.7803	1905.1589	9984.785	-676.9672	1000.0	0.22982976	800000	-0.05144373
201	-541.00684	39.889828	541.90436	206.25743	840.744	-440.75092	541.90405	206.25671	842.7265	-364.33835	7826.4062	1966.9385	10031.017	-562.00446	1000.0	7901.875	1903.8748	9984.785	-676.9672	1000.0	0.22995476	804000	-0.051161796
202	-541.80334	40.03003	542.7029	206.23154	840.744	-440.75092	542.70264	206.2306	842.7265	-364.33835	7834.5073	1965.4413	10031.017	-562.00446	1000.0	7908.281	1901.5488	9984.785	-676.9672	1000.0	0.23013915	808000	-0.050929483
203	-542.5905	40.157436	543.49207	206.2054	840.744	-440.75092	543.4919	206.20488	842.7265	-364.33835	7833.3677	1973.606	10031.017	-562.00446	1000.0	7916.783	1900.7251	9984.785	-676.9672	1000.0	0.2302919	812000	-0.05064666
204	-543.36694	40.29138	544.2706	206.17677	840.744	-440.75092	544.27045	206.17618	842.7265	-364.33835	7841.409	1972.1453	10031.017	-562.00446	1000.0	7924.906	1899.6191	9984.785	-676.9672	1000.0	0.23047131	816000	-0.050407615
205	-544.13635	40.417553	545.0422	206.1475	840.744	-440.75092	545.042	206.1468	842.7265	-364.33835	7849.6465	1970.8542	10031.017	-562.00446	1000.0	7930.6704	1896.7817	9984.785	-676.9672	1000.0	0.23063824	820000	-0.050149564
206	-544.9005	40.535706	545.8084	206.1163	840.744	-440.75092	545.80817	206.11577	842.7265	-364.33835	7857.3447	1969.2174	10031.017	-562.00446	1000.0	7934.4883	1898.831	9984.785	-676.9672	1000.0	0.23080736	824000	-0.04992511
207	-545.6614	40.663563	546.5712	206.08395	840.744	-440.75092	546.571	206.08383	842.7265	-364.33835	7864.3135	1967.0798	10031.017	-562.00446	1000.0	7941.4146	1896.9034	9984.785	-676.9672	1000.0	0.23095612	828000	-0.049686376
208	-546.4194	40.762398	547.331	206.05457	840.744	-440.75092	547.33075	206.05382	842.7265	-364.33835	7871.2007	1964.879	10031.017	-562.00446	1000.0	7946.2295	1893.6494	9984.785	-676.9672	1000.0	0.2311144	832000	-0.049414083
209	-547.1727	40.90057	548.0867	206.02498	840.744	-440.75092	548.08636	206.0246	842.7265	-364.33835	7878.4126	1962.9731	10031.017	-562.00446	1000.0	7954.106	1892.549	9984.785	-676.9672	1000.0	0.23130263	836000	-0.049189292
210	-547.91693	41.034836	548.83307	205.98953	840.744	-440.75092	548.83276	205.98926	842.7265	-364.33835	7885.592	1961.0839	10031.017	-562.00446	1000.0	7962.603	1892.0466	9984.785	-676.9672	1000.0	0.2314639	840000	-0.048920125
211	-548.6538	41.15244	549.57196	205.95221	840.744	-440.75092	549.5717	205.95128	842.7265	-364.33835	7886.462	1963.9547	10031.017	-562.00446	1000.0	7971.5557	1892.0283	10049.452	-676.9672	1000.0	0.23161526	844000	-0.048760295
212	-549.3853	41.264885	550.3054	205.91966	840.744	-440.75092	550.3052	205.91914	842.7265	-372.14145	7894.428	1962.7615	10031.017	-562.00446	1000.0	7977.572	1889.6091	10049.452	-676.9672	1000.0	0.23176165	848000	-0.048477456
213	-550.1099	41.38013	551.0322	205.88246	840.744	-440.75092	551.032	205.88196	842.7265	-498.0485	7901.81	1961.1373	10031.017	-562.00446	1000.0	7985.114	1888.4476	10049.452	-676.9672	1000.0	0.23192492	852000	-0.04825793
214	-550.83093	41.516552	551.7552	205.84526	842.0368	-441.0975	551.7549	205.84451	842.7265	-498.0485	7908.9814	1959.4479	10031.017	-562.00446	1000.0	7991.812	1886.606	10049.452	-676.9672	1000.0	0.2320844	856000	-0.048015174
215	-551.5456	41.66911	552.472	205.80707	845.8884	-441.0975	552.47174	205.80684	845.8555	-498.0485	7916.824	1958.2816	10031.017	-562.00446	1000.0	7998.848	1885.0671	10049.452	-676.9672	1000.0	0.23224159	860000	-0.047779586
216	-552.254	41.80243	553.1826	205.76817	845.8884	-441.0975	553.18225	205.76697	847.11584	-498.0485	7924.4556	1956.9698	10031.017	-562.00446	1000.0	8005.9863	1883.6364	10049.452	-676.9672	1000.0	0.23241176	864000	-0.047585286
217	-552.9577	41.912315	553.8881	205.7277	845.8884	-441.0975	553.88763	205.72675	847.11584	-498.0485	7932.2275	1955.8137	10031.017	-562.00446	1000.0	8013.672	1882.7261	10049.452	-676.9672	1000.0	0.23255125	868000	-0.047365896
218	-553.659	42.047703	554.5914	205.68721	845.8884	-473.66165	554.5909	205.68628	847.11584	-518.11847	7939.172	1954.1361	10031.017	-562.00446	1000.0	8020.899	1881.4375	10049.452	-676.9672	1000.0	0.2326798	872000	-0.047148097
219	-554.3557	42.17528	555.2902	205.64441	845.8884	-473.66165	555.28973	205.64413	847.11584	-518.11847	7945.9966	1952.2948	10031.017	-562.00446	1000.0	8024.919	1878.162	10049.452	-676.9672	1000.0	0.23284191	876000	-0.046914954
220	-555.0459	42.296207	555.9824	205.6028	845.8884	-473.66165	555.98193	205.60222	847.11584	-518.11847	7952.8604	1950.5349	10031.017	-562.00446	1000.0	8032.773	1877.524	10049.452	-676.9672	1000.0	0.23298492	880000	-0.04670477
221	-555.7367	42.410072	556.675	205.56013	845.8884	-555.0603	556.67456	205.55894	847.11584	-568.19086	7960.042	1949.0571	10031.017	-562.00446	1000.0	8033.582	1880.219	10049.452	-676.9672	1000.0	0.23312493	884000	-0.04650929
222	-556.4244	42.516373	557.36456	205.51753	845.8884	-555.0603	557.36414	205.51701	847.11584	-568.19086	7967.312	1947.7223	10031.017	-562.00446	1000.0	8040.933	1879.1757	10049.452	-676.9672	1000.0	0.23326756	888000	-0.046272274
223	-557.1076	42.60292	558.0496	205.474	845.8884	-555.0603	558.04926	205.47287	847.11584	-568.19086	7973.769	1945.8014	10031.017	-562.00446	1000.0	8047.825	1877.79	10049.452	-676.9672	1000.0	0.23339747	892000	-0.046094228
224	-557.7893	42.707993	558.73315	205.43259	852.2217	-555.0603	558.7327	205.43176	850.71265	-568.19086	7980.634	1944.164	10031.017	-562.00446	1000.0	8052.9614	1875.1918	10049.452	-676.9672	1000.0	0.23353119	896000	-0.045848217
225	-558.4681	42.815723	559.4137	205.39134	852.2217	-555.0603	559.4133	205.39061	850.71265	-568.19086	7987.411	1942.527	10031.017	-562.00446	1000.0	8057.255	1875.6886	10049.452	-676.9672	1000.0	0.23368128	900000	-0.04564589
226	-559.146	42.907585	560.0933	205.3515	852.2217	-555.0603	560.09296	205.3507	851.6987	-568.19086	7994.518	1941.1589	10031.017	-562.00446	1000.0	8065.146	1875.3048	10072.391	-676.9672	1000.0	0.23381315	904000	-0.04544647
227	-559.82324	43.003883	560.7722	205.31349	852.2217	-555.0603	560.77185	205.31274	851.6987	-568.19086	8001.5664	1939.7936	10031.017	-562.00446	1000.0	8071.169	1873.37	10072.391	-676.9672	1000.0	0.23391223	908000	-0.045238145
228	-560.4997	43.08041	561.4505	205.27928	853.74976	-555.0603	561.45013	205.27844	854.2849	-568.19086	8007.8843	1937.897	10031.017	-562.00446	1000.0	8078.3623	1872.4164	10072.391	-676.9672	1000.0	0.23401962	912000	-0.04505353
229	-561.1784	43.170948	562.1308	205.24748	853.74976	-555.0603	562.13043	205.2468	854.2849	-568.19086	8014.579	1936.3069	10031.017	-562.00446	1000.0	8085.247	1871.2356	10072.391	-676.9672	1000.0	0.2341189	916000	-0.04488476
230	-561.8581	43.26424	562.812	205.21558	854.0386	-555.0603	562.8117	205.21451	854.2849	-568.19086	8021.371	1934.8313	10031.017	-562.00446	1000.0	8089.3	1875.1211	10076.675	-676.9672	1000.0	0.23423927	920000	-0.04465903
231	-562.5302	43.349373	563.4858	205.18726	855.0608	-555.0603	563.4854	205.18637	854.62494	-568.19086	8018.493	1948.6669	10031.017	-562.00446	1000.0	8096.9316	1874.6904	10136.614	-676.9672	1000.0	0.23435514	924000	-0.04446969
232	-563.1955	43.43482	564.153	205.15607	855.74756	-555.0603	564.1527	205.15517	856.26337	-568.19086	8025.5103	1947.406	10031.017	-562.00446	1000.0	8103.431	1873.2893	10136.614	-676.9672	1000.0	0.23448831	928000	-0.044300713
233	-563.85834	43.523537	564.8176	205.12248	855.74756	-555.0603	564.8173	205.12177	856.26337	-568.19086	8032.238	1945.9778	10031.017	-562.00446	1000.0	8110.735	1872.5992	10136.614	-676.9672	1000.0	0.23461244	932000	-0.044088054
234	-564.5166	43.6235	565.4775	205.08955	856.2374	-555.0603	565.4772	205.08862	856.26337	-568.19086	8038.7207	1944.3611	10031.017	-562.00446	1000.0	8117.752	1871.7076	10136.614	-676.9672	1000.0	0.2347405	936000	-0.04387438
235	-565.1714	43.716183	566.1338	205.05557	856.2374	-555.0603	566.13354	205.05475	857.924	-568.19086	8045.8867	1943.3551	10031.017	-562.00446	1000.0	8123.827	1870.0674	10136.614	-676.9672	1000.0	0.2348437	940000	-0.04371987
236	-565.82336	43.81918	566.78735	205.02301	859.1096	-555.0603	566.7872	205.02261	858.458	-568.19086	8051.8496	1941.4398	10031.017	-562.00446	1000.0	8130.288	1868.7513	10136.614	-676.9672	1000.0	0.23495081	944000	-0.04348185
237	-566.4699	43.91789	567.43585	204.98746	859.1096	-555.0603	567.43555	204.9865	858.458	-568.19086	8058.867	1940.4215	10068.24	-562.00446	1000.0	8133.8213	1865.6606	10136.614	-676.9672	1000.0	0.23509276	948000	-0.04332865
238	-567.1095	43.99218	568.07715	204.94995	859.1096	-555.0603	568.07684	204.94884	858.458	-568.19086	8064.571	1938.3898	10068.24	-562.00446	1000.0	8140.216	1864.379	10136.614	-676.9672	1000.0	0.23521224	952000	-0.04312037
239	-567.7445	44.110497	568.7142	204.90822	859.1096	-555.0603	568.71387	204.90686	858.458	-568.19086	8071.334	1937.1466	10068.24	-562.00446	1000.0	8146.6646	1863.148	10136.614	-676.9672	1000.0	0.23535085	956000	-0.042940624
240	-568.37537	44.189983	569.3466	204.86784	861.02075	-555.0603	569.3463	204.8671	858.458	-568.19086	8073.983	1937.9163	10068.24	-562.00446	1000.0	8152.257	1861.3457	10136.614	-676.9672	1000.0	0.23545286	960000	-0.042797454
241	-569.0077	44.288567	569.98035	204.8324	861.02075	-555.0603	569.98004	204.83154	862.277	-568.19086	8080.659	1936.6882	10068.24	-562.00446	1000.0	8158.9536	1860.4257	10136.614	-676.9672	1000.0	0.23554656	964000	-0.042600278
242	-569.63824	44.36005	570.6125	204.7991	863.13403	-555.0603	570.61206	204.7984	862.96606	-568.19086	8087.356	1935.482	10068.24	-562.00446	1000.0	8166.185	1860.022	10244.596	-676.9672	1000.0	0.23565312	968000	-0.04242837
243	-570.26984	44.433502	571.24554	204.76953	863.13403	-555.0603	571.245	204.76868	862.96606	-568.19086	8094.387	1934.5945	10068.24	-562.00446	1000.0	8170.736	1857.5704	10244.596	-676.9672	1000.0	0.23576011	972000	-0.042244513
244	-570.90076	44.52823	571.878	204.73961	866.6291	-555.0603	571.87744	204.73882	865.1168	-568.19086	8101.098	1933.4965	10068.24	-562.00446	1000.0	8176.9854	1856.3668	10244.596	-676.9672	1000.0	0.23585819	976000	-0.042076506
245	-571.5266	44.624798	572.5057	204.71075	866.6291	-555.0603	572.505	204.70941	866.0139	-568.19086	8107.53	1932.1641	10068.24	-562.00446	1000.0	8181.5493	1855.2441	10244.596	-676.9672	1000.0	0.2359809	980000	-0.041889556
246	-572.14935	44.704502	573.1299	204.67943	866.6291	-555.0603	573.1292	204.67847	866.44574	-568.19086	8113.8525	1930.8329	10068.24	-562.00446	1000.0	8187.421	1853.7832	10244.596	-676.9672	1000.0	0.23610355	984000	-0.041719664
247	-572.7679	44.796272	573.7501	204.64561	866.6291	-555.0603	573.7495	204.64494	866.44574	-568.19086	8119.359	1928.911	10068.24	-562.00446	1000.0	8193.999	1852.9131	10244.596	-676.9672	1000.0	0.23621304	988000	-0.04155059
248	-573.3816	44.88268	574.3654	204.61235	866.6291	-555.0603	574.36487	204.61143	866.44574	-568.19086	8125.5146	1927.481	10068.24	-562.00446	1000.0	8198.3125	1852.1345	10244.596	-676.9672	1000.0	0.23632711	992000	-0.04139028
249	-573.9939	44.962776	574.97943	204.5783	866.6291	-555.0603	574.9788	204.57706	866.44574	-568.19086	8126.3926	1928.2195	10068.24	-562.00446	1000.0	8204.938	1851.4003	10244.596	-676.9672	1000.0	0.23642033	996000	-0.04119924
250	-574.60315	45.06698	575.5904	204.54692	866.6291	-555.0603	575.5898	204.54584	866.44574	-568.19086	8132.4497	1926.8914	10102.0625	-562.00446	1000.0	8209.834	1849.3275	10244.596	-676.9672	1000.0	0.23650706	1000000	-0.04102298
