epoch	pi-loss	v-loss	average-v-values	std-v-values	max-v-values	min-v-values	kl	average-episode-return	std-episode-return	max-episode-return	min-episode-return	episode-length	total-env-interacts
1	-0.057028502	397.72815	-4.5481133	0.83145833	0.12585983	-5.611146	0.0038070849	-215.4182	61.463478	-117.4995	-268.9567	1000.0	4000
2	-0.057506405	401.12177	-6.98951	2.5205832	0.12585983	-9.553953	0.004198038	-243.66463	78.75722	-117.4995	-392.56534	1000.0	8000
3	-0.058084887	353.30698	-8.525145	2.9936583	0.12585983	-11.6510515	0.0043202457	-229.193	70.51558	-117.4995	-392.56534	1000.0	12000
4	-0.058933727	316.95563	-9.57339	3.2021804	10.02492	-12.909265	0.0044778306	-219.67476	65.94521	-117.4995	-392.56534	1000.0	16000
5	-0.058900703	291.85858	-10.588905	3.525604	10.02492	-14.748189	0.0043767663	-219.74995	62.2159	-117.4995	-392.56534	1000.0	20000
6	-0.059928704	261.26413	-11.24814	3.658295	10.02492	-15.41213	0.0043471283	-210.61171	60.83358	-117.4995	-392.56534	1000.0	24000
7	-0.0602616	240.46614	-11.228627	3.6441033	10.02492	-15.41213	0.0043262625	-198.894	64.9054	-96.20092	-392.56534	1000.0	28000
8	-0.060035232	229.02077	-10.873734	3.7795424	10.330063	-15.41213	0.0042094	-185.38536	72.17469	-22.321392	-392.56534	1000.0	32000
9	-0.061342377	216.45541	-10.885536	3.8184621	10.330063	-15.713085	0.0042529223	-178.95093	75.81275	-22.321392	-392.56534	1000.0	36000
10	-0.061963726	202.99799	-10.358636	4.077958	10.330063	-15.713085	0.0042536557	-166.84772	82.029854	12.829581	-392.56534	1000.0	40000
11	-0.062291447	201.41475	-10.582759	4.078783	10.330063	-16.18872	0.00428524	-164.25592	81.16372	12.829581	-392.56534	1000.0	44000
12	-0.062853694	195.89684	-10.319177	4.1722336	13.991879	-16.18872	0.0043427018	-156.88686	82.35439	12.829581	-392.56534	1000.0	48000
13	-0.06334377	186.64728	-9.559567	4.850482	13.991879	-16.18872	0.0043646838	-145.18971	89.24378	44.277954	-392.56534	1000.0	52000
14	-0.06339627	181.99612	-9.222778	4.9018216	13.991879	-16.18872	0.004372071	-137.90988	90.40032	44.277954	-392.56534	1000.0	56000
15	-0.063676834	179.23317	-8.808767	5.263686	13.991879	-16.278076	0.0043867556	-131.02112	92.20547	57.334007	-392.56534	1000.0	60000
16	-0.06353149	176.06895	-8.753741	5.3591323	13.991879	-17.437592	0.0043572197	-129.05072	92.372185	57.334007	-392.56534	1000.0	64000
17	-0.063531786	170.26631	-8.403931	5.514502	13.991879	-17.437592	0.004385224	-123.396385	93.9829	57.334007	-392.56534	1000.0	68000
18	-0.06393389	165.56006	-7.884903	5.949128	13.991879	-17.67757	0.00438872	-116.60205	97.07207	57.334007	-392.56534	1000.0	72000
19	-0.06387177	160.9935	-7.308982	6.3302875	13.991879	-17.67757	0.004379549	-108.67668	100.87861	113.33843	-392.56534	1000.0	76000
20	-0.06388827	156.57509	-6.632343	6.871252	13.991879	-17.67757	0.0043790983	-100.01227	105.88144	128.8628	-392.56534	1000.0	80000
21	-0.06438731	152.72993	-5.914933	7.4670954	15.607452	-17.67757	0.004415418	-90.818665	111.30289	128.8628	-392.56534	1000.0	84000
22	-0.064881176	149.27998	-5.2642765	7.9027066	16.705572	-17.67757	0.0044249785	-82.09073	116.41997	145.60696	-392.56534	1000.0	88000
23	-0.065255836	146.17102	-4.712278	8.254581	16.705572	-17.67757	0.004433026	-75.041	119.28273	145.60696	-392.56534	1000.0	92000
24	-0.065466285	145.62733	-4.354659	8.310515	16.705572	-17.67757	0.0044454043	-70.06841	119.80084	145.60696	-392.56534	1000.0	96000
25	-0.065700956	143.56036	-3.6251407	8.914472	17.963734	-17.67757	0.0044773906	-61.520706	124.89113	201.0822	-392.56534	1000.0	100000
26	-0.06623059	142.49692	-2.8701077	9.534669	18.693396	-17.67757	0.004499611	-52.164143	131.57072	267.11954	-392.56534	1000.0	104000
27	-0.066516586	142.76817	-2.2000225	9.988323	18.971624	-17.827091	0.004526255	-44.033787	136.25514	267.11954	-392.56534	1000.0	108000
28	-0.06702061	141.19304	-1.5396091	10.405924	19.391396	-17.827091	0.004552044	-35.610508	140.95789	267.11954	-392.56534	1000.0	112000
29	-0.06741284	140.97072	-0.93561304	10.736457	19.601997	-17.827091	0.0045579285	-27.863575	144.77159	267.11954	-392.56534	1000.0	116000
30	-0.06758083	141.83792	-0.15360683	11.373633	23.37458	-17.827091	0.0045824638	-17.774235	152.8597	337.644	-392.56534	1000.0	120000
31	-0.0679615	140.86009	0.6226197	11.973769	24.692442	-17.827091	0.004602881	-8.498433	158.86763	337.644	-392.56534	1000.0	124000
32	-0.06834522	139.63943	1.3767805	12.520764	25.859001	-17.827091	0.00463842	0.43750143	164.37306	337.644	-392.56534	1000.0	128000
33	-0.06881368	139.98805	2.0498524	12.92493	26.2127	-17.827091	0.004677448	8.74829	168.7494	337.644	-392.56534	1000.0	132000
34	-0.06922829	139.20007	2.812938	13.470977	28.673935	-17.827091	0.0047061285	17.959684	174.5922	377.47766	-392.56534	1000.0	136000
35	-0.06942151	139.3287	3.5384536	13.944205	29.68425	-17.827091	0.0047353157	26.61515	179.34651	377.47766	-392.56534	1000.0	140000
36	-0.06969391	141.1716	4.4532337	14.776262	36.59131	-17.827091	0.004770291	38.319916	190.31795	515.1867	-392.56534	1000.0	144000
37	-0.06997729	143.02116	5.3141546	15.469352	37.149513	-17.827091	0.004798111	48.0126	196.57567	515.1867	-392.56534	1000.0	148000
38	-0.070286654	144.35217	6.0834656	16.087906	38.338127	-33.91693	0.004811236	56.90805	201.67834	515.1867	-392.56534	1000.0	152000
39	-0.0706804	146.53777	6.7968373	16.496588	38.338127	-33.91693	0.0048322924	65.265396	205.7461	515.1867	-392.56534	1000.0	156000
40	-0.0711499	146.73027	7.643971	17.128534	41.182484	-33.91693	0.004868855	75.42793	212.90831	515.1867	-392.56534	1000.0	160000
41	-0.071245134	150.71866	8.464604	17.705082	43.019188	-33.91693	0.004890454	84.966934	219.10992	574.0874	-392.56534	1000.0	164000
42	-0.07174557	151.53009	9.254933	18.215557	43.472332	-33.91693	0.0049229153	94.03664	224.15991	574.0874	-392.56534	1000.0	168000
43	-0.07192192	154.1405	9.83958	18.790598	46.657665	-36.480846	0.0049439427	101.7041	229.08195	578.2799	-392.56534	1000.0	172000
44	-0.07206303	154.94286	10.691456	19.401754	48.357807	-36.480846	0.004970166	111.47161	235.46982	598.9224	-392.56534	1000.0	176000
45	-0.07220891	156.64789	11.526745	19.973017	49.332947	-36.480846	0.005001173	120.99435	241.43848	614.0314	-392.56534	1000.0	180000
46	-0.072303064	159.05963	12.363214	20.539314	50.854343	-36.480846	0.0050278087	130.74355	247.73564	646.5266	-392.56534	1000.0	184000
47	-0.07232322	162.06602	13.004636	20.796114	50.854343	-36.480846	0.005051923	137.97397	250.1904	646.5266	-392.56534	1000.0	188000
48	-0.07260951	163.5178	13.7386875	21.194239	50.854343	-36.480846	0.0050759204	146.13048	254.01666	652.69336	-392.56534	1000.0	192000
49	-0.07270403	166.65802	14.539044	21.699755	54.017273	-36.480846	0.005101386	155.32996	259.42664	663.13556	-392.56534	1000.0	196000
50	-0.07284377	169.33644	15.338412	22.202099	55.763454	-36.480846	0.005134766	164.51715	264.78488	663.13556	-392.56534	1000.0	200000
