epoch	pi-loss	q-loss	average-q1-values	std-q1-values	max-q1-values	min-q1-values	average-q2-values	std-q2-values	max-q2-values	min-q2-values	average-episode-return	std-episode-return	max-episode-return	min-episode-return	episode-length	average-test-episode-return	std-test-episode-return	max-test-episode-return	min-test-episode-return	test-episode-length	entropy-coeff	total-env-interacts	entropy-coeff-loss
1	-12.664268	1.389036	11.306345	3.42425	26.345823	-0.51167995	11.306406	3.4254973	26.135427	-0.4901677	-265.79797	73.801834	-190.18887	-367.33734	1000.0	-327.2087	14.643681	-306.45996	-348.34177	1000.0	0.3163235	4000	-11.921595
2	-16.559942	1.8646767	15.462602	5.8552814	47.980007	-0.51167995	15.462567	5.857745	48.384308	-0.4901677	-271.71124	61.04737	-190.18887	-367.33734	1000.0	-270.28775	59.51711	-177.90863	-348.34177	1000.0	0.15552339	8000	-7.5164056
3	-17.877575	1.9510704	17.012077	8.595708	62.50185	-0.51167995	17.012123	8.597997	63.545856	-0.4901677	-234.3753	78.39162	-83.22996	-367.33734	1000.0	-194.97047	119.08061	19.598585	-348.34177	1000.0	0.103397764	12000	-5.1412215
4	-18.776194	2.082992	18.073202	11.403374	63.448296	-2.53778	18.073435	11.404944	64.575035	-1.647833	-31.486206	373.20624	828.84247	-367.33734	1000.0	74.98501	480.1659	964.45	-348.34177	1000.0	0.07788002	16000	-3.7063305
5	-20.643454	2.3308895	20.026522	14.546235	80.68468	-4.2468433	20.026846	14.547275	80.2509	-3.6419454	229.88046	630.8042	1618.8618	-367.33734	1000.0	386.7439	785.67633	1972.0414	-348.34177	1000.0	0.06408666	20000	-2.8654835
6	-24.008644	2.7790546	23.425457	19.129616	105.49883	-5.0295773	23.425707	19.130312	106.03752	-4.9774003	538.01764	901.4576	2378.4854	-367.33734	1000.0	703.8787	1021.6185	2643.3455	-348.34177	1000.0	0.056462847	24000	-2.3212535
7	-29.04413	3.450207	28.474174	25.5587	136.83423	-5.0295773	28.474348	25.55913	137.39026	-4.9774003	841.8524	1119.9087	2922.6897	-367.33734	1000.0	1024.7415	1231.0447	3176.4358	-348.34177	1000.0	0.052509304	28000	-1.9535903
8	-35.60508	4.3105316	35.040543	33.46989	180.29778	-5.0295773	35.040657	33.4703	179.2028	-4.9774003	1135.6394	1306.5348	3457.7488	-367.33734	1000.0	1293.6746	1355.6978	3465.8662	-348.34177	1000.0	0.051059853	32000	-1.6887559
9	-43.38234	5.466727	42.823277	42.30003	217.65524	-5.0295773	42.82335	42.30046	215.0106	-4.9774003	1343.7252	1394.382	3609.9849	-367.33734	1000.0	1528.6012	1459.4402	3811.5854	-348.34177	1000.0	0.05111847	36000	-1.4878675
10	-51.799545	6.7399745	51.24468	51.344814	243.38298	-5.0295773	51.24487	51.34533	245.11336	-4.9774003	1597.5032	1527.006	4059.3079	-367.33734	1000.0	1779.3665	1575.9624	4164.667	-348.34177	1000.0	0.051707063	40000	-1.3289086
11	-60.83912	7.9457927	60.29234	60.5272	267.2625	-6.8892984	60.292637	60.527725	265.69998	-7.8068466	1813.9386	1609.9071	4273.1084	-367.33734	1000.0	1975.9519	1626.6244	4263.584	-348.34177	1000.0	0.05295519	44000	-1.2026355
12	-70.233765	9.008985	69.70155	69.4463	284.67294	-10.889669	69.701866	69.44697	286.42047	-10.520556	2025.8047	1694.1729	4505.5454	-367.33734	1000.0	2195.8445	1720.8959	4899.362	-348.34177	1000.0	0.054605134	48000	-1.0968579
13	-79.77302	9.938202	79.25632	77.897095	307.67923	-13.145482	79.25661	77.89791	308.3928	-17.9575	2212.582	1751.6602	4512.9854	-367.33734	1000.0	2379.257	1771.5098	4899.362	-348.34177	1000.0	0.05664319	52000	-1.0089716
14	-89.343315	10.77217	88.84429	85.824974	327.13184	-21.546003	88.84445	85.82582	328.5868	-21.27208	2394.4614	1810.8837	4813.8486	-367.33734	1000.0	2557.0994	1823.6831	5057.9224	-348.34177	1000.0	0.058704298	56000	-0.93337834
15	-98.84826	11.528135	98.36675	93.235344	347.39996	-21.546003	98.36691	93.236275	349.77115	-21.27208	2562.2002	1858.9159	5040.815	-367.33734	1000.0	2704.4592	1846.1986	5057.9224	-348.34177	1000.0	0.060762748	60000	-0.8696369
16	-108.23805	12.255319	107.774254	100.131	364.87015	-21.546003	107.77438	100.13205	367.86993	-21.27208	2710.3484	1889.7427	5244.1143	-367.33734	1000.0	2856.8599	1882.6016	5273.5654	-348.34177	1000.0	0.06295719	64000	-0.8131128
17	-117.48101	12.974089	117.03509	106.544914	381.8241	-31.217264	117.03518	106.54604	385.84802	-28.938461	2859.0764	1927.7004	5404.16	-367.33734	1000.0	3000.5017	1914.7427	5477.6577	-348.34177	1000.0	0.06525707	68000	-0.76377106
18	-126.54342	13.66617	126.114815	112.559006	405.45184	-31.217264	126.114914	112.56013	406.85242	-28.938461	2996.0752	1956.977	5466.5015	-367.33734	1000.0	3134.5962	1941.2721	5538.208	-348.34177	1000.0	0.0675148	72000	-0.7190118
19	-135.4497	14.3524885	135.03781	118.19833	415.73373	-31.217264	135.03781	118.19953	419.23413	-28.938461	3127.0881	1984.2764	5582.451	-367.33734	1000.0	3260.217	1963.3871	5691.174	-348.34177	1000.0	0.07003479	76000	-0.6797311
20	-144.1547	14.991629	143.75955	123.470116	428.56442	-31.217264	143.75949	123.471344	428.1615	-28.938461	3256.4944	2014.8201	5918.6895	-367.33734	1000.0	3380.3394	1984.1064	5749.801	-348.34177	1000.0	0.07230568	80000	-0.6456465
21	-152.67693	15.594519	152.29822	128.41516	439.57434	-31.217264	152.29825	128.41641	441.7193	-28.938461	3386.123	2050.143	6169.628	-367.33734	1000.0	3500.1267	2009.1869	6121.931	-348.34177	1000.0	0.07471633	84000	-0.6139523
22	-160.99886	16.12348	160.63655	133.05617	456.2383	-31.217264	160.63657	133.05745	458.0555	-28.938461	3507.0376	2078.3274	6169.628	-367.33734	1000.0	3633.5132	2056.0317	6578.2607	-348.34177	1000.0	0.07704774	88000	-0.585693
23	-169.1192	16.640818	168.77287	137.42155	467.4948	-31.217264	168.77283	137.42287	465.52814	-28.938461	3627.5662	2110.065	6498.537	-367.33734	1000.0	3709.4463	2068.9478	6578.2607	-348.34177	1000.0	0.079358324	92000	-0.55850947
24	-177.00227	17.143044	176.67072	141.54333	480.88773	-37.671772	176.67067	141.5446	480.32764	-28.938461	3709.9172	2122.7517	6525.984	-367.33734	1000.0	3822.847	2097.303	6647.324	-348.34177	1000.0	0.081589974	96000	-0.5352633
25	-184.67165	17.726566	184.35591	145.4568	490.3216	-46.073296	184.35587	145.45807	490.5093	-43.95737	3813.527	2142.2874	6619.955	-367.33734	1000.0	3922.3496	2112.0	6647.324	-348.34177	1000.0	0.08384559	100000	-0.5132381
26	-192.13316	18.355312	191.83405	149.12671	502.2687	-46.073296	191.834	149.12788	502.06668	-43.95737	3918.1099	2164.9133	6650.8374	-367.33734	1000.0	4030.044	2139.9575	6884.893	-348.34177	1000.0	0.08608336	104000	-0.492853
27	-199.41934	18.911568	199.13599	152.59242	528.9794	-46.073296	199.13588	152.59375	529.79486	-43.95737	4022.459	2190.0986	6828.339	-367.33734	1000.0	4133.41	2165.2578	7044.412	-348.34177	1000.0	0.08825551	108000	-0.47431052
28	-206.52632	19.444107	206.25809	155.86769	532.9387	-46.073296	206.25804	155.869	538.8712	-49.942436	4114.995	2203.7876	6828.339	-367.33734	1000.0	4229.166	2183.7507	7044.412	-348.34177	1000.0	0.090429395	112000	-0.45678133
29	-213.4611	19.981539	213.20801	158.96973	546.5283	-46.073296	213.20805	158.97093	541.7901	-49.942436	4209.6675	2222.7432	6960.3677	-367.33734	1000.0	4290.819	2188.4316	7044.412	-348.34177	1000.0	0.09257447	116000	-0.44044796
30	-220.23746	20.468832	219.99876	161.91386	549.3476	-46.073296	219.9988	161.91516	551.83026	-49.942436	4302.967	2242.5073	7204.001	-367.33734	1000.0	4373.27	2197.0708	7044.412	-348.34177	1000.0	0.09473033	120000	-0.42598933
31	-226.87038	20.94194	226.6446	164.72752	561.2774	-62.72678	226.64459	164.72882	562.5271	-53.624626	4391.9834	2259.3713	7223.3647	-367.33734	1000.0	4464.422	2218.4617	7509.81	-348.34177	1000.0	0.096710786	124000	-0.41209343
32	-233.37709	21.399813	233.16472	167.44601	571.16705	-62.72678	233.16478	167.4472	573.1677	-53.624626	4480.676	2278.012	7363.1743	-367.33734	1000.0	4558.4243	2245.4	7609.9824	-348.34177	1000.0	0.09860663	128000	-0.39916354
33	-239.76807	21.888042	239.56749	170.06947	586.81946	-62.72678	239.56763	170.07065	586.965	-53.624626	4563.2847	2291.4092	7363.1743	-367.33734	1000.0	4640.6406	2259.7322	7609.9824	-348.34177	1000.0	0.100448675	132000	-0.38668025
34	-246.02722	22.400913	245.83792	172.60219	601.08453	-62.72678	245.8381	172.60336	597.2474	-53.624626	4641.6294	2301.9407	7386.398	-367.33734	1000.0	4727.165	2281.1733	7739.0874	-348.34177	1000.0	0.10231217	136000	-0.3747776
35	-252.17528	22.91735	251.99672	175.0538	609.2502	-62.72678	251.99681	175.05481	609.8618	-53.624626	4721.3213	2315.9565	7536.43	-367.33734	1000.0	4804.513	2293.251	7739.0874	-348.34177	1000.0	0.10417599	140000	-0.36397526
36	-258.22095	23.451227	258.05273	177.43576	623.2934	-62.72678	258.05286	177.43683	623.5873	-53.624626	4801.5444	2332.6858	7953.1074	-367.33734	1000.0	4871.5884	2295.8542	7739.0874	-348.34177	1000.0	0.10603745	144000	-0.3539027
37	-264.1641	24.029408	264.0064	179.75891	626.4235	-62.72678	264.0066	179.76009	625.5001	-53.624626	4873.955	2341.681	7953.1074	-367.33734	1000.0	4939.023	2310.6128	8173.48	-348.34177	1000.0	0.107953705	148000	-0.34371725
38	-269.9829	24.625261	269.83652	181.9787	632.3455	-62.72678	269.83673	181.9798	633.3764	-53.624626	4944.5493	2350.3167	7953.1074	-367.33734	1000.0	4997.4717	2331.9858	8173.48	-348.34177	1000.0	0.109900564	152000	-0.33445573
39	-275.6892	25.239925	275.55405	184.09972	641.6073	-62.72678	275.55432	184.10078	644.3732	-53.624626	5014.9634	2360.2722	7953.1074	-367.33734	1000.0	5069.8594	2344.7837	8173.48	-348.34177	1000.0	0.11186938	156000	-0.32585618
40	-281.2921	25.791971	281.16797	186.14374	648.3171	-62.72678	281.16818	186.14474	648.5932	-53.624626	5083.648	2369.7666	7953.1074	-367.33734	1000.0	5135.228	2351.0427	8173.48	-348.34177	1000.0	0.11379913	160000	-0.31760523
41	-286.77936	26.375431	286.66617	188.10179	657.45575	-62.72678	286.66635	188.1027	658.4664	-53.624626	5149.644	2377.6309	7953.1074	-367.33734	1000.0	5210.387	2370.4412	8434.41	-348.34177	1000.0	0.11570349	164000	-0.30971873
42	-292.1542	26.957106	292.0519	189.97003	665.05426	-62.72678	292.05212	189.9709	669.921	-53.624626	5218.2803	2390.0442	8230.942	-367.33734	1000.0	5279.207	2383.2683	8490.787	-348.34177	1000.0	0.11753709	168000	-0.30228555
43	-297.42252	27.536457	297.3316	191.76471	678.7069	-62.72678	297.3317	191.76576	676.8098	-59.027557	5278.9937	2394.6677	8230.942	-367.33734	1000.0	5344.298	2392.9927	8490.787	-348.34177	1000.0	0.11932319	172000	-0.29486766
44	-302.57642	28.055922	302.49557	193.47661	683.7626	-62.72678	302.4957	193.47769	683.7584	-59.027557	5348.904	2411.363	8477.34	-367.33734	1000.0	5413.2637	2408.516	8511.863	-348.34177	1000.0	0.12108188	176000	-0.28827664
45	-307.64645	28.559704	307.57578	195.13152	691.60944	-62.72678	307.57587	195.1324	689.745	-59.027557	5413.8237	2423.02	8477.34	-367.33734	1000.0	5482.711	2425.8396	8771.494	-348.34177	1000.0	0.122862145	180000	-0.28164813
46	-312.60898	29.088188	312.5481	196.71413	692.6081	-144.29836	312.5483	196.71521	693.35785	-90.80095	5479.39	2436.6284	8568.018	-367.33734	1000.0	5545.527	2436.137	8771.494	-348.34177	1000.0	0.124567226	184000	-0.2755974
47	-317.48175	29.624472	317.43054	198.24081	703.06805	-144.29836	317.43085	198.24187	698.44885	-90.80095	5540.484	2446.0964	8586.645	-367.33734	1000.0	5594.9355	2433.5024	8771.494	-348.34177	1000.0	0.1262061	188000	-0.2696792
48	-322.26727	30.139448	322.22592	199.71341	710.31824	-144.29836	322.22632	199.7141	707.89044	-90.80095	5599.775	2454.5015	8619.802	-367.33734	1000.0	5653.1606	2440.9363	8771.494	-348.34177	1000.0	0.12783518	192000	-0.26402822
49	-326.96652	30.633833	326.93466	201.13971	713.16815	-144.29836	326.935	201.14049	713.74005	-90.80095	5658.2476	2463.1714	8787.65	-367.33734	1000.0	5701.504	2439.0737	8771.494	-348.34177	1000.0	0.12944531	196000	-0.2585475
50	-331.57825	31.18695	331.55624	202.51859	720.4033	-144.29836	331.5567	202.51929	719.36926	-90.80095	5714.489	2470.0889	8787.65	-367.33734	1000.0	5756.945	2445.5984	8771.494	-348.34177	1000.0	0.13105102	200000	-0.25318718
51	-336.10507	31.706026	336.09308	203.84615	731.92535	-144.29836	336.09354	203.84692	732.9242	-90.80095	5772.967	2480.7249	9047.178	-367.33734	1000.0	5812.4067	2453.3328	8954.485	-348.34177	1000.0	0.13269086	204000	-0.24805516
52	-340.55978	32.18508	340.55734	205.12555	740.4781	-144.29836	340.55786	205.12637	739.03314	-90.80095	5827.887	2487.9246	9047.178	-367.33734	1000.0	5873.5254	2468.6157	9193.349	-348.34177	1000.0	0.13427594	208000	-0.2433166
53	-344.94183	32.673096	344.94952	206.37016	744.7887	-144.29836	344.95013	206.37094	743.4143	-90.80095	5880.6514	2493.563	9047.178	-367.33734	1000.0	5928.716	2477.5754	9193.349	-348.34177	1000.0	0.13584626	212000	-0.23869212
54	-349.23517	33.178463	349.2535	207.55635	748.9616	-144.29836	349.25406	207.55707	747.44556	-90.80095	5930.793	2497.275	9047.178	-367.33734	1000.0	5988.4966	2492.9128	9367.719	-348.34177	1000.0	0.13743863	216000	-0.2342476
55	-353.44946	33.632904	353.47748	208.69513	752.2424	-144.29836	353.47806	208.69577	751.2976	-90.80095	5984.6885	2506.1284	9206.71	-367.33734	1000.0	6041.4185	2500.8687	9379.952	-348.34177	1000.0	0.13895786	220000	-0.22980373
56	-357.5812	34.10116	357.61935	209.79225	756.6731	-192.64142	357.61996	209.79294	757.0158	-101.94907	6035.608	2512.4568	9206.71	-367.33734	1000.0	6092.555	2507.3828	9379.952	-348.34177	1000.0	0.14048664	224000	-0.22569509
57	-361.65063	34.553844	361.69833	210.85782	761.61584	-192.64142	361.69904	210.85857	760.07465	-101.94907	6088.318	2521.5637	9238.321	-367.33734	1000.0	6142.295	2513.1086	9379.952	-348.34177	1000.0	0.14198065	228000	-0.22156185
58	-365.64197	34.986324	365.69995	211.87445	763.53534	-192.64142	365.7006	211.87505	765.7151	-101.94907	6139.8	2529.8704	9238.321	-367.33734	1000.0	6191.703	2519.3533	9445.743	-348.34177	1000.0	0.14353903	232000	-0.2178416
59	-369.55713	35.402733	369.62436	212.8489	775.2262	-192.64142	369.62506	212.84955	773.0888	-101.94907	6189.9175	2537.5693	9468.453	-367.33734	1000.0	6239.5366	2524.396	9445.743	-348.34177	1000.0	0.14501281	236000	-0.21414413
60	-373.41495	35.835934	373.4913	213.79231	779.58594	-192.64142	373.49194	213.79297	776.6106	-101.94907	6236.6636	2541.999	9468.453	-367.33734	1000.0	6286.4424	2529.0854	9445.743	-348.34177	1000.0	0.14645611	240000	-0.21052667
61	-377.20807	36.254684	377.29376	214.71004	781.6495	-192.64142	377.29443	214.71083	780.1923	-101.94907	6282.7686	2546.4773	9468.453	-367.33734	1000.0	6327.141	2528.0625	9445.743	-348.34177	1000.0	0.1478659	244000	-0.20688832
62	-380.93854	36.69614	381.03394	215.59526	785.1851	-192.64142	381.03458	215.59598	783.9429	-101.94907	6325.853	2548.2336	9468.453	-367.33734	1000.0	6367.2637	2527.156	9445.743	-348.34177	1000.0	0.14928432	248000	-0.2036345
63	-384.6043	37.11949	384.70935	216.44492	790.2181	-192.64142	384.71008	216.44563	790.1786	-101.94907	6369.1104	2550.7808	9468.453	-367.33734	1000.0	6407.792	2527.47	9445.743	-348.34177	1000.0	0.15074499	252000	-0.20038441
64	-388.21393	37.544292	388.32822	217.26416	793.19543	-192.64142	388.32895	217.26482	792.78235	-101.94907	6413.1353	2554.829	9468.453	-367.33734	1000.0	6449.9355	2529.886	9445.743	-348.34177	1000.0	0.15217859	256000	-0.19714059
65	-391.775	37.972588	391.89847	218.06253	793.19543	-192.64142	391.89926	218.0631	795.3123	-101.94907	6456.208	2558.448	9468.453	-367.33734	1000.0	6496.711	2538.2014	9714.985	-348.34177	1000.0	0.15353726	260000	-0.19402963
66	-395.2834	38.378174	395.41574	218.83707	799.5752	-192.64142	395.41647	218.83763	798.32886	-101.94907	6502.469	2566.272	9612.808	-367.33734	1000.0	6544.887	2548.701	9928.791	-348.34177	1000.0	0.15488924	264000	-0.19102481
67	-398.73154	38.75884	398.87302	219.58301	801.6847	-192.64142	398.87372	219.58345	801.5362	-101.94907	6544.1133	2569.657	9612.808	-367.33734	1000.0	6579.271	2545.0256	9928.791	-348.34177	1000.0	0.15626359	268000	-0.18820795
68	-402.1318	39.13549	402.28195	220.31339	804.50494	-192.64142	402.28265	220.31406	805.81085	-101.94907	6582.9937	2570.5303	9612.808	-367.33734	1000.0	6619.378	2547.5232	9928.791	-348.34177	1000.0	0.15758285	272000	-0.18530793
69	-405.48526	39.4894	405.64392	221.01755	811.81647	-192.64142	405.6447	221.01819	809.1266	-101.94907	6622.9917	2573.0977	9612.808	-367.33734	1000.0	6662.092	2553.421	9928.791	-348.34177	1000.0	0.15881164	276000	-0.18276425
70	-408.7836	39.8581	408.95117	221.70264	817.1715	-192.64142	408.952	221.70308	811.6027	-101.94907	6663.5083	2576.8213	9624.225	-367.33734	1000.0	6682.8	2540.981	9928.791	-348.34177	1000.0	0.16008733	280000	-0.18000928
71	-412.03494	40.215233	412.21106	222.36903	817.1715	-192.64142	412.2118	222.36967	814.9146	-101.94907	6705.0815	2582.16	9732.698	-367.33734	1000.0	6715.941	2538.7693	9928.791	-348.34177	1000.0	0.16131812	284000	-0.17746772
72	-415.24002	40.545757	415.42465	223.01045	817.1715	-192.64142	415.42545	223.01079	816.9961	-101.94907	6743.267	2584.4163	9732.698	-367.33734	1000.0	6750.635	2538.0547	9928.791	-348.34177	1000.0	0.16254985	288000	-0.17496784
73	-418.4017	40.86876	418.5944	223.63428	821.32074	-192.64142	418.59518	223.63492	821.10175	-101.94907	6780.546	2586.107	9732.698	-367.33734	1000.0	6776.755	2530.411	9928.791	-348.34177	1000.0	0.16375287	292000	-0.17256008
74	-421.51944	41.194263	421.7206	224.24174	821.32074	-192.64142	421.72137	224.2422	823.20667	-101.94907	6817.918	2588.4248	9732.698	-367.33734	1000.0	6815.8853	2535.6206	10031.351	-348.34177	1000.0	0.1649333	296000	-0.17026438
75	-424.5933	41.5131	424.8027	224.83394	829.2645	-192.64142	424.80338	224.8342	827.8311	-101.94907	6853.221	2589.0203	9732.698	-367.33734	1000.0	6850.876	2536.6365	10031.351	-348.34177	1000.0	0.16605012	300000	-0.16790669
76	-427.6222	41.861618	427.84012	225.41083	830.4783	-192.64142	427.8408	225.41122	833.3253	-101.94907	6889.427	2590.9778	9732.698	-367.33734	1000.0	6882.7866	2535.0854	10031.351	-348.34177	1000.0	0.16721688	304000	-0.1656767
77	-430.6064	42.181946	430.8325	225.96098	833.36444	-192.64142	430.83328	225.96144	833.6711	-101.94907	6923.7993	2591.5737	9832.853	-367.33734	1000.0	6921.9155	2541.708	10171.338	-348.34177	1000.0	0.16836467	308000	-0.16345462
78	-433.54395	42.50947	433.77832	226.49005	833.6285	-192.64142	433.7791	226.49055	834.4596	-101.94907	6957.916	2592.3005	9832.853	-367.33734	1000.0	6952.459	2539.5903	10171.338	-348.34177	1000.0	0.16950998	312000	-0.16138698
79	-436.4348	42.829044	436.67755	226.99382	835.2024	-192.64142	436.6783	226.99423	835.5761	-101.94907	6992.416	2593.885	9890.544	-367.33734	1000.0	6988.8374	2543.9958	10184.726	-348.34177	1000.0	0.17065313	316000	-0.15933898
80	-439.2894	43.13157	439.54013	227.48094	841.5272	-192.64142	439.5409	227.48137	841.7115	-101.94907	7026.189	2595.0723	9890.544	-367.33734	1000.0	7025.0977	2548.5498	10184.726	-348.34177	1000.0	0.17177495	320000	-0.15734518
81	-442.10483	43.438255	442.36365	227.95384	851.6828	-192.64142	442.36444	227.95453	850.07355	-101.94907	7045.283	2593.113	9890.544	-367.33734	1000.0	7059.0557	2550.9607	10184.726	-348.34177	1000.0	0.1728522	324000	-0.15538086
82	-444.8827	43.726696	445.1492	228.4179	856.8283	-192.64142	445.1498	228.41814	850.07355	-101.94907	7078.8926	2595.0085	10079.093	-367.33734	1000.0	7089.003	2549.7166	10184.726	-348.34177	1000.0	0.17389508	328000	-0.15347977
83	-447.62283	44.035637	447.8969	228.87169	856.83734	-192.64142	447.89752	228.87195	854.1978	-101.94907	7107.5654	2592.3892	10079.093	-367.33734	1000.0	7120.8267	2550.7146	10184.726	-348.34177	1000.0	0.17486455	332000	-0.15156029
84	-450.32065	44.339207	450.60254	229.3086	857.69965	-192.64142	450.60312	229.30894	854.1978	-101.94907	7137.0938	2591.1382	10079.093	-367.33734	1000.0	7149.3896	2548.8655	10184.726	-348.34177	1000.0	0.17590553	336000	-0.14972298
85	-452.97598	44.647827	453.2655	229.72502	862.29663	-192.64142	453.26605	229.72537	860.7381	-101.94907	7168.815	2592.2144	10079.093	-367.33734	1000.0	7177.994	2547.4358	10184.726	-348.34177	1000.0	0.17689978	340000	-0.14800136
86	-455.60275	44.912758	455.90005	230.12717	862.29663	-192.64142	455.90057	230.12798	860.7381	-101.94907	7197.268	2590.5066	10079.093	-367.33734	1000.0	7192.8906	2538.9368	10184.726	-348.34177	1000.0	0.17788295	344000	-0.1462577
87	-458.1953	45.171406	458.50027	230.51901	864.848	-192.64142	458.5009	230.51965	860.7381	-101.94907	7226.645	2590.0234	10079.093	-367.33734	1000.0	7217.3286	2534.5962	10184.726	-348.34177	1000.0	0.17885168	348000	-0.14444266
88	-460.748	45.444695	461.06067	230.89565	868.43756	-192.64142	461.0611	230.8963	861.5929	-101.94907	7255.437	2589.2825	10079.093	-367.33734	1000.0	7247.429	2535.7761	10184.726	-348.34177	1000.0	0.17983545	352000	-0.14283231
89	-463.26785	45.72688	463.5883	231.2565	868.43756	-192.64142	463.58865	231.25703	862.9212	-101.94907	7282.848	2587.5974	10079.093	-367.33734	1000.0	7277.444	2537.2068	10184.726	-348.34177	1000.0	0.18081802	356000	-0.14124244
90	-465.75766	46.007847	466.086	231.6053	869.4165	-192.64142	466.08636	231.60559	866.69855	-101.94907	7311.661	2587.5286	10079.093	-367.33734	1000.0	7306.511	2537.9658	10184.726	-348.34177	1000.0	0.18176843	360000	-0.13972342
91	-468.2121	46.268047	468.54782	231.94109	869.4165	-192.64142	468.54822	231.94147	866.9067	-101.94907	7340.079	2587.454	10268.765	-367.33734	1000.0	7335.6616	2539.128	10184.726	-348.34177	1000.0	0.18267529	364000	-0.13815823
92	-470.6379	46.539764	470.98062	232.26643	870.3479	-192.64142	470.9812	232.2669	870.082	-101.94907	7367.312	2586.4502	10268.765	-367.33734	1000.0	7365.205	2541.0132	10192.047	-348.34177	1000.0	0.18360542	368000	-0.13664602
93	-473.0317	46.782757	473.3819	232.5772	870.3479	-192.64142	473.38242	232.57773	872.3077	-101.94907	7394.049	2585.3037	10268.765	-367.33734	1000.0	7390.816	2539.2615	10192.047	-348.34177	1000.0	0.18450207	372000	-0.13517825
94	-475.39548	47.03227	475.75278	232.8755	872.2868	-192.64142	475.75327	232.87631	872.3077	-101.94907	7421.189	2584.8235	10268.765	-367.33734	1000.0	7420.1987	2541.7126	10560.304	-348.34177	1000.0	0.18536524	376000	-0.13369574
95	-477.72916	47.283356	478.09332	233.16508	874.4247	-192.64142	478.0939	233.1656	872.3077	-101.94907	7447.8315	2584.201	10268.765	-367.33734	1000.0	7445.114	2539.8284	10560.304	-348.34177	1000.0	0.18619944	380000	-0.1323215
96	-480.03662	47.512554	480.40723	233.44572	874.4247	-192.64142	480.4078	233.44632	873.90784	-101.94907	7473.98	2583.3354	10268.765	-367.33734	1000.0	7458.9575	2530.3252	10560.304	-348.34177	1000.0	0.1870029	384000	-0.13085313
97	-482.32297	47.761723	482.7004	233.72232	880.2221	-192.64142	482.70087	233.72295	876.35565	-101.94907	7500.42	2583.0588	10268.765	-367.33734	1000.0	7486.41	2531.5942	10560.304	-348.34177	1000.0	0.18779726	388000	-0.12954338
98	-484.57983	48.01872	484.96408	233.98825	880.2221	-192.64142	484.9645	233.98892	876.3648	-101.94907	7524.018	2580.4233	10268.765	-367.33734	1000.0	7514.43	2533.7659	10560.304	-348.34177	1000.0	0.18861884	392000	-0.12817273
99	-486.8083	48.226223	487.1993	234.24532	880.2221	-192.64142	487.19968	234.2459	879.5873	-101.94907	7549.1914	2579.505	10268.765	-367.33734	1000.0	7539.43	2533.078	10560.304	-348.34177	1000.0	0.18942867	396000	-0.12684524
100	-489.01437	48.437077	489.41196	234.49773	881.02277	-192.64142	489.41235	234.49821	880.1777	-101.94907	7572.5454	2577.1418	10268.765	-367.33734	1000.0	7562.152	2531.184	10560.304	-348.34177	1000.0	0.19021595	400000	-0.12559438
101	-491.19415	48.657482	491.5984	234.73932	881.1872	-192.64142	491.59885	234.74016	881.0116	-101.94907	7596.818	2575.8933	10287.316	-367.33734	1000.0	7586.281	2530.1956	10560.304	-348.34177	1000.0	0.19100365	404000	-0.12431195
102	-493.3507	48.862225	493.7615	234.97278	885.647	-192.64142	493.76196	234.97351	886.69305	-101.94907	7621.1245	2574.8499	10287.316	-367.33734	1000.0	7611.6357	2530.6445	10560.304	-348.34177	1000.0	0.1917822	408000	-0.123089716
103	-495.47495	49.086758	495.89246	235.19186	889.7819	-192.64142	495.8929	235.19312	890.1088	-101.94907	7644.0815	2572.8896	10329.79	-367.33734	1000.0	7635.047	2529.44	10560.304	-348.34177	1000.0	0.19254406	412000	-0.12190199
104	-497.5823	49.28049	498.006	235.40494	891.83527	-192.64142	498.00653	235.40567	890.5208	-101.94907	7666.141	2570.27	10329.79	-367.33734	1000.0	7656.8345	2526.984	10560.304	-348.34177	1000.0	0.1932795	416000	-0.12070652
105	-499.66183	49.492203	500.0922	235.6116	896.9202	-192.64142	500.0927	235.61229	893.8727	-101.94907	7689.256	2568.8552	10329.79	-367.33734	1000.0	7681.018	2527.026	10560.304	-348.34177	1000.0	0.1940217	420000	-0.119528845
106	-501.7187	49.687134	502.1551	235.80856	896.9202	-192.64142	502.15555	235.8093	893.8727	-101.94907	7712.2866	2567.6797	10507.766	-367.33734	1000.0	7704.761	2526.843	10560.304	-348.34177	1000.0	0.1947581	424000	-0.11840395
107	-503.75497	49.876476	504.19785	236.00024	897.2575	-192.64142	504.19846	236.00072	893.8727	-101.94907	7735.1987	2566.5764	10507.766	-367.33734	1000.0	7725.633	2524.25	10560.304	-348.34177	1000.0	0.19548787	428000	-0.117332436
108	-505.76724	50.054073	506.2162	236.18579	897.36774	-192.64142	506.2168	236.18665	898.1734	-101.94907	7758.575	2566.1038	10507.766	-367.33734	1000.0	7741.1943	2517.7307	10560.304	-348.34177	1000.0	0.19618186	432000	-0.11623162
109	-507.76392	50.229946	508.21893	236.37065	900.5895	-192.64142	508.21945	236.3715	899.68774	-101.94907	7781.085	2565.0212	10507.766	-367.33734	1000.0	7764.2817	2517.6587	10560.304	-348.34177	1000.0	0.19685484	436000	-0.115182854
110	-509.74124	50.402805	510.2022	236.55554	900.9232	-192.64142	510.20273	236.55656	899.68774	-101.94907	7803.462	2564.0474	10507.766	-367.33734	1000.0	7787.8784	2518.3203	10612.207	-348.34177	1000.0	0.19753414	440000	-0.114079066
111	-511.70746	50.562584	512.1741	236.74017	904.3601	-192.64142	512.1746	236.74123	900.3604	-101.94907	7822.9844	2560.681	10507.766	-367.33734	1000.0	7811.7817	2519.478	10612.207	-348.34177	1000.0	0.1981641	444000	-0.11311559
112	-513.65656	50.74073	514.1288	236.92491	910.5583	-192.64142	514.12933	236.92595	904.282	-101.94907	7843.557	2558.4314	10507.766	-367.33734	1000.0	7833.5537	2518.6802	10612.207	-348.34177	1000.0	0.19879021	448000	-0.111961976
113	-515.59076	50.89647	516.0684	237.10551	910.5583	-192.64142	516.069	237.10603	908.42926	-101.94907	7862.9756	2555.4885	10507.766	-367.33734	1000.0	7851.426	2514.7595	10612.207	-348.34177	1000.0	0.19944225	452000	-0.11100425
114	-517.5083	51.05013	517.9917	237.28062	910.5583	-192.64142	517.9922	237.28137	908.42926	-101.94907	7883.5044	2553.6582	10507.766	-367.33734	1000.0	7873.1025	2514.3118	10612.207	-348.34177	1000.0	0.2001114	456000	-0.1099934
115	-519.39624	51.231594	519.88544	237.4441	910.5583	-192.64142	519.8859	237.44487	908.42926	-111.17495	7903.524	2551.5254	10507.766	-367.33734	1000.0	7894.179	2513.473	10612.207	-348.34177	1000.0	0.20077269	460000	-0.10907267
116	-521.2685	51.38719	521.76306	237.60115	912.4005	-192.64142	521.7635	237.60208	909.84796	-111.17495	7922.9463	2549.0496	10507.766	-367.33734	1000.0	7913.064	2510.8276	10612.207	-348.34177	1000.0	0.20137767	464000	-0.10811922
117	-523.12854	51.551582	523.6286	237.76001	912.4005	-192.64142	523.629	237.76076	909.84796	-111.17495	7941.408	2545.931	10507.766	-367.33734	1000.0	7932.6353	2508.9636	10612.207	-348.34177	1000.0	0.20198934	468000	-0.10719216
118	-524.96155	51.725414	525.46716	237.90723	912.4005	-192.64142	525.4676	237.9083	909.84796	-111.17495	7961.345	2544.2993	10507.766	-367.33734	1000.0	7950.3154	2505.7512	10612.207	-348.34177	1000.0	0.20260674	472000	-0.10631298
119	-526.78033	51.878025	527.2913	238.05128	912.4005	-192.64142	527.29175	238.05205	909.84796	-111.17495	7980.478	2542.1226	10507.766	-367.33734	1000.0	7966.269	2505.1934	10612.207	-348.34177	1000.0	0.2031844	476000	-0.105421975
120	-528.58624	52.053844	529.1024	238.19618	912.4005	-192.64142	529.10284	238.1969	912.0501	-111.17495	7999.3433	2539.911	10507.766	-367.33734	1000.0	7987.269	2505.255	10666.761	-348.34177	1000.0	0.20375219	480000	-0.104463495
121	-530.37537	52.216442	530.8966	238.33586	912.4005	-192.64142	530.8971	238.33687	914.1835	-288.7446	8017.903	2537.6113	10507.766	-367.33734	1000.0	7995.8237	2496.655	10666.761	-348.34177	1000.0	0.20434077	484000	-0.10366734
122	-532.1522	52.352943	532.67834	238.47704	915.5681	-192.64142	532.67883	238.47783	915.2273	-288.7446	8036.985	2535.9458	10526.874	-367.33734	1000.0	8015.121	2495.478	10666.761	-348.34177	1000.0	0.20490815	488000	-0.10277377
123	-533.9173	52.5092	534.4485	238.61424	916.16785	-192.64142	534.44904	238.61513	915.6501	-288.7446	8054.825	2533.3289	10526.874	-367.33734	1000.0	8034.4697	2494.5027	10666.761	-348.34177	1000.0	0.20547871	492000	-0.1019432
124	-535.6606	52.643925	536.19696	238.74658	919.33057	-192.64142	536.1975	238.74753	918.33496	-288.7446	8073.611	2531.6877	10526.874	-367.33734	1000.0	8049.442	2489.9849	10666.761	-348.34177	1000.0	0.20602924	496000	-0.10113373
125	-537.3894	52.760223	537.93066	238.87544	923.46796	-192.64142	537.9311	238.87624	922.50336	-288.7446	8091.624	2529.5942	10659.609	-367.33734	1000.0	8065.717	2486.6765	10666.761	-348.34177	1000.0	0.2065842	500000	-0.10032095
126	-539.1048	52.896683	539.65094	238.9987	923.46796	-192.64142	539.65125	238.99966	922.50336	-288.7446	8109.101	2527.1555	10659.609	-367.33734	1000.0	8084.005	2485.2717	10666.761	-348.34177	1000.0	0.2071164	504000	-0.09952022
127	-540.8057	53.033108	541.35645	239.12355	923.46796	-192.64142	541.35675	239.12453	923.0122	-288.7446	8126.065	2524.3994	10659.609	-367.33734	1000.0	8103.371	2485.016	10808.35	-348.34177	1000.0	0.2076356	508000	-0.09870163
128	-542.49365	53.163708	543.049	239.2478	926.12103	-192.64142	543.04944	239.24875	925.9825	-288.7446	8144.12	2522.7617	10659.609	-367.33734	1000.0	8122.0195	2484.211	10808.35	-348.34177	1000.0	0.20814364	512000	-0.097924136
129	-544.16846	53.29591	544.72833	239.36868	926.12103	-192.64142	544.7287	239.3695	925.9825	-288.7446	8159.5317	2519.0515	10659.609	-367.33734	1000.0	8139.0776	2482.098	10808.35	-348.34177	1000.0	0.20864353	516000	-0.09715608
130	-545.8279	53.425014	546.3924	239.48483	929.1479	-192.64142	546.3928	239.48534	929.82196	-288.7446	8175.2627	2515.7717	10659.609	-367.33734	1000.0	8157.0786	2481.0017	10808.35	-348.34177	1000.0	0.20914948	520000	-0.09642905
131	-547.47644	53.540924	548.04517	239.59987	929.1479	-192.64142	548.0458	239.60068	929.82196	-288.7446	8193.606	2514.934	10842.025	-367.33734	1000.0	8175.3184	2480.2935	10808.35	-348.34177	1000.0	0.2096498	524000	-0.09565489
132	-549.11584	53.654716	549.6892	239.71332	930.161	-192.64142	549.6898	239.71404	931.7944	-288.7446	8211.92	2514.1467	10842.025	-367.33734	1000.0	8194.465	2480.591	10823.283	-348.34177	1000.0	0.21012744	528000	-0.094948374
133	-550.74384	53.76963	551.32153	239.8262	938.57404	-289.54715	551.3222	239.82738	935.78394	-288.7446	8229.453	2512.7954	10842.025	-367.33734	1000.0	8208.837	2476.7898	10823.283	-348.34177	1000.0	0.21061356	532000	-0.09419636
134	-552.3522	53.901894	552.93427	239.93596	942.0651	-289.54715	552.9348	239.93675	940.38025	-288.7446	8245.356	2510.1846	10842.025	-367.33734	1000.0	8226.94	2476.3652	10835.591	-348.34177	1000.0	0.21111271	536000	-0.093514375
135	-553.95197	54.002056	554.5384	240.0417	942.0651	-289.54715	554.53894	240.0427	940.38025	-288.7446	8261.458	2507.8352	10842.025	-367.33734	1000.0	8243.843	2474.9976	10835.591	-348.34177	1000.0	0.21157661	540000	-0.092792146
136	-555.53827	54.130764	556.1289	240.14713	944.5922	-289.54715	556.12946	240.14787	945.3059	-288.7446	8274.94	2505.0925	10842.025	-367.33734	1000.0	8257.978	2471.3564	10835.591	-348.34177	1000.0	0.21204339	544000	-0.09210087
137	-557.1066	54.2914	557.7019	240.2502	944.5922	-298.39713	557.70245	240.2513	945.3059	-376.21115	8291.075	2503.0364	10842.025	-367.33734	1000.0	8273.996	2469.4307	10835.591	-348.34177	1000.0	0.21251582	548000	-0.09139796
138	-558.6587	54.4364	559.2581	240.34526	944.5922	-335.1924	559.25867	240.34639	945.3059	-471.6322	8307.435	2501.3125	10842.025	-367.33734	1000.0	8291.607	2469.1592	11053.825	-348.34177	1000.0	0.21298209	552000	-0.090745814
139	-560.1992	54.55038	560.80286	240.43718	944.5922	-385.13034	560.8035	240.43828	946.85126	-471.6322	8323.709	2499.668	10842.025	-367.33734	1000.0	8308.192	2468.0027	11053.825	-348.34177	1000.0	0.21343121	556000	-0.09011011
140	-561.7305	54.66853	562.33813	240.53363	944.5922	-385.13034	562.3388	240.53485	950.3061	-471.6322	8339.422	2497.6187	10842.025	-367.33734	1000.0	8325.494	2467.6619	11053.825	-348.34177	1000.0	0.21387714	560000	-0.08948943
141	-563.2537	54.813324	563.86554	240.62996	949.1548	-385.13034	563.86615	240.6306	950.3061	-471.6322	8355.43	2495.9568	10842.025	-367.33734	1000.0	8341.878	2466.6018	11053.825	-348.34177	1000.0	0.21431838	564000	-0.0888289
142	-564.7635	54.97184	565.3795	240.7206	949.1548	-425.49533	565.38007	240.72179	950.3061	-471.6322	8370.7705	2493.853	10842.025	-367.33734	1000.0	8357.181	2464.699	11053.825	-348.34177	1000.0	0.2148036	568000	-0.088188805
143	-566.2624	55.06075	566.88214	240.80986	956.9328	-425.49533	566.8827	240.81091	959.1347	-471.6322	8387.175	2492.8083	10842.025	-367.33734	1000.0	8372.991	2463.321	11053.825	-348.34177	1000.0	0.21520725	572000	-0.08758555
144	-567.75366	55.17862	568.3774	240.90079	956.9328	-425.49533	568.378	240.90155	959.1347	-471.6322	8402.301	2490.745	10842.025	-367.33734	1000.0	8388.903	2462.1353	11053.825	-348.34177	1000.0	0.21562588	576000	-0.08695524
145	-569.2375	55.28518	569.86475	240.9928	958.3964	-425.49533	569.8654	240.9938	959.1347	-471.6322	8417.549	2488.9304	10842.025	-367.33734	1000.0	8405.696	2461.9268	11053.825	-348.34177	1000.0	0.21601637	580000	-0.08638194
146	-570.7103	55.39912	571.34186	241.08191	962.1082	-425.49533	571.3426	241.08247	963.07526	-471.6322	8431.321	2486.103	10842.025	-367.33734	1000.0	8417.871	2458.786	11053.825	-348.34177	1000.0	0.21645108	584000	-0.08577047
147	-572.1674	55.516098	572.80286	241.16594	962.1082	-425.49533	572.8035	241.16682	963.07526	-471.6322	8446.395	2484.3203	10842.025	-367.33734	1000.0	8433.266	2457.479	11053.825	-348.34177	1000.0	0.21686964	588000	-0.08515566
148	-573.6128	55.62365	574.25195	241.24832	962.1082	-425.49533	574.25256	241.24887	963.07526	-471.6322	8460.728	2482.0156	10842.025	-367.33734	1000.0	8447.24	2455.0906	11053.825	-348.34177	1000.0	0.21729107	592000	-0.08459898
149	-575.0483	55.733517	575.6912	241.32616	962.1082	-425.49533	575.69183	241.32698	963.07526	-471.6322	8475.929	2480.6282	10916.817	-367.33734	1000.0	8463.23	2454.577	11053.825	-348.34177	1000.0	0.21766374	596000	-0.08402429
150	-576.4766	55.82929	577.1232	241.40607	962.1082	-425.49533	577.1239	241.40677	963.07526	-471.6322	8481.366	2480.1282	10916.817	-367.33734	1000.0	8478.066	2453.0962	11053.825	-348.34177	1000.0	0.21802813	600000	-0.083438404
151	-577.8905	55.94729	578.54047	241.48857	966.8447	-488.87994	578.5412	241.4898	966.79126	-544.7826	8495.523	2477.9805	10916.817	-367.33734	1000.0	8489.36	2448.8767	11053.825	-348.34177	1000.0	0.21839565	604000	-0.082863085
152	-579.2983	56.10059	579.9518	241.57237	966.8447	-488.87994	579.9526	241.57347	966.79126	-544.7826	8510.544	2476.7168	10916.817	-367.33734	1000.0	8505.529	2448.9138	11148.381	-348.34177	1000.0	0.21876974	608000	-0.082364835
153	-580.69586	56.204205	581.35266	241.6558	966.8447	-488.87994	581.3536	241.6569	968.42175	-544.7826	8525.362	2475.3862	11000.078	-367.33734	1000.0	8518.119	2445.8584	11148.381	-348.34177	1000.0	0.21913727	612000	-0.08180883
154	-582.0814	56.32205	582.74194	241.73463	967.7116	-488.87994	582.7428	241.7357	968.42175	-544.7826	8538.862	2473.024	11000.078	-367.33734	1000.0	8531.832	2443.82	11148.381	-348.34177	1000.0	0.21952075	616000	-0.08127304
155	-583.456	56.45738	584.12036	241.81154	970.734	-488.87994	584.1213	241.81296	969.1916	-544.7826	8551.039	2469.7058	11000.078	-367.33734	1000.0	8545.598	2441.9458	11148.381	-348.34177	1000.0	0.2198916	620000	-0.080725655
156	-584.818	56.583447	585.4864	241.88329	970.734	-531.37634	585.48724	241.88403	973.80975	-544.7826	8563.779	2466.911	11000.078	-367.33734	1000.0	8560.37	2441.0896	11148.381	-348.34177	1000.0	0.22028218	624000	-0.08019083
157	-586.16833	56.71757	586.8405	241.9494	970.734	-531.37634	586.8414	241.95016	973.80975	-544.7826	8578.11	2465.551	11000.078	-367.33734	1000.0	8573.349	2438.7263	11148.381	-348.34177	1000.0	0.22064778	628000	-0.07970011
158	-587.5063	56.887188	588.1823	242.0158	970.734	-765.23	588.1833	242.01672	973.80975	-695.8148	8592.239	2464.1555	11128.764	-367.33734	1000.0	8583.016	2434.1165	11148.381	-348.34177	1000.0	0.22102101	632000	-0.07918425
159	-588.83246	57.024498	589.512	242.07594	970.734	-765.23	589.51306	242.0772	973.80975	-695.8148	8606.165	2462.642	11128.764	-367.33734	1000.0	8596.838	2432.6775	11148.381	-348.34177	1000.0	0.2214025	636000	-0.07867102
160	-590.1474	57.14856	590.8306	242.12924	972.4163	-765.23	590.8317	242.12973	973.80975	-695.8148	8619.6	2460.7732	11128.764	-367.33734	1000.0	8610.6875	2431.3582	11148.381	-348.34177	1000.0	0.22178876	640000	-0.07817822
161	-591.44965	57.282364	592.1365	242.18007	972.4163	-765.23	592.1376	242.18097	973.80975	-695.8148	8634.11	2460.0166	11139.073	-367.33734	1000.0	8623.259	2429.1267	11148.381	-348.34177	1000.0	0.2221762	644000	-0.077704996
162	-592.74084	57.4127	593.4315	242.22975	972.4163	-765.23	593.4325	242.23053	973.80975	-695.8148	8647.47	2458.284	11139.073	-367.33734	1000.0	8636.788	2427.7334	11148.381	-348.34177	1000.0	0.22254525	648000	-0.07719305
163	-594.0237	57.543026	594.71783	242.27414	972.4163	-765.23	594.7189	242.27534	973.80975	-695.8148	8661.227	2457.0088	11139.073	-367.33734	1000.0	8651.325	2427.3772	11322.039	-348.34177	1000.0	0.22291054	652000	-0.07672435
164	-595.29724	57.654022	595.9945	242.31897	976.29663	-765.23	595.9954	242.3201	974.48944	-695.8148	8674.144	2455.1362	11139.073	-367.33734	1000.0	8664.911	2426.2253	11322.039	-348.34177	1000.0	0.22327575	656000	-0.07629697
165	-596.5669	57.75291	597.2675	242.36581	976.29663	-765.23	597.2684	242.36652	977.4547	-695.8148	8686.542	2452.8381	11139.073	-367.33734	1000.0	8680.218	2426.8328	11479.52	-348.34177	1000.0	0.22359265	660000	-0.075816594
166	-597.82874	57.84664	598.53284	242.41231	978.4811	-765.23	598.5337	242.41377	979.1709	-695.8148	8699.242	2450.8982	11139.073	-367.33734	1000.0	8693.771	2425.7988	11479.52	-348.34177	1000.0	0.22392881	664000	-0.07533516
167	-599.08496	57.952263	599.7923	242.45924	978.4811	-765.23	599.79315	242.45985	979.1709	-695.8148	8712.202	2449.269	11139.073	-367.33734	1000.0	8702.045	2428.7664	11479.52	-348.34177	1000.0	0.22425903	668000	-0.074874215
168	-600.33466	58.041977	601.04517	242.50407	981.9924	-765.23	601.04596	242.50537	981.3696	-695.8148	8725.607	2448.1287	11146.096	-367.33734	1000.0	8714.62	2426.991	11479.52	-348.34177	1000.0	0.22456743	672000	-0.07443606
169	-601.57434	58.148438	602.2881	242.55019	981.9924	-765.23	602.2889	242.55107	981.3696	-695.8148	8734.782	2445.1604	11146.096	-367.33734	1000.0	8727.955	2426.0366	11479.52	-348.34177	1000.0	0.22491148	676000	-0.0740221
170	-602.8076	58.275944	603.5248	242.59956	983.4233	-765.23	603.5256	242.60097	983.0181	-695.8148	8734.353	2458.2046	11146.096	-367.33734	1000.0	8739.852	2423.9197	11479.52	-348.34177	1000.0	0.22524016	680000	-0.07351654
171	-604.023	58.405556	604.74365	242.64873	983.4233	-765.23	604.7444	242.64964	983.0181	-695.8148	8746.135	2455.8997	11146.096	-367.33734	1000.0	8752.351	2422.4353	11479.52	-348.34177	1000.0	0.22558586	684000	-0.07310456
172	-605.23114	58.54833	605.9551	242.69685	983.8055	-765.23	605.9558	242.69801	983.0181	-695.8148	8758.578	2454.2207	11146.096	-367.33734	1000.0	8765.564	2421.592	11479.52	-348.34177	1000.0	0.22589791	688000	-0.07271124
173	-606.4307	58.750244	607.15857	242.7406	983.8055	-765.23	607.15936	242.7414	983.0181	-695.8148	8770.476	2452.119	11146.096	-367.33734	1000.0	8778.624	2420.7158	11479.52	-348.34177	1000.0	0.22624329	692000	-0.07224223
174	-607.61035	58.93676	608.34174	242.77606	983.8055	-765.23	608.3425	242.77675	983.0181	-695.8148	8776.089	2451.226	11303.627	-367.33734	1000.0	8790.688	2418.977	11479.52	-348.34177	1000.0	0.22657369	696000	-0.07186266
175	-608.77704	59.093655	609.51184	242.80887	985.6661	-765.23	609.5127	242.80984	987.01483	-695.8148	8787.543	2448.892	11303.627	-367.33734	1000.0	8803.76	2418.234	11479.52	-348.34177	1000.0	0.22689866	700000	-0.07141427
176	-609.9348	59.23231	610.67316	242.83705	985.6661	-765.23	610.674	242.83783	987.01483	-695.8148	8799.935	2447.4524	11303.627	-367.33734	1000.0	8816.428	2417.1982	11479.52	-348.34177	1000.0	0.22720785	704000	-0.07099894
177	-611.0824	59.345325	611.8239	242.8606	985.6661	-765.23	611.8248	242.86156	987.01483	-695.8148	8812.065	2445.86	11303.627	-367.33734	1000.0	8826.067	2413.7766	11479.52	-348.34177	1000.0	0.22753558	708000	-0.07060563
178	-612.22406	59.47953	612.9688	242.88567	985.6661	-765.23	612.9698	242.88693	987.01483	-695.8148	8824.089	2444.2434	11303.627	-367.33734	1000.0	8838.146	2412.3596	11479.52	-348.34177	1000.0	0.22786623	712000	-0.07016524
179	-613.3614	59.58335	614.10913	242.91151	985.6661	-765.23	614.1101	242.91312	987.01483	-695.8148	8836.923	2443.466	11397.857	-367.33734	1000.0	8850.674	2411.4907	11479.52	-348.34177	1000.0	0.22816452	716000	-0.069838844
180	-614.4964	59.7177	615.2472	242.9403	985.6661	-765.23	615.24817	242.94127	987.01483	-695.8148	8848.395	2441.5068	11397.857	-367.33734	1000.0	8859.716	2412.5625	11479.52	-348.34177	1000.0	0.22846909	720000	-0.06944306
181	-615.6231	59.834984	616.3769	242.96942	986.85754	-765.23	616.37787	242.97049	987.01483	-695.8148	8859.854	2439.6165	11397.857	-367.33734	1000.0	8872.405	2411.931	11479.52	-348.34177	1000.0	0.22877046	724000	-0.06903731
182	-616.74493	59.937874	617.5017	242.99998	994.79407	-765.23	617.50275	243.00116	995.7257	-695.8148	8871.652	2438.1396	11397.857	-367.33734	1000.0	8878.512	2406.7346	11479.52	-348.34177	1000.0	0.22907518	728000	-0.06860738
183	-617.86	60.074615	618.6202	243.02914	994.79407	-765.23	618.6212	243.02988	997.03827	-695.8148	8882.23	2435.8013	11397.857	-367.33734	1000.0	8889.869	2405.0742	11479.52	-348.34177	1000.0	0.22940217	732000	-0.06825392
184	-618.9691	60.208035	619.73236	243.05574	995.0378	-765.23	619.73334	243.05702	997.03827	-695.8148	8894.688	2435.0352	11397.857	-367.33734	1000.0	8902.352	2404.486	11479.52	-348.34177	1000.0	0.22972052	736000	-0.06788367
185	-620.07104	60.327206	620.83746	243.0814	999.61523	-765.23	620.83844	243.08223	1001.5694	-695.8148	8906.434	2433.7058	11397.857	-367.33734	1000.0	8914.376	2403.5332	11479.52	-348.34177	1000.0	0.23001514	740000	-0.067533106
186	-621.16644	60.431423	621.9354	243.10645	999.61523	-765.23	621.9365	243.10777	1001.5694	-695.8148	8917.178	2431.5747	11397.857	-367.33734	1000.0	8926.853	2403.087	11479.52	-348.34177	1000.0	0.23029128	744000	-0.06716892
187	-622.2567	60.5404	623.02875	243.13203	999.61523	-765.23	623.0298	243.13307	1001.5694	-695.8148	8929.236	2430.6948	11498.277	-367.33734	1000.0	8938.045	2401.5803	11479.52	-348.34177	1000.0	0.2305765	748000	-0.06679101
188	-623.3351	60.644188	624.11005	243.15634	999.61523	-765.23	624.11115	243.15747	1001.5694	-695.8148	8928.521	2442.6416	11498.277	-367.33734	1000.0	8946.881	2399.2366	11479.52	-348.34177	1000.0	0.23085181	752000	-0.06643017
189	-624.4089	60.738075	625.1866	243.18356	999.61523	-765.23	625.1877	243.18475	1001.5694	-695.8148	8940.733	2441.9385	11498.277	-367.33734	1000.0	8956.76	2396.8003	11479.52	-348.34177	1000.0	0.23114988	756000	-0.066083975
190	-625.4756	60.844025	626.25616	243.20894	1001.26105	-765.23	626.25714	243.21	1003.20917	-695.8148	8952.259	2440.662	11498.277	-367.33734	1000.0	8964.865	2393.123	11479.52	-348.34177	1000.0	0.23143744	760000	-0.065761596
191	-626.5389	60.960587	627.32227	243.2352	1001.26105	-765.23	627.32336	243.23662	1003.20917	-695.8148	8961.973	2438.011	11498.277	-367.33734	1000.0	8974.961	2390.917	11479.52	-348.34177	1000.0	0.23170668	764000	-0.06539551
192	-627.5935	61.11585	628.3798	243.26018	1001.26105	-765.23	628.3808	243.26129	1003.20917	-695.8148	8972.551	2436.0469	11498.277	-367.33734	1000.0	8983.592	2387.6924	11479.52	-348.34177	1000.0	0.23200718	768000	-0.06503073
193	-628.6404	61.229492	629.42957	243.2806	1004.041	-765.23	629.43054	243.28226	1004.74554	-695.8148	8983.763	2434.7656	11517.69	-367.33734	1000.0	8994.769	2386.5618	11582.058	-348.34177	1000.0	0.23228353	772000	-0.06470819
194	-629.6822	61.34933	630.47455	243.2996	1004.041	-765.23	630.4756	243.30058	1004.74554	-695.8148	8995.2	2433.7083	11517.69	-367.33734	1000.0	9006.709	2386.1885	11582.058	-348.34177	1000.0	0.23255776	776000	-0.06437657
195	-630.7155	61.467052	631.5107	243.31554	1004.041	-765.23	631.5117	243.31708	1004.74554	-695.8148	9005.891	2432.0674	11517.69	-367.33734	1000.0	9015.967	2383.5571	11582.058	-348.34177	1000.0	0.23284283	780000	-0.064020835
196	-631.74066	61.554127	632.53815	243.33038	1004.041	-765.23	632.53925	243.33157	1004.74554	-695.8148	9017.133	2430.9917	11591.99	-367.33734	1000.0	9027.795	2383.265	11769.851	-348.34177	1000.0	0.23309585	784000	-0.06369544
197	-632.76263	61.655373	633.5629	243.34795	1004.041	-765.23	633.564	243.34912	1005.79755	-695.8148	9027.929	2429.5835	11591.99	-367.33734	1000.0	9038.917	2382.347	11769.851	-348.34177	1000.0	0.23337354	788000	-0.063382074
198	-633.78674	61.745163	634.58936	243.37138	1007.8384	-765.23	634.5904	243.37212	1008.69543	-695.8148	9038.022	2427.5872	11591.99	-367.33734	1000.0	9050.342	2381.9124	11769.851	-348.34177	1000.0	0.2336102	792000	-0.063047886
199	-634.8098	61.829998	635.61475	243.39597	1010.6261	-765.23	635.6158	243.3972	1009.3845	-695.8148	9044.482	2427.036	11635.001	-367.33734	1000.0	9061.958	2381.572	11769.851	-348.34177	1000.0	0.23384625	796000	-0.062732935
200	-635.8273	61.917862	636.6349	243.42526	1010.6261	-765.23	636.6359	243.42676	1011.0543	-695.8148	9054.945	2425.4983	11635.001	-367.33734	1000.0	9073.472	2381.202	11769.851	-348.34177	1000.0	0.2340861	800000	-0.062406905
201	-636.8412	62.03887	637.6514	243.4568	1010.6744	-765.23	637.6526	243.4579	1012.2515	-695.8148	9065.714	2424.27	11635.001	-367.33734	1000.0	9083.206	2379.2715	11769.851	-348.34177	1000.0	0.2343194	804000	-0.06212545
202	-637.85236	62.159077	638.665	243.48679	1010.6744	-765.23	638.66614	243.48778	1012.2515	-695.8148	9076.217	2422.8657	11635.001	-367.33734	1000.0	9092.191	2376.8164	11769.851	-348.34177	1000.0	0.2345533	808000	-0.061783787
203	-638.85675	62.263477	639.67175	243.51614	1012.0262	-765.23	639.6729	243.5179	1012.2515	-695.8148	9086.273	2421.1445	11635.001	-367.33734	1000.0	9103.824	2376.7512	11769.851	-348.34177	1000.0	0.23477377	812000	-0.06151411
204	-639.8559	62.382397	640.6735	243.54591	1017.8583	-765.23	640.6746	243.54716	1020.30316	-695.8148	9096.101	2419.262	11635.001	-367.33734	1000.0	9115.096	2376.3892	11769.851	-348.34177	1000.0	0.23501277	816000	-0.061211415
205	-640.85205	62.481068	641.67194	243.57365	1017.8583	-765.23	641.6731	243.57492	1020.30316	-695.8148	9106.872	2418.2642	11635.001	-367.33734	1000.0	9125.739	2375.489	11769.851	-348.34177	1000.0	0.23526485	820000	-0.06087312
206	-641.83997	62.57928	642.66235	243.59987	1017.8583	-765.23	642.6635	243.60133	1020.30316	-695.8148	9116.671	2416.4922	11635.001	-367.33734	1000.0	9136.716	2374.9587	11769.851	-348.34177	1000.0	0.2354973	824000	-0.06059037
207	-642.82367	62.68288	643.64844	243.6262	1017.8583	-765.23	643.64954	243.62694	1020.30316	-695.8148	9126.743	2415.0205	11635.001	-367.33734	1000.0	9145.863	2372.8684	11769.851	-348.34177	1000.0	0.2357272	828000	-0.0602925
208	-643.80365	62.7671	644.6306	243.65419	1017.8583	-765.23	644.6317	243.65514	1020.30316	-695.8148	9137.26	2413.9595	11635.001	-367.33734	1000.0	9155.601	2371.3196	11769.851	-348.34177	1000.0	0.23593813	832000	-0.06003042
209	-644.7791	62.87236	645.6084	243.68282	1017.8583	-765.23	645.6096	243.68376	1020.30316	-695.8148	9147.262	2412.5024	11635.001	-367.33734	1000.0	9165.716	2370.1487	11769.851	-348.34177	1000.0	0.2361689	836000	-0.059699647
210	-645.7473	62.973194	646.5791	243.7081	1017.8583	-765.23	646.5804	243.70985	1020.30316	-695.8148	9157.027	2410.9033	11635.001	-367.33734	1000.0	9176.786	2369.9797	11888.926	-348.34177	1000.0	0.23640412	840000	-0.059440047
211	-646.7112	63.073242	647.5453	243.73285	1017.8583	-765.23	647.5464	243.73442	1020.30316	-695.8148	9167.039	2409.5754	11635.001	-367.33734	1000.0	9186.751	2368.7834	11888.926	-348.34177	1000.0	0.23661283	844000	-0.05915263
212	-647.67096	63.148197	648.5072	243.75896	1017.8583	-765.23	648.50824	243.76033	1020.30316	-695.8148	9176.13	2407.5488	11635.001	-367.33734	1000.0	9193.431	2369.259	11888.926	-348.34177	1000.0	0.23683515	848000	-0.05886579
213	-648.6279	63.20918	649.46643	243.78375	1017.96576	-765.23	649.46747	243.78535	1020.30316	-695.8148	9186.186	2406.3943	11635.001	-367.33734	1000.0	9203.01	2368.0444	11888.926	-348.34177	1000.0	0.23702922	852000	-0.058578856
214	-649.58093	63.282555	650.42175	243.80989	1017.96576	-765.23	650.4227	243.81071	1020.30316	-695.8148	9195.989	2405.0254	11635.001	-367.33734	1000.0	9209.96	2368.757	11888.926	-348.34177	1000.0	0.2372251	856000	-0.058342874
215	-650.5313	63.380615	651.37445	243.83722	1017.96576	-765.23	651.37537	243.83815	1020.30316	-695.8148	9205.224	2403.2527	11635.001	-367.33734	1000.0	9218.925	2366.9006	11888.926	-348.34177	1000.0	0.23743126	860000	-0.058003433
216	-651.4771	63.46865	652.3224	243.86223	1017.96576	-765.23	652.3232	243.8635	1020.30316	-695.8148	9214.535	2401.574	11635.001	-367.33734	1000.0	9227.891	2365.124	11888.926	-348.34177	1000.0	0.23764308	864000	-0.05775484
217	-652.41504	63.543427	653.2626	243.8852	1017.96576	-765.23	653.26337	243.8863	1020.30316	-695.8148	9224.117	2400.1733	11635.001	-367.33734	1000.0	9237.832	2364.1992	11888.926	-348.34177	1000.0	0.2378607	868000	-0.057485208
218	-653.3476	63.608196	654.19745	243.90712	1020.6451	-765.23	654.19824	243.90833	1020.30316	-695.8148	9234.232	2399.299	11635.001	-367.33734	1000.0	9246.129	2361.9578	11888.926	-348.34177	1000.0	0.23805952	872000	-0.0572074
219	-654.2755	63.691658	655.1276	243.92921	1020.6451	-765.23	655.12854	243.93068	1020.30316	-695.8148	9243.175	2397.4668	11635.001	-367.33734	1000.0	9255.738	2360.9053	11888.926	-348.34177	1000.0	0.238272	876000	-0.056952987
220	-655.2006	63.756737	656.05505	243.95032	1020.6451	-765.23	656.05597	243.95216	1021.1938	-695.8148	9252.616	2396.0947	11635.001	-367.33734	1000.0	9265.54	2360.0195	11888.926	-348.34177	1000.0	0.2384765	880000	-0.056691248
221	-656.1218	63.837276	656.9786	243.97214	1020.6451	-765.23	656.9795	243.97325	1021.1938	-695.8148	9261.641	2394.464	11635.001	-367.33734	1000.0	9275.817	2359.614	11888.926	-348.34177	1000.0	0.23868108	884000	-0.056448933
222	-657.03845	63.931717	657.8976	243.99292	1020.6451	-765.23	657.89844	243.99419	1021.1938	-695.8148	9270.288	2392.5283	11635.001	-367.33734	1000.0	9282.963	2356.707	11888.926	-348.34177	1000.0	0.2388851	888000	-0.056182947
223	-657.9511	63.98888	658.81244	244.01482	1022.3525	-765.23	658.81323	244.01617	1021.1938	-695.8148	9279.48	2391.1274	11661.266	-367.33734	1000.0	9291.101	2354.5762	11888.926	-348.34177	1000.0	0.2390808	892000	-0.05591927
224	-658.8637	64.05515	659.727	244.03793	1022.3525	-765.23	659.7278	244.03888	1021.1938	-695.8148	9288.715	2389.783	11661.266	-367.33734	1000.0	9300.579	2353.5945	11888.926	-348.34177	1000.0	0.23927423	896000	-0.05568923
225	-659.77057	64.11164	660.6356	244.06198	1022.56335	-765.23	660.6364	244.06323	1024.3008	-695.8148	9297.914	2388.4822	11708.923	-367.33734	1000.0	9308.842	2351.6316	11888.926	-348.34177	1000.0	0.23945348	900000	-0.05544139
226	-660.67725	64.193436	661.54425	244.08524	1022.56335	-765.23	661.54504	244.0867	1024.3008	-695.8148	9307.124	2387.2024	11708.923	-367.33734	1000.0	9318.15	2350.5986	11888.926	-348.34177	1000.0	0.23964192	904000	-0.055166516
227	-661.5791	64.25919	662.4479	244.1091	1025.8921	-765.23	662.4487	244.10986	1027.8416	-695.8148	9316.76	2386.3435	11708.923	-367.33734	1000.0	9327.054	2349.247	11888.926	-348.34177	1000.0	0.23981477	908000	-0.054921124
228	-662.4782	64.31844	663.34894	244.13222	1025.8921	-765.23	663.34973	244.13318	1027.8416	-695.8148	9325.999	2385.1877	11708.923	-367.33734	1000.0	9336.829	2348.738	11888.926	-348.34177	1000.0	0.23998609	912000	-0.054689806
229	-663.3744	64.387436	664.2471	244.15681	1026.9589	-765.23	664.2478	244.15822	1027.8416	-695.8148	9334.898	2383.768	11708.923	-367.33734	1000.0	9346.435	2348.1082	11888.926	-348.34177	1000.0	0.240158	916000	-0.054460663
230	-664.268	64.43071	665.1425	244.18178	1027.2861	-765.23	665.14325	244.18298	1027.8416	-695.8148	9344.03	2382.5964	11708.923	-367.33734	1000.0	9354.354	2346.0957	11888.926	-348.34177	1000.0	0.24033065	920000	-0.054196235
231	-665.1573	64.49562	666.0339	244.20778	1027.7258	-765.23	666.0346	244.20905	1029.302	-695.8148	9352.75	2381.1194	11708.923	-367.33734	1000.0	9363.913	2345.5103	11888.926	-348.34177	1000.0	0.24050696	924000	-0.053987674
232	-666.0437	64.55239	666.9218	244.23248	1027.7258	-765.23	666.9225	244.2339	1029.302	-695.8148	9361.007	2379.357	11708.923	-367.33734	1000.0	9372.512	2344.103	11888.926	-348.34177	1000.0	0.24064904	928000	-0.053738117
233	-666.9278	64.596794	667.8076	244.25816	1031.3921	-765.23	667.8083	244.25955	1029.302	-695.8148	9369.807	2378.0342	11708.923	-367.33734	1000.0	9381.45	2343.0618	11894.572	-348.34177	1000.0	0.24081148	932000	-0.05351516
234	-667.80914	64.64484	668.69073	244.28375	1031.3921	-765.23	668.69147	244.2854	1030.0677	-695.8148	9378.815	2376.9712	11742.208	-367.33734	1000.0	9389.829	2341.6387	11894.572	-348.34177	1000.0	0.2409762	936000	-0.05327778
235	-668.6854	64.70399	669.56885	244.3091	1032.7786	-765.23	669.5696	244.31055	1033.4795	-695.8148	9387.332	2375.509	11742.208	-367.33734	1000.0	9398.02	2340.023	11894.572	-348.34177	1000.0	0.24113879	940000	-0.05303894
236	-669.55945	64.75502	670.4447	244.33415	1032.7786	-765.23	670.44543	244.33565	1034.9159	-695.8148	9395.775	2374.0435	11742.208	-367.33734	1000.0	9407.482	2339.5703	11894.572	-348.34177	1000.0	0.24131286	944000	-0.052825358
237	-670.4342	64.79426	671.32117	244.36221	1039.8805	-765.23	671.32184	244.36374	1034.9159	-695.8148	9404.345	2372.6934	11742.208	-367.33734	1000.0	9416.96	2339.1738	11894.572	-348.34177	1000.0	0.24146427	948000	-0.05260645
238	-671.3043	64.85386	672.19293	244.3882	1039.8805	-765.23	672.1936	244.39018	1034.9159	-695.8148	9413.409	2371.82	11742.208	-367.33734	1000.0	9425.8125	2338.2517	11894.572	-348.34177	1000.0	0.24162129	952000	-0.05237843
239	-672.1701	64.909584	673.0604	244.41513	1039.8805	-765.23	673.0611	244.41678	1034.9159	-695.8148	9421.766	2370.3757	11742.208	-367.33734	1000.0	9435.222	2337.8796	11894.572	-348.34177	1000.0	0.2417727	956000	-0.05213928
240	-673.0282	64.97225	673.9206	244.43616	1039.8805	-765.23	673.9212	244.43785	1034.9159	-695.8148	9430.476	2369.2888	11742.208	-367.33734	1000.0	9444.315	2337.267	11894.572	-348.34177	1000.0	0.24196005	960000	-0.051930014
241	-673.8799	65.0113	674.7738	244.45605	1039.8805	-765.23	674.7745	244.45724	1034.9159	-695.8148	9439.26	2368.2969	11742.208	-367.33734	1000.0	9453.148	2336.4482	11894.572	-348.34177	1000.0	0.2421156	964000	-0.05174328
242	-674.73	65.048225	675.6255	244.47742	1039.8805	-765.23	675.62616	244.47902	1035.4235	-695.8148	9448.235	2367.5083	11742.208	-367.33734	1000.0	9462.171	2335.85	11904.822	-348.34177	1000.0	0.24225713	968000	-0.051510278
243	-675.5768	65.08653	676.474	244.49913	1039.8805	-765.23	676.4747	244.50064	1037.5005	-695.8148	9456.234	2365.9265	11742.208	-367.33734	1000.0	9471.228	2335.3171	11904.822	-348.34177	1000.0	0.24241047	972000	-0.051286798
244	-676.4187	65.12305	677.31757	244.52156	1039.8805	-765.23	677.31824	244.52316	1037.5005	-695.8148	9456.914	2368.383	11742.208	-367.33734	1000.0	9479.518	2334.1257	11904.822	-348.34177	1000.0	0.24257499	976000	-0.0510957
245	-677.2567	65.16579	678.15704	244.54573	1039.8805	-765.23	678.1577	244.54692	1037.7197	-695.8148	9465.207	2367.127	11772.313	-367.33734	1000.0	9478.913	2339.7688	11904.822	-348.34177	1000.0	0.24272685	980000	-0.050864615
246	-678.091	65.22367	678.9936	244.56848	1039.8805	-765.23	678.99426	244.56987	1037.7197	-695.8148	9473.092	2365.5815	11772.313	-367.33734	1000.0	9486.82	2338.354	11904.822	-348.34177	1000.0	0.242886	984000	-0.050649047
247	-678.9211	65.26834	679.82526	244.5891	1039.8805	-765.23	679.8258	244.59073	1037.7197	-695.8148	9480.257	2363.5103	11772.313	-367.33734	1000.0	9492.291	2337.0125	11904.822	-348.34177	1000.0	0.24303181	988000	-0.050422356
248	-679.74744	65.322495	680.6533	244.61018	1039.8805	-765.23	680.65393	244.61143	1037.7197	-695.8148	9488.379	2362.205	11772.313	-367.33734	1000.0	9499.461	2335.032	11904.822	-348.34177	1000.0	0.2431914	992000	-0.050231148
249	-680.56683	65.3733	681.4745	244.62947	1041.2274	-765.23	681.4751	244.6304	1041.449	-695.8148	9496.101	2360.6135	11772.313	-367.33734	1000.0	9507.612	2333.887	11904.822	-348.34177	1000.0	0.24334627	996000	-0.050043587
250	-681.3825	65.42926	682.29175	244.64679	1041.7769	-765.23	682.29236	244.64856	1041.449	-695.8148	9504.035	2359.314	11772.313	-367.33734	1000.0	9515.539	2332.5981	11904.822	-348.34177	1000.0	0.24347942	1000000	-0.049844395
