epoch	pi-loss	v-loss	average-v-values	std-v-values	max-v-values	min-v-values	kl	average-episode-return	std-episode-return	max-episode-return	min-episode-return	episode-length	total-env-interacts
1	8.135604	1034.5922	-3.975396	0.8047918	0.25259283	-5.341435	0.015083868	-356.4467	64.720535	-274.37463	-454.96326	1000.0	4000
2	7.517469	791.84863	-9.117795	0.16193095	-6.854031	-9.234816	0.015906118	-358.4596	94.10737	-241.32912	-481.6553	1000.0	8000
3	6.0851593	698.05457	-12.285628	0.06792999	-11.061237	-12.326608	0.015094606	-363.8377	74.7893	-280.0707	-480.1538	1000.0	12000
4	6.3638935	964.77014	-15.290598	0.063591935	-13.668892	-15.315815	0.015012002	-398.10312	61.92423	-323.54187	-473.31888	1000.0	16000
5	3.7259655	530.219	-17.199823	0.029426472	-16.775879	-17.216005	0.016879272	-326.31973	20.732367	-303.26382	-350.40088	1000.0	20000
6	2.302814	345.4353	-18.641111	0.031314395	-18.117104	-18.65869	0.012982813	-294.65143	76.852844	-201.07697	-408.05856	1000.0	24000
7	3.287517	623.2607	-20.444448	0.027600165	-19.93727	-20.45751	0.015085854	-340.7322	148.25427	-170.50476	-578.01184	1000.0	28000
8	2.1327627	313.81244	-21.557644	0.04534971	-20.079958	-21.574205	0.015133794	-295.36957	53.674263	-242.7131	-382.89322	1000.0	32000
9	0.41981944	296.62674	-22.154594	0.026029354	-21.77485	-22.163416	0.015010925	-268.9027	34.906563	-225.5655	-309.34955	1000.0	36000
10	0.026109695	197.09796	-22.310179	0.051968765	-20.737303	-22.325712	0.013035019	-262.11322	84.2765	-178.75972	-379.39133	1000.0	40000
11	1.4226514	274.3525	-23.347996	0.017579693	-22.608183	-23.354774	0.015051832	-316.68976	60.751617	-248.39687	-414.4966	1000.0	44000
12	-1.141937	246.99063	-22.749792	0.047108464	-21.433805	-22.760824	0.015064506	-226.12671	38.316174	-190.74025	-283.4376	1000.0	48000
13	-0.23904827	301.892	-22.719446	0.14836286	-17.095297	-22.741156	0.015733398	-238.24362	72.32757	-171.99242	-359.78708	1000.0	52000
14	-1.5443292	267.1302	-21.531	1.5367723	0.2321282	-21.860403	0.015015127	-205.71852	102.95179	-32.733627	-291.8503	1000.0	56000
15	-2.2363272	165.94733	-18.064117	2.9054852	1.752708	-20.631142	0.015014577	-162.24442	55.505997	-99.13354	-235.97536	1000.0	60000
16	-1.5970254	177.51562	-13.906949	2.5063725	6.6055465	-19.986002	0.015010331	-148.12827	92.70667	-27.752478	-271.97168	1000.0	64000
17	-0.21341136	177.3489	-14.355913	1.704194	-3.0458028	-19.92647	0.015027745	-158.58453	92.48598	-31.974699	-265.54053	1000.0	68000
18	-1.381253	96.08341	-10.011714	1.6276723	-3.4725144	-19.188885	0.015036958	-111.88817	41.70873	-84.29793	-183.94281	1000.0	72000
19	0.25570202	105.683945	-12.289896	0.9373458	-8.211109	-19.313868	0.015013538	-132.83481	30.353258	-113.454254	-185.32191	1000.0	76000
20	-0.31590194	132.7269	-12.559158	0.8315999	-8.224762	-18.672352	0.014676292	-129.09363	55.481926	-52.089764	-207.32974	1000.0	80000
21	-1.0022131	79.56818	-10.2735195	0.9387914	0.34330308	-17.67019	0.0142442705	-105.66255	22.566345	-91.05943	-144.71054	1000.0	84000
22	-1.2886562	66.50557	-6.4379063	1.0499551	-0.39398298	-15.068093	0.015093509	-70.94955	20.516787	-35.518898	-85.1247	1000.0	88000
23	-0.76634854	78.37657	-5.116792	0.9814539	-0.0050956905	-14.763373	0.015070233	-43.864094	34.629932	-1.0926186	-93.78356	1000.0	92000
24	1.3553672	185.53674	-10.6370125	3.34254	-2.3601604	-19.735346	0.015559383	-119.3726	96.45453	-17.428904	-266.11966	1000.0	96000
25	-1.1799152	87.6662	-6.179119	1.1154563	-2.5331697	-13.53206	0.01501423	-70.08771	10.188792	-59.81792	-86.94584	1000.0	100000
26	2.0147896	232.24234	-13.0941105	2.7307217	6.861968	-17.94146	0.018368676	-147.32721	98.651665	-5.1353025	-265.76022	1000.0	104000
27	-2.4732678	149.43231	-2.6961758	1.7805555	4.475045	-16.745651	0.015131801	-58.352264	65.37054	8.285878	-161.6792	1000.0	108000
28	-0.06264044	91.8469	-2.9213717	1.3122469	1.8056252	-17.27986	0.015578921	-29.882128	17.29334	-11.756718	-57.773277	1000.0	112000
29	1.1224849	132.99234	-7.4640093	1.2914765	-4.5223203	-16.200447	0.015942108	-83.2672	29.763844	-44.24708	-126.4229	1000.0	116000
30	-1.8567278	94.68587	-1.345649	1.2616918	3.53052	-12.652928	0.015062627	-21.074095	42.21435	30.599678	-86.337654	1000.0	120000
31	0.06067221	104.24452	-2.1590047	0.95722353	1.4575738	-13.739744	0.015349108	-23.528982	20.779005	3.224573	-53.413	1000.0	124000
32	-1.1485014	111.78574	0.38401893	1.0886165	8.931481	-13.830418	0.015065754	11.507298	41.515232	67.70151	-44.461575	1000.0	128000
33	-0.05990845	166.0326	0.12521385	1.1060549	5.1275115	-13.124216	0.015110975	-10.240834	61.1922	50.50176	-111.293396	1000.0	132000
34	-1.0753828	119.42459	1.956625	1.2817019	11.478224	-10.208525	0.015119383	31.282759	30.872934	66.99952	-5.4598	1000.0	136000
35	-1.0919951	113.50127	4.6692843	1.9531919	17.328682	-8.104183	0.015062967	53.355835	75.52681	128.94289	-68.952286	1000.0	140000
36	-1.0019004	60.481724	6.525248	1.5583717	14.47452	-9.005432	0.015053442	83.45497	37.244568	139.56647	34.82584	1000.0	144000
37	-0.32513893	73.40598	7.20474	1.3382514	13.42831	-5.334405	0.015025754	73.77499	54.259186	159.28958	16.33141	1000.0	148000
38	0.45771933	165.7219	4.4534483	1.0369836	8.599324	-2.203173	0.0154216215	44.652626	37.395374	92.743256	3.0738125	1000.0	152000
39	1.357202	391.54703	0.2862959	11.1502495	14.5974455	-21.490404	0.015250998	-32.90129	215.17906	144.00427	-399.76886	1000.0	156000
40	-1.1673295	128.86331	9.194274	1.5502946	14.375084	-0.7874361	0.015236406	97.65463	29.700409	147.79099	70.27007	1000.0	160000
41	1.8632549	151.582	1.5610936	1.1787609	6.4245586	-5.4130583	0.015387208	23.89407	47.58763	87.57084	-24.32757	1000.0	164000
42	-1.9754528	171.08423	7.1666093	1.0126489	12.526808	-0.82737184	0.015080659	85.27287	45.103676	138.36203	21.2469	1000.0	168000
43	-1.7830784	99.43505	12.684214	1.4968235	17.732084	4.032061	0.01505631	139.77393	48.466198	211.96988	75.43911	1000.0	172000
44	1.0403119	146.08762	8.0536995	0.99689764	11.573453	0.6837314	0.017324394	92.10504	30.415567	131.89035	49.11944	1000.0	176000
45	-0.63496506	136.99762	9.000762	0.92789465	12.440241	2.7310412	0.015138919	104.01572	48.182808	146.10486	26.055746	1000.0	180000
46	-0.79579294	166.32669	10.429166	1.0015217	15.770124	4.7720156	0.015034691	119.77174	35.64393	155.19965	75.9674	1000.0	184000
47	-0.005452074	178.51114	9.615627	0.9435549	13.390251	4.042663	0.015025647	101.41654	56.965675	194.48758	41.41705	1000.0	188000
48	-1.2039673	185.0444	12.424525	1.0660324	16.886076	6.3831687	0.015026901	144.30089	28.512804	177.9193	99.68817	1000.0	192000
49	-0.9752252	169.74945	14.805024	1.4494845	19.63194	0.34920877	0.015146403	161.58475	78.34746	273.84845	52.34498	1000.0	196000
50	-0.6780771	79.70975	16.637005	0.92254496	19.713928	8.219386	0.015089002	175.79031	15.356608	194.33125	157.08127	1000.0	200000
51	2.3448877	362.2441	7.353536	1.32945	11.166664	0.0037682056	0.01564508	78.3687	66.13354	158.60843	-10.918467	1000.0	204000
52	-1.2685809	394.24866	9.330575	6.340595	19.5929	-12.468027	0.015022477	119.905556	133.21973	247.79752	-101.17246	1000.0	208000
53	-0.3379289	446.06927	10.242223	5.1697426	18.459267	-11.279418	0.015102683	104.29452	110.09739	222.51639	-75.63519	1000.0	212000
54	-2.7189033	134.7822	20.188114	1.4738343	22.97971	3.5841417	0.015029604	230.26358	15.05723	247.73976	206.40811	1000.0	216000
55	0.017579556	255.46666	18.747835	1.4510438	22.190905	-1.3876004	0.016549379	213.28564	47.596954	284.80002	157.0715	1000.0	220000
56	1.0094452	257.7619	14.612303	1.7748891	20.610731	2.168497	0.015425775	150.34856	89.70315	254.33978	11.5673685	1000.0	224000
57	-3.464601	151.82114	25.25058	1.0818412	25.689184	4.2297244	0.01507041	282.7397	30.001423	322.21832	243.7366	1000.0	228000
58	0.93738616	181.95337	21.326246	1.4189832	23.637175	6.8955603	0.015980396	238.97748	64.95129	307.354	138.74933	1000.0	232000
59	0.97868645	181.75491	18.245192	1.1205264	22.178484	9.28847	0.015762348	183.96965	35.94951	232.0247	133.23027	1000.0	236000
60	0.8514669	485.30414	13.68172	1.5649045	18.68507	2.8207262	0.01661274	155.46692	72.70274	267.7407	65.35036	1000.0	240000
61	-1.2223893	282.45392	16.275984	1.0619421	21.083344	8.882229	0.01509117	187.26773	63.300884	260.43298	98.71571	1000.0	244000
62	-1.7500882	381.20508	22.368305	1.0436146	24.446684	6.947019	0.015446063	238.20667	77.877846	340.8161	149.6705	1000.0	248000
63	-1.411495	217.89105	26.026476	0.7022448	26.761599	16.706211	0.015021569	291.5276	15.154246	306.23154	270.7314	1000.0	252000
64	1.088381	317.66876	22.449211	1.0063844	24.352932	12.9963255	0.015545094	232.50705	71.76099	348.14835	155.2925	1000.0	256000
65	-1.7114898	286.2477	26.3008	0.7143098	27.180798	12.483869	0.015096613	300.94864	49.30117	359.1208	232.81668	1000.0	260000
66	1.4614277	495.94516	20.73069	2.6257155	24.14683	1.1747155	0.015104247	218.44028	116.02127	301.20468	18.405842	1000.0	264000
67	2.1911907	308.3856	13.353273	20.34343	27.011812	-23.93699	0.018493544	121.77675	315.56775	343.42773	-422.90796	1000.0	268000
68	0.023665905	507.38495	13.665289	20.559107	28.046503	-25.316868	0.015800413	138.30063	266.85583	390.96402	-271.99936	1000.0	272000
69	5.954727	818.35754	10.334357	21.647907	26.59086	-27.515532	0.01625793	16.05729	451.5131	356.72073	-759.3255	1000.0	276000
70	-2.1837037	219.75528	27.81016	1.5605	29.045137	-0.9600232	0.015109301	325.8834	48.631874	364.19205	242.38687	1000.0	280000
71	-0.40955657	335.78113	26.874914	3.3762374	29.13027	-4.8623614	0.01509046	303.00827	126.089905	399.22687	86.13159	1000.0	284000
72	-2.3566039	222.09741	31.58457	1.149999	31.988972	1.0017302	0.015060585	374.7605	22.450724	404.72482	351.13086	1000.0	288000
73	-0.6671057	274.94202	32.545597	1.1452023	32.960682	9.509421	0.015180824	356.14386	63.361168	418.751	278.24387	1000.0	292000
74	-0.6534065	187.72751	33.683617	0.74716395	33.95887	20.027555	0.0151182385	366.3541	53.50628	452.78748	306.02823	1000.0	296000
75	0.3288349	375.1604	32.09061	1.5692902	32.759357	7.2740946	0.015361629	340.3155	99.02484	486.36157	207.43803	1000.0	300000
76	-0.12187475	351.95572	31.987429	1.194003	32.590683	17.231709	0.01524434	335.5732	65.57358	429.01294	263.3819	1000.0	304000
77	3.92361	623.85315	15.265342	19.70219	29.594358	-25.790194	0.018023133	177.97656	259.69107	390.76102	-266.5413	1000.0	308000
78	-3.4223733	333.92447	32.723305	1.4174703	33.220192	13.289431	0.015122666	391.91284	112.17882	519.5448	228.41512	1000.0	312000
79	-0.8251631	714.00195	26.934921	13.100466	32.61689	-27.44558	0.015326508	326.74258	168.63234	474.681	41.99072	1000.0	316000
80	-4.2373505	426.3144	37.936424	0.36051905	38.08316	30.226936	0.01500305	488.95483	16.654566	510.6289	463.7834	1000.0	320000
81	3.1434608	1450.0826	19.689201	22.962557	35.62445	-36.012856	0.015377998	196.07944	318.4394	490.76462	-325.08752	1000.0	324000
82	-3.1302252	381.8924	36.87691	0.9867034	37.29592	1.7141742	0.015073371	425.63074	72.9452	497.80127	337.33606	1000.0	328000
83	-0.64986676	315.05374	37.790573	0.7033057	38.151077	26.691568	0.0152995065	409.11923	102.18726	551.56226	301.8544	1000.0	332000
84	-1.0724883	300.3341	39.146233	0.69426495	39.435383	28.15452	0.015036688	434.57635	31.522139	469.8623	384.73996	1000.0	336000
85	0.49531412	515.5884	38.08393	2.1197875	38.868835	1.9838443	0.017228913	402.58926	164.24649	570.25085	147.43942	1000.0	340000
86	1.2897035	367.22214	32.02594	1.8395994	36.821198	16.209383	0.015440718	348.62274	88.51117	484.90616	262.43655	1000.0	344000
87	-1.405437	448.9507	34.96588	1.3292354	37.549686	23.421206	0.015019938	389.87207	78.54793	524.15137	324.5191	1000.0	348000
88	-3.3029485	309.6364	40.956665	0.34593105	41.133057	33.438694	0.0152441785	501.01666	47.472572	549.5111	437.06116	1000.0	352000
89	-0.5027164	326.59918	41.681366	0.46028033	41.886467	33.153267	0.015107199	448.49905	42.03188	509.3428	396.75323	1000.0	356000
90	-1.086676	380.92395	42.662067	0.9143114	42.89121	-0.069863215	0.015185185	482.41263	104.08678	583.90564	321.18213	1000.0	360000
91	0.2516995	1488.761	27.99707	27.696798	41.220196	-41.174873	0.015094561	310.78564	361.13275	561.45276	-313.0476	1000.0	364000
92	-2.0926354	513.9536	43.364414	0.65832037	43.62913	31.378698	0.015385184	491.2406	84.65948	590.81915	359.8446	1000.0	368000
93	-0.6433433	320.7965	43.83064	0.6593869	44.080994	32.352585	0.015374433	485.8183	63.540565	571.7503	413.3431	1000.0	372000
94	0.97024584	267.31476	41.424767	1.0048774	41.950596	29.38553	0.015252162	422.4023	6.747286	430.50204	411.88812	1000.0	376000
95	0.36681956	1077.8947	32.80026	18.670301	42.18461	-17.640139	0.015942208	391.3641	241.56508	588.09235	-22.268711	1000.0	380000
96	0.022183567	411.95825	39.025455	1.9086177	41.460545	17.781641	0.015289106	435.37567	77.28811	510.20105	306.59918	1000.0	384000
97	2.1034737	883.23663	23.48026	13.878387	39.718166	-16.035942	0.015184951	264.56506	202.08801	427.8512	-68.98567	1000.0	388000
98	-5.140023	377.4447	43.202038	0.6276864	43.470657	28.637508	0.015044421	508.33698	40.84486	559.17737	448.01755	1000.0	392000
99	-1.4370282	396.7027	44.79875	0.44878063	44.981926	31.207823	0.015070931	512.19977	52.92902	548.0622	420.7122	1000.0	396000
100	-0.810021	359.57355	45.471165	0.6385176	45.681488	30.492216	0.015021143	504.67322	90.24391	599.70447	357.40564	1000.0	400000
101	-1.7835732	249.16971	48.01394	0.27753514	48.140076	41.8912	0.0150242075	554.85834	63.42734	633.90924	457.06815	1000.0	404000
102	-1.1111015	301.234	49.822376	0.30746326	49.954018	42.790215	0.015091237	553.31757	56.090366	647.90106	506.3838	1000.0	408000
103	1.2315013	757.4091	43.17207	6.3278213	46.298103	3.7923012	0.015336754	445.28268	99.18847	535.74835	282.20758	1000.0	412000
104	-1.9529893	386.63806	47.99181	0.25475347	48.130775	43.00927	0.015149191	545.893	65.31991	633.8657	450.18915	1000.0	416000
105	-1.3458437	380.19202	50.09518	0.2658926	50.22274	45.884842	0.015150935	563.37195	95.4679	709.0542	458.1701	1000.0	420000
106	0.65420204	667.9746	48.611233	0.7278201	48.88224	36.842827	0.015747488	515.18115	60.98805	580.2875	428.57217	1000.0	424000
107	-1.1471281	442.27655	49.967663	0.365941	50.114334	41.01906	0.015214439	561.0565	76.387375	640.5032	473.53696	1000.0	428000
108	2.4937456	961.9829	36.801064	9.723449	46.70571	2.9037716	0.015452666	414.46957	178.60838	620.51935	137.62134	1000.0	432000
109	-1.3682375	546.41315	41.583515	5.796941	47.041786	4.471682	0.01506131	479.9136	128.48058	604.80084	269.19574	1000.0	436000
110	-3.8252754	584.4838	50.634045	0.45947808	50.79469	41.285484	0.015076511	600.93726	88.607185	709.2154	502.58582	1000.0	440000
111	3.663237	541.4886	28.579512	38.556095	51.039883	-43.446568	0.016078772	312.669	435.0836	610.4693	-437.77585	1000.0	444000
112	0.66145843	912.3893	31.141102	22.202372	48.313057	-32.065308	0.017997453	367.08148	262.04767	585.69495	-59.193493	1000.0	448000
113	-0.4454006	839.048	34.04068	10.426168	47.362965	-14.414117	0.015058445	387.96048	174.75766	605.8729	175.93207	1000.0	452000
114	3.126024	1413.5889	18.691418	41.23919	51.76795	-51.66478	0.015245188	103.80464	647.3613	689.8691	-978.6951	1000.0	456000
115	1.6167296	1758.4001	24.98959	22.707003	48.72348	-50.06269	0.016390719	325.3466	303.47946	557.95636	-183.3891	1000.0	460000
116	-3.4248834	851.72797	41.34604	14.272435	51.313377	-14.175582	0.015099425	453.4668	221.31697	658.94	83.34104	1000.0	464000
117	-0.15968138	1262.9441	36.86407	17.43228	51.245274	-14.286236	0.015372841	422.03278	284.33914	714.34436	-30.714169	1000.0	468000
118	-3.5313396	619.1448	52.190125	2.1215796	53.77884	12.556101	0.015326747	600.0627	120.4537	742.7821	416.81876	1000.0	472000
119	2.386468	708.988	32.40255	32.95403	53.702423	-38.646942	0.015022496	349.47876	389.6559	660.7097	-315.64536	1000.0	476000
120	0.34658518	663.1714	28.287844	35.028854	53.603657	-41.411156	0.015630296	331.1867	405.8548	627.2873	-368.5917	1000.0	480000
121	-3.1871917	526.4879	54.685837	1.9712752	55.811005	19.739307	0.015160441	619.1395	70.968094	720.1166	533.15674	1000.0	484000
122	0.61306775	1556.0679	23.88286	28.718035	52.074024	-26.350714	0.0153333545	279.25656	384.06674	787.2907	-213.95363	1000.0	488000
123	1.4373832	1379.0851	17.46557	26.450998	51.11465	-31.935926	0.0154683795	204.81718	353.58432	519.7406	-384.4758	1000.0	492000
124	-7.176793	472.6374	54.441914	1.4146173	55.659805	36.680214	0.015118763	655.7754	79.01036	784.63153	582.5241	1000.0	496000
125	-0.6873005	475.70166	55.389484	1.4861329	56.460915	37.39705	0.015197765	604.2305	85.15855	666.7398	459.8119	1000.0	500000
126	-1.4320415	341.71216	57.30681	0.9131783	57.624817	37.974197	0.015107655	648.2426	58.0738	746.9398	602.0417	1000.0	504000
127	1.4874374	1172.6619	42.72285	21.176651	54.089855	-20.375212	0.015633825	449.04175	281.96188	686.89325	-29.975315	1000.0	508000
128	-5.9386625	735.40594	59.819275	0.43570372	59.949272	45.528503	0.015184359	771.51025	73.93001	891.40454	689.92175	1000.0	512000
129	-0.39769077	298.01184	60.19082	0.43924353	60.340637	49.91897	0.015120006	652.4752	17.88573	677.1538	630.0349	1000.0	516000
130	-1.5828048	374.7052	61.671738	0.228528	61.773243	56.967606	0.015148165	701.63086	59.254055	801.99976	647.977	1000.0	520000
131	5.088378	1937.5878	32.40538	43.69804	59.70544	-58.93839	0.017936662	353.82584	547.90967	745.6292	-582.1474	1000.0	524000
132	-4.326126	443.81424	62.121845	0.5681998	62.360912	52.961273	0.015274867	731.386	67.19355	803.4461	638.74603	1000.0	528000
133	3.2701273	1300.3397	41.491707	25.938194	59.503635	-20.9266	0.016498733	428.4546	332.41687	762.6349	-72.2513	1000.0	532000
134	-1.0137957	478.03052	56.212234	2.1145194	59.180874	34.378773	0.015284699	597.0973	66.77146	683.1465	509.9085	1000.0	536000
135	-3.2681255	531.2479	61.376305	1.1249833	61.770805	43.89554	0.015110124	727.44006	87.88131	859.03516	612.18396	1000.0	540000
136	-1.2740738	487.08252	63.11305	0.6497858	63.381382	50.78661	0.015055369	696.1414	86.12536	842.19635	618.8638	1000.0	544000
137	-1.3411295	694.62695	64.53411	1.3442342	64.893524	37.76169	0.015201174	721.0327	148.78789	831.65405	466.89935	1000.0	548000
138	4.685133	2294.9102	28.302097	33.005035	60.683647	-59.936546	0.0155792795	320.79956	465.2491	729.27875	-470.06488	1000.0	552000
139	-1.5209091	1812.0093	28.014843	29.425438	60.066708	-24.650597	0.015364312	340.08234	416.62567	799.2322	-251.40358	1000.0	556000
140	-4.935338	1349.7765	54.53983	18.666283	62.444412	-8.824266	0.015132017	623.4774	266.583	801.8115	162.56483	1000.0	560000
141	1.4206936	908.42426	43.635906	32.53762	62.351837	-28.32252	0.015206397	466.50275	404.48038	745.4365	-231.90121	1000.0	564000
142	-0.4239776	1258.1836	45.984684	27.856522	61.987873	-21.676168	0.015147684	525.18604	347.13654	801.16064	-69.140015	1000.0	568000
143	-4.28255	659.58795	64.670456	1.367094	65.05874	41.418358	0.01511304	772.36914	50.51876	840.4412	711.3022	1000.0	572000
144	0.3197651	579.9848	63.929253	1.1305205	64.3466	41.54076	0.0153180715	677.0299	118.28836	874.4081	559.4413	1000.0	576000
145	0.5217973	1251.5381	56.756172	13.553158	61.878273	-15.430407	0.015459199	612.8983	169.44052	828.0154	354.91873	1000.0	580000
146	-4.345482	673.09875	65.54875	0.38353676	65.69403	59.49609	0.015050056	809.9294	48.089123	864.49054	746.18036	1000.0	584000
147	2.409731	1296.5477	50.58675	23.377691	62.620476	-13.606886	0.015609558	504.15588	289.38403	768.21875	14.491518	1000.0	588000
148	-5.6658034	803.1936	66.77116	0.6589327	66.935196	54.737045	0.015063674	862.9487	62.36083	963.716	795.09644	1000.0	592000
149	-2.954319	583.1417	69.70326	0.3498509	69.8109	62.726124	0.015030161	830.49146	20.24737	858.21423	809.50555	1000.0	596000
150	-2.0927725	888.975	70.509476	5.9746614	71.31267	-3.6094506	0.0150296725	816.07587	53.22869	883.6541	734.8251	1000.0	600000
