epoch	pi-loss	q-loss	average-q-values	std-q-values	max-q-values	min-q-values	average-episode-return	std-episode-return	max-episode-return	min-episode-return	episode-length	average-test-episode-return	std-test-episode-return	max-test-episode-return	min-test-episode-return	test-episode-length	total-env-interacts
1	-14.039289	1.7037404	12.26658	9.882163	54.197933	-19.760992	19.863825	17.439293	121.45992	3.0878596	23.529411	39.09266	0.75009686	40.298306	38.296955	22.3	4000
2	-49.631077	16.278679	44.696064	38.67641	151.54675	-67.702255	28.206305	37.263462	226.6044	3.0878596	26.845638	134.58061	95.60024	240.17064	38.296955	81.3	8000
3	-81.68148	40.86491	75.96666	55.693	218.59123	-172.29793	39.579514	57.304005	497.41116	3.0878596	34.383953	170.38821	93.19636	251.45747	38.296955	92.9	12000
4	-110.685715	69.79449	104.203606	71.03539	355.34702	-180.30501	39.38772	64.143486	497.41116	-2.1729968	34.482758	127.39824	109.8117	251.45747	-1.9001609	74.2	16000
5	-137.76843	92.37948	130.3607	87.51418	410.3168	-251.29861	43.571426	80.71564	878.2907	-2.1729968	37.807182	118.67002	102.29055	251.45747	-1.9001609	68.98	20000
6	-166.4611	119.09249	158.18521	106.744354	516.4195	-305.93927	49.055607	92.515884	878.2907	-2.1729968	42.857143	154.14238	122.99623	381.06464	-1.9001609	91.61667	24000
7	-196.40976	160.30257	187.33102	127.61058	691.5882	-371.31378	58.548782	112.99091	878.2907	-2.1729968	48.61111	185.95755	138.0086	385.62787	-1.9001609	105.97143	28000
8	-228.31198	207.66322	218.42993	150.1233	698.7709	-425.84863	68.45884	124.608185	878.2907	-2.1729968	53.60134	208.3158	144.04483	455.3293	-1.9001609	117.9375	32000
9	-260.1676	255.46352	249.6266	172.46292	739.7639	-529.1202	78.76992	132.50537	878.2907	-2.1729968	57.877815	223.79924	143.19908	455.3293	-1.9001609	123.37778	36000
10	-289.96292	298.59824	278.8755	192.41321	747.9848	-618.4343	88.66282	139.12599	878.2907	-2.1729968	61.63328	222.69809	135.91087	455.3293	-1.9001609	120.75	40000
11	-316.9168	335.70844	305.41763	208.87912	791.78076	-734.3878	96.59891	143.03763	878.2907	-2.1729968	65.2819	227.03636	136.07265	503.84872	-1.9001609	124.718185	44000
12	-339.8294	368.09616	328.08517	220.72385	816.51935	-734.3878	95.23807	141.26147	878.2907	-2.1729968	66.206894	234.90306	142.8038	626.7256	-1.9001609	131.275	48000
13	-358.95172	402.92474	347.02945	228.5034	816.7027	-785.3411	99.940285	145.83096	878.2907	-2.1729968	69.4259	255.57542	154.87825	626.7256	-1.9001609	140.15384	52000
14	-375.96432	424.86453	363.90982	234.28644	816.7027	-785.3411	104.81488	149.53204	878.2907	-2.1729968	73.202614	275.8203	170.90439	820.3965	-1.9001609	155.81429	56000
15	-390.21088	441.0148	378.11612	237.72464	816.7027	-785.3411	110.38154	153.76225	878.2907	-2.1729968	76.62835	290.23004	175.3687	820.3965	-1.9001609	164.46666	60000
16	-402.0922	452.57593	390.00497	239.50217	816.7027	-785.3411	115.91432	156.2947	878.2907	-2.1729968	79.503105	293.36298	171.72452	820.3965	-1.9001609	164.35	64000
17	-411.43555	458.55164	399.41754	239.77559	816.7027	-785.3411	121.836494	159.96045	878.2907	-2.1729968	82.324455	290.3731	167.05423	820.3965	-1.9001609	161.74706	68000
18	-418.42093	461.35822	406.49112	238.9589	816.7027	-785.3411	120.78014	158.10541	878.2907	-2.1729968	83.333336	280.29944	168.78258	820.3965	-1.9001609	160.87778	72000
19	-424.54333	463.38046	412.6628	237.86322	830.5998	-785.3411	120.93067	156.54381	878.2907	-2.1729968	85.39326	281.6697	182.0889	985.38025	-1.9001609	168.92105	76000
20	-430.4306	465.63547	418.59064	236.9488	830.5998	-785.3411	123.83447	162.65717	1007.4624	-2.1729968	88.79023	282.2302	179.18103	985.38025	-1.9001609	167.54	80000
21	-436.09045	466.1943	424.2941	235.99161	830.5998	-785.3411	128.21458	164.72353	1007.4624	-2.1729968	90.712746	286.19037	175.93738	985.38025	-1.9001609	166.5619	84000
22	-440.67374	465.71838	428.9723	234.57733	830.5998	-785.3411	133.6873	168.78441	1007.4624	-2.1729968	92.925026	292.5514	180.03627	985.38025	-1.9001609	172.83636	88000
23	-444.1951	464.07874	432.6003	232.71277	830.5998	-785.3411	137.29846	170.98033	1007.4624	-2.1729968	95.53479	313.99026	211.0576	1106.5886	-1.9001609	193.98695	92000
24	-447.21768	463.18436	435.7203	230.77704	830.5998	-785.3411	141.06401	175.95752	1029.0977	-2.1729968	97.95918	320.19757	217.70589	1158.1975	-1.9001609	195.07916	96000
25	-450.38998	463.42212	438.9519	229.16458	830.5998	-1033.1107	146.48744	182.22523	1041.9998	-2.1729968	100.1001	324.94016	229.0344	1158.1975	-1.9001609	199.252	100000
26	-453.39505	461.9647	442.04306	227.64967	830.5998	-1033.1107	151.4881	193.7118	1621.8126	-2.1729968	102.66535	330.48883	226.71605	1158.1975	-1.9001609	198.60385	104000
27	-455.8296	458.927	444.5779	226.06944	830.5998	-1033.1107	156.55391	196.93378	1621.8126	-2.1729968	104.2471	340.5435	235.0197	1158.1975	-1.9001609	207.38889	108000
28	-457.77686	455.26984	446.64188	224.36441	830.5998	-1033.1107	160.04094	202.6801	1621.8126	-2.1729968	107.38255	340.80618	230.82246	1158.1975	-1.9001609	206.05357	112000
29	-459.23495	450.48456	448.218	222.57411	830.5998	-1033.1107	163.48279	205.66199	1621.8126	-2.1729968	109.02256	342.92175	229.65053	1158.1975	-1.9001609	205.8207	116000
30	-460.376	446.81238	449.45966	220.8237	830.5998	-1033.1107	166.62877	206.15266	1621.8126	-2.1729968	110.599075	362.3031	252.5007	1158.1975	-1.9001609	229.45334	120000
31	-461.336	442.64365	450.52246	219.07796	830.5998	-1033.1107	168.91193	208.87712	1621.8126	-2.1729968	112.72727	364.5663	250.37793	1158.1975	-1.9001609	229.05484	124000
32	-462.25366	439.58514	451.52423	217.40689	830.5998	-1033.1107	172.2279	212.5402	1621.8126	-2.1729968	115.00449	385.42383	272.4265	1158.1975	-1.9001609	253.14688	128000
33	-463.29425	435.61777	452.64954	215.80424	830.5998	-1033.1107	175.31436	218.3169	1621.8126	-2.1729968	118.17368	405.0286	290.28665	1158.1975	-1.9001609	275.77878	132000
34	-464.2732	431.0868	453.72025	214.23628	830.5998	-1033.1107	178.32895	222.68538	1621.8126	-2.1729968	120.996445	426.49237	315.93008	1465.7885	-1.9001609	291.55884	136000
35	-465.23248	426.60828	454.76318	212.71844	830.5998	-1033.1107	182.3619	227.27269	1621.8126	-2.1729968	123.56576	443.20673	326.27994	1465.7885	-1.9001609	311.8	140000
36	-466.1483	422.65686	455.76483	211.1622	830.5998	-1033.1107	185.88773	231.95627	1621.8126	-2.1729968	126.31579	455.27136	332.57928	1465.7885	-1.9001609	316.79443	144000
37	-466.81232	418.00934	456.52576	209.53175	830.5998	-1033.1107	189.7148	237.17064	1621.8126	-2.1729968	128.91986	464.4794	333.05502	1465.7885	-1.9001609	319.85947	148000
38	-467.12946	412.9808	456.94385	207.83739	830.5998	-1033.1107	193.57996	240.75769	1621.8126	-2.1729968	131.14754	466.05966	334.44214	1465.7885	-1.9001609	319.73685	152000
39	-466.98138	408.10907	456.90683	206.13179	830.5998	-1033.1107	196.90193	244.61067	1621.8126	-2.1729968	133.67609	481.24402	347.62045	1465.7885	-1.9001609	333.67947	156000
40	-466.47153	402.9311	456.50635	204.40016	830.5998	-1033.1107	199.93102	249.25711	1621.8126	-2.1729968	136.51877	489.99054	352.1194	1465.7885	-1.9001609	342.51	160000
41	-465.70712	397.7927	455.8535	202.68443	830.5998	-1033.1107	202.53375	250.84569	1621.8126	-2.1729968	138.51352	493.636	351.85547	1465.7885	-1.9001609	343.24146	164000
42	-464.65442	392.6102	454.9191	200.98795	830.5998	-1033.1107	205.40732	251.99896	1621.8126	-2.1729968	140.11676	494.06262	350.07098	1465.7885	-1.9001609	342.4619	168000
43	-463.284	387.39273	453.6655	199.37798	830.5998	-1033.1107	209.83087	257.8682	1621.8126	-2.1729968	142.26634	505.5322	358.2131	1724.6765	-1.9001609	346.98138	172000
44	-461.68542	382.24603	452.18124	197.86964	830.5998	-1033.1107	214.53238	260.52255	1621.8126	-2.1729968	143.67346	499.52744	356.61307	1724.6765	-1.9001609	342.25	176000
45	-459.9692	377.10852	450.57278	196.43709	830.5998	-1033.1107	218.33928	264.77765	1728.6904	-2.1729968	145.27846	507.51505	359.59457	1724.6765	-1.9001609	343.78223	180000
46	-458.19788	372.03265	448.90836	195.05557	830.5998	-1033.1107	221.88713	266.86752	1728.6904	-2.1729968	146.61354	504.71292	357.61044	1724.6765	-1.9001609	340.03912	184000
47	-456.3932	367.28302	447.20413	193.76204	830.5998	-1033.1107	226.86192	272.16168	1814.8949	-2.1729968	147.79874	535.0621	416.1528	2356.315	-1.9001609	349.75745	188000
48	-454.6677	362.6811	445.57315	192.51047	830.5998	-1033.1107	233.04585	277.85297	1814.8949	-2.1729968	149.06833	532.6888	412.15155	2356.315	-1.9001609	346.3625	192000
49	-453.0492	358.23474	444.0442	191.27364	830.5998	-1033.1107	237.95471	286.1711	2054.8433	-2.1729968	150.76923	555.1687	439.93005	2356.315	-1.9001609	356.4306	196000
50	-451.50168	353.8535	442.5835	190.06532	830.5998	-1033.1107	242.40176	293.95367	2054.8433	-2.1729968	152.5553	567.74634	449.2104	2356.315	-1.9001609	362.854	200000
51	-450.06586	349.74295	441.23254	188.8788	830.5998	-1033.1107	245.05847	295.51996	2054.8433	-2.1729968	153.84616	573.9186	449.49234	2356.315	-1.9001609	365.37646	204000
52	-448.77435	346.03882	440.01718	187.73726	830.5998	-1033.1107	245.39879	295.2013	2054.8433	-2.1729968	153.2793	572.889	446.92117	2356.315	-1.9001609	365.43848	208000
53	-447.72214	342.76636	439.03217	186.61487	830.5998	-1033.1107	248.40666	295.92764	2054.8433	-2.1729968	154.06976	564.9009	446.41864	2356.315	-1.9001609	360.07547	212000
54	-446.68982	339.35562	438.0779	185.50838	830.5998	-1033.1107	252.71477	300.82803	2054.8433	-2.1729968	155.50755	578.7323	455.39398	2356.315	-1.9001609	364.4537	216000
55	-445.569	336.06854	437.03503	184.4295	830.5998	-1033.1107	255.84373	306.99762	2119.0315	-2.1729968	157.25519	582.0141	454.07526	2356.315	-1.9001609	369.8218	220000
56	-444.44882	332.85953	435.98776	183.36629	830.5998	-1033.1107	260.94055	315.43607	2119.0315	-2.1729968	159.09091	588.7037	454.34265	2356.315	-1.9001609	368.91608	224000
57	-443.31207	329.52777	434.92764	182.3213	830.5998	-1033.1107	267.46967	325.17606	2119.0315	-2.1729968	160.67653	593.7365	452.8609	2356.315	-1.9001609	367.60526	228000
58	-442.15094	326.31088	433.8413	181.31186	830.5998	-1033.1107	273.24158	332.0996	2119.0315	-2.1729968	162.23776	604.5986	461.38202	2483.7327	-1.9001609	369.21896	232000
59	-440.9859	323.14206	432.75012	180.33067	830.5998	-1033.1107	278.0912	339.91995	2162.2134	-2.1729968	164.00278	611.6077	463.84082	2483.7327	-1.9001609	370.55084	236000
60	-439.84702	319.98895	431.68152	179.37827	830.5998	-1033.1107	283.53586	350.56488	2433.884	-2.1729968	165.63147	618.14484	463.00656	2483.7327	-1.9001609	370.06668	240000
61	-438.7695	317.07645	430.66992	178.44586	830.5998	-1033.1107	289.27432	359.10208	2475.1865	-2.1729968	167.23784	629.97144	483.14636	2483.7327	-1.9001609	374.5508	244000
62	-437.7894	314.15067	429.75214	177.52943	830.5998	-1033.1107	294.9783	371.43082	2620.2935	-2.1729968	169.28328	645.06274	500.285	2570.162	-1.9001609	378.9016	248000
63	-436.88647	311.34018	428.90997	176.61502	830.5998	-1033.1107	300.08652	380.80554	2794.2651	-2.1729968	171.07944	667.6691	529.46185	2683.8535	-1.9001609	387.01904	252000
64	-436.0527	308.6805	428.13828	175.70425	830.5998	-1033.1107	305.19394	393.37384	2794.2651	-2.1729968	173.20703	681.8138	538.69434	2683.8535	-1.9001609	391.11563	256000
65	-435.23813	306.01028	427.3831	174.81076	830.5998	-1033.1107	309.96097	399.84613	2794.2651	-2.1729968	174.96635	685.12506	535.96173	2683.8535	-1.9001609	390.33078	260000
66	-434.4059	303.37738	426.61374	173.94185	830.5998	-1033.1107	313.89066	402.1264	2794.2651	-2.1729968	175.88275	684.5162	538.7803	2683.8535	-1.9001609	387.97122	264000
67	-433.54843	300.75433	425.8144	173.09813	830.5998	-1033.1107	318.40167	407.12073	2794.2651	-2.1729968	177.01453	691.68024	545.076	2715.8503	-1.9001609	388.0806	268000
68	-432.69827	298.3278	425.0219	172.2697	830.5998	-1033.1107	324.55725	422.2808	3001.083	-2.1729968	178.82971	703.911	553.42377	2715.8503	-1.9001609	389.22058	272000
69	-431.89648	295.7931	424.27356	171.44804	830.5998	-1033.1107	331.6236	437.61844	3165.246	-2.1729968	180.74657	736.32574	611.9413	3125.5483	-1.9001609	397.56088	276000
70	-431.1095	293.39697	423.54428	170.6329	830.5998	-1033.1107	336.50864	443.4979	3165.246	-2.1729968	181.93633	765.6005	656.7525	3231.6777	-1.9001609	405.36285	280000
71	-430.32385	290.9254	422.81387	169.82935	830.5998	-1033.1107	343.49905	464.09735	3276.5706	-2.1729968	183.93782	779.85614	674.70856	3258.5906	-1.9001609	407.70422	284000
72	-429.5138	288.50256	422.0618	169.04167	830.5998	-1033.1107	349.9449	479.58173	3276.5706	-2.1729968	185.68666	801.3288	703.4658	3353.5137	-1.9001609	411.60416	288000
73	-428.66388	285.9816	421.26855	168.28249	830.5998	-1033.1107	356.3069	489.7939	3276.5706	-2.1729968	187.17949	803.45465	700.4565	3353.5137	-1.9001609	409.75616	292000
74	-427.8282	283.60574	420.48486	167.54384	830.5998	-1033.1107	361.87366	495.11804	3276.5706	-2.1729968	188.17546	809.7256	708.3664	3353.5137	-1.9001609	409.66757	296000
75	-427.06998	281.30917	419.77554	166.80779	830.5998	-1033.1107	368.13547	510.2157	3414.014	-2.1729968	189.63338	825.565	726.25714	3353.5137	-1.9001609	412.13333	300000
76	-426.38788	279.11966	419.1424	166.07097	830.5998	-1033.1107	374.67062	522.68365	3414.014	-2.1729968	191.19496	833.36743	727.61615	3353.5137	-1.9001609	412.11185	304000
77	-425.71228	276.9327	418.51813	165.3537	830.5998	-1033.1107	380.41208	527.2115	3414.014	-2.1729968	192.37976	866.6787	779.287	3527.0442	-1.9001609	419.3987	308000
78	-425.03156	274.75797	417.8868	164.6471	830.5998	-1033.1107	386.83203	534.7652	3414.014	-2.1729968	193.78882	870.9506	776.01685	3527.0442	-1.9001609	418.5718	312000
79	-424.35117	272.67822	417.25494	163.95647	830.5998	-1033.1107	392.4097	540.5727	3414.014	-2.1729968	194.94139	886.68317	790.0638	3527.0442	-1.9001609	421.29242	316000
80	-423.72122	270.58176	416.67026	163.25839	830.5998	-1033.1107	398.77988	551.85	3546.1704	-2.1729968	196.43953	885.16016	789.2097	3527.0442	-1.9001609	419.86874	320000
81	-423.09915	268.5189	416.09692	162.58206	830.5998	-1033.1107	403.7909	559.24164	3546.1704	-2.1729968	197.92303	876.07715	788.5194	3527.0442	-1.9001609	415.63086	324000
82	-422.4739	266.53433	415.5177	161.92542	830.5998	-1033.1107	409.12564	565.1773	3546.1704	-2.1729968	199.39209	895.61053	806.0044	3527.0442	-1.9001609	420.05487	328000
83	-421.89972	264.57855	414.98587	161.26978	830.5998	-1033.1107	411.1584	572.37585	3546.1704	-2.1729968	199.27971	907.44867	820.532	3527.0442	-1.9001609	422.23373	332000
84	-421.3628	262.6338	414.4927	160.6231	830.5998	-1033.1107	416.1109	578.86066	3546.1704	-2.1729968	200.59702	909.8281	818.37555	3527.0442	-1.9001609	421.74286	336000
85	-420.86166	260.7747	414.03305	159.98721	830.5998	-1033.1107	420.06488	582.29944	3546.1704	-2.1729968	201.4218	912.02655	819.6354	3527.0442	-1.9001609	421.41763	340000
86	-420.374	259.01114	413.58774	159.36456	830.5998	-1033.1107	424.46204	586.958	3546.1704	-2.1729968	202.47205	905.27673	817.26416	3527.0442	-1.9001609	417.98605	344000
87	-419.898	257.30188	413.15192	158.75471	830.5998	-1033.1107	428.8223	594.6702	3546.1704	-2.1729968	203.38983	907.1704	818.54175	3527.0442	-1.9001609	417.04367	348000
88	-419.48846	255.63249	412.77985	158.13441	830.5998	-1033.1107	434.258	603.49036	3546.1704	-2.1729968	204.65117	916.07623	822.6445	3527.0442	-1.9001609	417.98865	352000
89	-419.0618	253.9924	412.39578	157.52887	830.5998	-1033.1107	439.16675	609.7818	3546.1704	-2.1729968	205.78035	921.079	821.5172	3527.0442	-1.9001609	417.83145	356000
90	-418.5985	252.3941	411.97214	156.94382	830.5998	-1033.1107	443.94363	614.3217	3546.1704	-2.1729968	206.77771	915.82306	818.5766	3527.0442	-1.9001609	414.85556	360000
91	-418.16278	250.74083	411.57492	156.37239	830.5998	-1033.1107	448.97632	620.2692	3546.1704	-2.1729968	208.0	919.3323	820.6334	3527.0442	-1.9001609	414.58902	364000
92	-417.73233	249.17255	411.18225	155.81564	830.5998	-1033.1107	454.78964	629.1284	3546.1704	-2.1729968	209.32878	912.4927	818.76526	3527.0442	-1.9001609	411.53043	368000
93	-417.32352	247.61974	410.81055	155.27171	830.5998	-1033.1107	458.4895	628.9554	3546.1704	-2.1729968	209.81387	910.1219	815.61053	3527.0442	-1.9001609	409.36667	372000
94	-416.95932	246.15741	410.48032	154.73727	830.5998	-1033.1107	461.06866	627.72076	3546.1704	-2.1729968	209.93858	914.42706	816.0668	3528.8462	-1.9001609	408.99576	376000
95	-416.6441	244.80925	410.199	154.20364	830.5998	-1033.1107	465.2784	628.958	3546.1704	-2.1729968	210.64302	908.2062	813.99786	3528.8462	-1.9001609	406.19473	380000
96	-416.33853	243.47855	409.92776	153.68324	830.5998	-1033.1107	468.9041	628.82086	3546.1704	-2.1729968	211.22112	915.0487	813.4122	3528.8462	-1.9001609	406.59793	384000
97	-416.03928	242.11707	409.66278	153.17505	830.5998	-1033.1107	473.24896	632.6328	3546.1704	-2.1729968	212.13779	918.21387	811.68384	3528.8462	-1.9001609	406.24432	388000
98	-415.76346	240.813	409.41946	152.6674	830.5998	-1033.1107	478.71384	641.1647	3546.1704	-2.1729968	213.50763	917.2391	813.68134	3528.8462	-1.9001609	405.02448	392000
99	-415.5054	239.52328	409.1937	152.16396	830.5998	-1033.1107	482.60345	642.40875	3546.1704	-2.1729968	214.28572	924.2431	814.0087	3528.8462	-1.9001609	405.5778	396000
100	-415.24673	238.1977	408.96802	151.66785	830.5998	-1033.1107	487.13266	645.5526	3546.1704	-2.1729968	215.28525	927.0291	810.50366	3528.8462	-1.9001609	405.135	400000
101	-414.98795	236.92274	408.74173	151.1759	830.5998	-1033.1107	490.96008	646.8559	3546.1704	-2.1729968	216.04279	936.19293	815.27924	3528.8462	-1.9001609	406.37524	404000
102	-414.72818	235.7152	408.51355	150.68935	830.5998	-1033.1107	494.98273	649.7651	3546.1704	-2.1729968	216.9059	934.436	813.44385	3528.8462	-1.9001609	404.801	408000
103	-414.47787	234.43388	408.29422	150.20769	830.5998	-1033.1107	498.51837	652.299	3546.1704	-2.1729968	217.64395	933.0342	812.229	3528.8462	-1.9001609	403.50485	412000
104	-414.233	233.27545	408.0791	149.7448	830.5998	-1033.1107	503.1524	658.1101	3546.1704	-2.1729968	218.71713	942.8615	817.5661	3528.8462	-1.9001609	405.3019	416000
105	-414.01654	232.14415	407.8914	149.28723	830.5998	-1033.1107	507.22488	664.3117	3546.1704	-2.1729968	219.66527	953.15955	822.0828	3528.8462	-1.9001609	407.0476	420000
106	-413.7975	231.03319	407.70312	148.83917	830.5998	-1033.1107	512.448	672.44604	3546.1704	-2.1729968	221.06361	968.6744	840.5618	3586.4702	-1.9001609	410.2047	424000
107	-413.55542	229.86003	407.4919	148.4021	830.5998	-1033.1107	518.0572	679.9012	3546.1704	-2.1729968	222.45322	988.2243	863.17737	3622.1516	-1.9001609	414.5056	428000
108	-413.2969	228.70238	407.2638	147.97432	830.5998	-1033.1107	523.3213	687.1188	3546.1704	-2.1729968	223.8342	1003.6623	876.4727	3622.1516	-1.9001609	418.02316	432000
109	-413.04105	227.57773	407.0368	147.55226	830.5998	-1033.1107	528.3222	692.109	3546.1704	-2.1729968	225.09035	1016.1266	886.5606	3622.1516	-1.9001609	420.55505	436000
110	-412.7868	226.46259	406.81186	147.1384	830.5998	-1033.1107	532.8074	695.43665	3546.1704	-2.1729968	226.10483	1021.13763	886.91565	3622.1516	-1.9001609	420.99817	440000
111	-412.5519	225.38712	406.60425	146.72237	830.5998	-1033.1107	537.1264	699.5912	3546.1704	-2.1729968	227.10997	1032.3683	894.67523	3622.1516	-1.9001609	423.13513	444000
112	-412.3262	224.29248	406.4064	146.31317	830.5998	-1033.1107	542.075	707.0516	3546.1704	-2.1729968	228.33842	1025.4803	893.77167	3622.1516	-1.9001609	420.36963	448000
113	-412.127	223.25896	406.23303	145.90971	830.5998	-1033.1107	546.44916	711.42883	3546.1704	-2.1729968	229.32521	1038.7788	904.89276	3622.1516	-1.9001609	422.81238	452000
114	-411.96414	222.26341	406.09607	145.51065	830.5998	-1033.1107	551.6191	719.1812	3546.1704	-2.1729968	230.6525	1051.4908	918.9668	3622.1516	-1.9001609	425.40878	456000
115	-411.8225	221.21324	405.98016	145.1193	830.5998	-1033.1107	556.65894	725.93494	3561.2556	-2.1729968	231.85484	1045.0181	917.56915	3622.1516	-1.9001609	422.83218	460000
116	-411.68533	220.27824	405.86853	144.73375	830.5998	-1033.1107	560.9815	728.58203	3561.2556	-2.1729968	232.81485	1055.9808	923.83673	3622.1516	-1.9001609	424.81897	464000
117	-411.5433	219.31526	405.75275	144.35077	830.5998	-1033.1107	565.037	731.74567	3609.0173	-2.1729968	233.64952	1061.0883	923.3985	3622.1516	-1.9001609	425.30084	468000
118	-411.40237	218.38536	405.6373	143.97043	830.5998	-1033.1107	570.0578	736.93274	3609.0173	-2.1729968	234.82587	1082.1763	947.362	3650.2075	-1.9001609	430.17117	472000
119	-411.26578	217.48022	405.5257	143.6	830.5998	-1033.1107	573.36725	738.5025	3609.0173	-2.1729968	235.41049	1088.3901	950.16656	3650.2075	-1.9001609	430.8521	476000
120	-411.13153	216.55528	405.41623	143.24017	830.5998	-1033.1107	577.81824	741.9869	3609.0173	-2.1729968	236.33678	1091.7532	947.4093	3650.2075	-1.9001609	430.76834	480000
121	-411.0191	215.66693	405.32703	142.8866	830.5998	-1033.1107	582.38367	745.55035	3609.0173	-2.1729968	237.37126	1102.988	956.1157	3650.2075	-1.9001609	433.25043	484000
122	-410.9247	214.77467	405.25638	142.53738	830.5998	-1033.1107	586.9054	749.14966	3609.0173	-2.1729968	238.51418	1118.1058	970.4111	3650.2075	-1.9001609	436.61804	488000
123	-410.82617	213.97153	405.18118	142.18983	830.5998	-1033.1107	591.8819	756.29803	3609.0173	-2.1729968	239.76608	1135.6704	985.7428	3650.2075	-1.9001609	441.19836	492000
124	-410.7417	213.08005	405.119	141.84227	830.5998	-1033.1107	595.842	760.931	3609.0173	-2.1729968	240.65987	1126.6691	986.8225	3650.2075	-1.9001609	437.78387	496000
125	-410.67166	212.17244	405.07083	141.49913	830.5998	-1033.1107	599.31146	763.3069	3609.0173	-2.1729968	241.31274	1128.4331	984.3938	3650.2075	-1.9001609	437.4616	500000
126	-410.6019	211.31116	405.02332	141.15997	830.5998	-1033.1107	603.5429	765.7834	3609.0173	-2.1729968	242.3077	1136.4801	987.78467	3650.2075	-1.9001609	439.03412	504000
127	-410.5202	210.52179	404.9646	140.82191	830.5998	-1033.1107	608.16504	770.3315	3609.0173	-2.1729968	243.41159	1150.0917	997.4613	3650.2075	-1.9001609	442.04803	508000
128	-410.42307	209.68076	404.8895	140.49387	830.5998	-1033.1107	612.1261	772.4038	3609.0173	-2.1729968	244.3914	1166.1633	1010.2779	3650.2075	-1.9001609	446.2164	512000
129	-410.3284	208.87045	404.81653	140.16472	830.5998	-1033.1107	616.06305	776.5878	3609.0173	-2.1729968	245.36377	1173.8893	1011.58405	3650.2075	-1.9001609	447.33566	516000
130	-410.23752	208.08684	404.74738	139.83788	830.5998	-1033.1107	616.0522	775.47974	3609.0173	-2.1729968	245.16737	1170.199	1009.4448	3650.2075	-1.9001609	445.63077	520000
131	-410.14343	207.37004	404.6738	139.51167	830.5998	-1033.1107	616.0784	773.9435	3609.0173	-2.1729968	244.97429	1175.9032	1007.93115	3650.2075	-1.9001609	446.2916	524000
132	-410.06818	206.66818	404.61728	139.1881	830.5998	-1033.1107	619.8188	776.3472	3609.0173	-2.1729968	245.81006	1181.055	1007.4337	3650.2075	-1.9001609	446.78333	528000
133	-410.08344	206.02907	404.6445	138.88087	830.5998	-1033.1107	616.72345	774.3424	3609.0173	-2.1729968	245.16129	1179.474	1003.8037	3650.2075	-1.9001609	450.94287	532000
134	-410.18906	205.5232	404.76462	138.60254	830.5998	-1033.1107	617.4866	773.8355	3609.0173	-2.1729968	246.55014	1176.7649	1000.8288	3650.2075	-1.9001609	452.16492	536000
135	-410.29865	204.95078	404.8916	138.33885	830.5998	-1033.1107	619.84406	776.6984	3609.0173	-2.1729968	247.36601	1172.3123	998.77435	3650.2075	-1.9001609	450.12372	540000
136	-410.39926	204.42181	405.0085	138.08746	830.5998	-1033.1107	616.7481	773.33105	3609.0173	-2.1729968	245.82016	1171.8834	995.3883	3650.2075	-1.9001609	449.33456	544000
137	-410.51633	203.87703	405.14206	137.83922	830.5998	-1033.1107	619.74854	773.94214	3609.0173	-2.1729968	246.51372	1177.1733	998.39386	3650.2075	-1.9001609	450.2854	548000
138	-410.61993	203.31786	405.2638	137.58806	830.5998	-1033.1107	622.68463	775.66174	3609.0173	-2.1729968	247.20108	1186.5813	1003.67194	3650.2075	-1.9001609	452.2123	552000
139	-410.6945	202.77322	405.3563	137.32823	830.5998	-1033.1107	626.30634	778.24835	3609.0173	-2.1729968	248.21428	1199.4797	1014.6148	3650.2075	-1.9001609	455.18274	556000
140	-410.72095	202.15184	405.40247	137.06268	830.5998	-1033.1107	630.0414	780.78613	3609.0173	-2.1729968	249.11032	1197.9984	1012.1332	3650.2075	-1.9001609	454.01428	560000
141	-410.71024	201.53894	405.41107	136.79643	830.5998	-1033.1107	633.5091	781.7087	3609.0173	-2.1729968	249.88924	1208.4092	1021.1738	3650.2075	-1.9001609	456.36523	564000
142	-410.67276	200.9483	405.3932	136.5313	830.5998	-1033.1107	637.4726	783.58	3609.0173	-2.1729968	250.77263	1220.043	1027.7689	3650.2075	-1.9001609	458.7324	568000
143	-410.61237	200.30171	405.35193	136.26682	830.5998	-1033.1107	640.5938	783.7692	3609.0173	-2.1729968	251.42857	1224.2455	1026.2529	3650.2075	-1.9001609	459.06714	572000
144	-410.52972	199.66876	405.28833	136.00185	830.5998	-1033.1107	643.4384	785.2999	3609.0173	-2.1729968	252.07878	1218.6993	1024.8329	3650.2075	-1.9001609	457.0243	576000
145	-410.43735	199.00446	405.21426	135.7361	830.5998	-1033.1107	646.7584	788.3551	3609.0173	-2.1729968	252.83348	1212.4319	1024.0586	3650.2075	-1.9001609	454.78482	580000
146	-410.33832	198.3707	405.1336	135.47311	830.5998	-1033.1107	649.8274	788.83496	3609.0173	-2.1729968	253.47223	1221.3636	1027.0387	3650.2075	-1.9001609	456.46918	584000
147	-410.23236	197.7533	405.0461	135.21478	830.5998	-1033.1107	653.08887	788.91327	3609.0173	-2.1729968	254.10544	1222.2728	1023.7425	3650.2075	-1.9001609	455.85715	588000
148	-410.11856	197.15073	404.9507	134.95865	830.5998	-1033.1107	655.27844	788.917	3609.0173	-2.1729968	254.40482	1223.8291	1021.525	3650.2075	-1.9001609	455.55743	592000
149	-410.0453	196.60597	404.8906	134.70943	830.5998	-1033.1107	655.5953	789.00214	3609.0173	-2.1729968	254.2662	1217.2693	1021.218	3650.2075	-1.9001609	453.24228	596000
150	-410.09927	196.21263	404.9528	134.49092	830.5998	-1033.1107	656.74304	791.2302	3609.0173	-2.1729968	254.45293	1211.1586	1020.5385	3650.2075	-1.9001609	451.09467	600000
151	-410.2428	195.77232	405.10776	134.29782	830.5998	-1033.1107	653.0033	788.29395	3609.0173	-2.1729968	253.24948	1204.7899	1020.173	3650.2075	-1.9001609	449.02185	604000
152	-410.39944	195.42279	405.27682	134.12038	830.5998	-1033.1107	650.7529	786.4102	3609.0173	-2.1729968	252.59659	1202.4353	1017.9462	3650.2075	-1.9001609	447.8112	608000
153	-410.5756	195.04025	405.4655	133.95757	830.5998	-1033.1107	653.41406	788.82526	3609.0173	-2.1729968	253.10173	1212.404	1025.4717	3680.7754	-1.9001609	449.99936	612000
154	-410.74078	194.66054	405.64456	133.79471	830.5998	-1033.1107	656.21674	788.8359	3609.0173	-2.1729968	253.60231	1218.1324	1026.1074	3680.7754	-1.9001609	450.86105	616000
155	-410.90295	194.27728	405.81982	133.62361	830.5998	-1033.1107	660.3182	794.19147	3609.0173	-2.1729968	254.72473	1226.833	1030.1147	3680.7754	-1.9001609	453.16644	620000
156	-411.05457	193.88435	405.9856	133.44202	830.5998	-1033.1107	664.2746	799.19806	3609.0173	-2.1729968	255.84256	1226.3402	1029.8055	3680.7754	-1.9001609	452.35962	624000
157	-411.19348	193.53938	406.13687	133.25539	830.5998	-1033.1107	666.1188	799.17206	3609.0173	-2.1729968	256.11746	1223.0795	1030.075	3680.7754	-1.9001609	451.08664	628000
158	-411.36978	193.27391	406.3223	133.09439	830.5998	-1033.1107	668.904	801.6382	3609.0173	-2.1729968	256.80618	1224.3394	1027.2662	3680.7754	-1.9001609	450.72913	632000
159	-411.59467	192.95618	406.5576	132.97516	830.5998	-1033.1107	667.5661	800.09143	3609.0173	-2.1729968	256.24496	1219.0596	1026.8113	3680.7754	-1.9001609	449.01886	636000
160	-411.8408	192.73918	406.81396	132.87926	830.5998	-1033.1107	665.7596	797.72107	3609.0173	-2.1729968	255.59105	1224.6064	1030.4233	3680.7754	-1.9001609	449.96625	640000
161	-412.11285	192.56287	407.09552	132.78941	830.5998	-1033.1107	669.3748	802.35	3609.0173	-2.1729968	256.47153	1226.9031	1030.5007	3680.7754	-1.9001609	449.99875	644000
162	-412.35464	192.31802	407.35034	132.6762	830.5998	-1033.1107	672.9853	806.23804	3609.0173	-2.1729968	257.3471	1224.8308	1027.9451	3680.7754	-1.9001609	449.0179	648000
163	-412.56345	192.02151	407.57135	132.53622	830.5998	-1033.1107	676.1722	809.7075	3609.0173	-2.1729968	258.1156	1221.7815	1026.005	3680.7754	-1.9001609	448.02576	652000
164	-412.76248	191.70435	407.7821	132.38527	830.5998	-1033.1107	677.4305	811.5578	3609.0173	-2.1729968	258.36945	1235.9978	1038.8506	3680.7754	-1.9001609	451.39145	656000
165	-412.93042	191.41417	407.96362	132.2242	830.5998	-1033.1107	680.29236	814.263	3609.0173	-2.1729968	259.02667	1249.768	1050.7938	3680.7754	-1.9001609	454.58667	660000
166	-413.06705	191.13689	408.11316	132.05534	830.5998	-1033.1107	683.3764	815.9282	3609.0173	-2.1729968	259.67932	1260.28	1057.0741	3708.7148	-1.9001609	456.68253	664000
167	-413.1789	190.77676	408.23795	131.88379	830.5998	-1033.1107	685.6057	815.37933	3609.0173	-2.1729968	260.02335	1272.988	1068.0582	3780.1543	-1.9001609	459.38324	668000
168	-413.2881	190.40103	408.3593	131.71342	830.5998	-1033.1107	687.9586	816.28345	3609.0173	-2.1729968	260.3642	1283.9396	1077.8442	3780.1543	-1.9001609	461.6994	672000
169	-413.407	190.04385	408.48862	131.54129	830.5998	-1033.1107	689.57983	817.6259	3653.2844	-2.1729968	260.60138	1277.116	1078.298	3780.1543	-1.9001609	459.3858	676000
170	-413.53827	189.72127	408.63055	131.37094	830.5998	-1033.1107	691.40955	817.3527	3653.2844	-2.1729968	261.03647	1282.1283	1078.6045	3780.1543	-1.9001609	461.14294	680000
171	-413.68323	189.44218	408.7854	131.20741	830.5998	-1033.1107	693.5169	817.89453	3653.2844	-2.1729968	261.66794	1284.6465	1080.3235	3780.1543	-1.9001609	461.4497	684000
172	-413.81674	189.1427	408.92996	131.03665	830.5998	-1033.1107	696.7651	823.5175	3653.2844	-2.1729968	262.49524	1288.0238	1083.1786	3780.1543	-1.9001609	461.86917	688000
173	-413.93808	188.82327	409.06238	130.86145	830.5998	-1033.1107	700.21155	827.3367	3653.2844	-2.1729968	263.3181	1294.4429	1086.7344	3780.1543	-1.9001609	463.06128	692000
174	-414.03848	188.46231	409.17468	130.67635	830.5998	-1033.1107	701.3152	829.03674	3653.2844	-2.1729968	263.93628	1292.2013	1084.0333	3780.1543	-1.9001609	465.80402	696000
175	-414.12045	188.12643	409.2677	130.49104	830.5998	-1033.1107	702.12476	829.4956	3653.2844	-2.1729968	264.85056	1285.3088	1084.7504	3780.1543	-1.9001609	463.87772	700000
176	-414.18167	187.78812	409.3404	130.30301	830.5998	-1033.1107	701.9687	828.7508	3653.2844	-2.1729968	265.76065	1283.5157	1081.9243	3780.1543	-1.9001609	466.92386	704000
177	-414.24536	187.41164	409.41394	130.11499	830.5998	-1033.1107	702.09595	828.0489	3653.2844	-2.1729968	266.76715	1281.7482	1079.1187	3780.1543	-1.9001609	469.9356	708000
178	-414.3036	187.05078	409.48303	129.92833	830.5998	-1033.1107	701.6802	827.2315	3653.2844	-2.1729968	267.56857	1280.03	1076.3258	3780.1543	-1.9001609	472.91348	712000
179	-414.3512	186.67262	409.5418	129.73827	830.5998	-1033.1107	701.6078	826.1142	3653.2844	-2.1729968	268.1648	1281.0776	1074.3461	3780.1543	-1.9001609	472.76035	716000
180	-414.37567	186.35432	409.57797	129.55257	830.5998	-1033.1107	700.90814	824.8548	3653.2844	-2.1729968	268.6567	1276.4039	1073.6064	3780.1543	-1.9001609	471.715	720000
181	-414.38394	186.00732	409.5978	129.36438	830.5998	-1033.1107	696.7846	823.28265	3653.2844	-2.1729968	267.5536	1274.7104	1070.8776	3780.1543	-1.9001609	474.6337	724000
182	-414.3809	185.60863	409.6069	129.1705	830.5998	-1033.1107	697.2947	822.31836	3653.2844	-2.1729968	268.33765	1274.3052	1068.0962	3780.1543	-1.9001609	474.10825	728000
183	-414.3572	185.21219	409.59558	128.97188	830.5998	-1033.1107	700.3038	824.4907	3653.2844	-2.1729968	269.01874	1274.1602	1065.933	3780.1543	-1.9001609	473.46558	732000
184	-414.3148	184.83055	409.56552	128.77496	830.5998	-1033.1107	702.17694	824.5156	3653.2844	-2.1729968	269.59708	1274.9313	1063.38	3780.1543	-1.9001609	473.08478	736000
185	-414.26706	184.4439	409.53006	128.58093	830.5998	-1033.1107	703.1877	822.7766	3653.2844	-2.1729968	269.58105	1272.2319	1061.1425	3780.1543	-1.9001609	471.7454	740000
186	-414.20102	184.01501	409.47702	128.3931	830.5998	-1033.1107	704.0176	820.986	3653.2844	-2.1729968	269.4676	1270.383	1058.7062	3780.1543	-1.9001609	470.6274	744000
187	-414.12866	183.64803	409.41663	128.21338	830.5998	-1033.1107	705.22675	818.98126	3653.2844	-2.1729968	269.45245	1270.1147	1057.769	3780.1543	-1.9001609	469.93637	748000
188	-414.06415	183.2875	409.36334	128.04025	830.5998	-1033.1107	704.94257	816.8548	3653.2844	-2.1729968	269.05188	1266.118	1056.446	3780.1543	-1.9001609	468.375	752000
189	-414.00455	182.93454	409.31537	127.86833	830.5998	-1033.1107	705.82196	815.02795	3653.2844	-2.1729968	268.94345	1263.2683	1054.406	3780.1543	-1.9001609	467.0217	756000
190	-413.9415	182.53448	409.2641	127.696625	830.5998	-1033.1107	707.2649	813.53	3653.2844	-2.1729968	269.02655	1261.0018	1052.2054	3780.1543	-1.9001609	465.87262	760000
191	-413.88055	182.1783	409.21457	127.526184	830.5998	-1033.1107	708.4038	812.0742	3653.2844	-2.1729968	269.0141	1261.2006	1049.5282	3780.1543	-1.9001609	465.20575	764000
192	-413.81592	181.8406	409.16165	127.361755	830.5998	-1033.1107	709.84485	810.736	3653.2844	-2.1729968	269.096	1262.9755	1049.121	3780.1543	-1.9001609	464.95676	768000
193	-413.7458	181.41557	409.10312	127.198235	830.5998	-1033.1107	712.57056	812.17535	3653.2844	-2.1729968	269.64722	1265.911	1048.4943	3780.1543	-1.9001609	465.04974	772000
194	-413.68167	181.03194	409.04974	127.03691	830.5998	-1033.1107	713.99976	810.6456	3653.2844	-2.1729968	269.7254	1262.4855	1046.8707	3780.1543	-1.9001609	463.64072	776000
195	-413.64645	180.70464	409.023	126.87593	830.5998	-1033.1107	714.7642	808.7265	3653.2844	-2.1729968	269.6163	1261.6959	1045.3058	3780.1543	-1.9001609	462.92206	780000
196	-413.66425	180.43082	409.0473	126.72262	830.5998	-1033.1107	716.5138	809.69794	3653.2844	-2.1729968	270.06546	1266.3193	1047.3685	3780.1543	-1.9001609	464.49286	784000
197	-413.76257	180.18805	409.1502	126.59191	830.5998	-1033.1107	718.2023	809.43304	3653.2844	-2.1729968	270.41867	1271.0653	1048.7378	3780.1543	-1.9001609	465.63452	788000
198	-413.87503	179.99458	409.27164	126.46969	830.5998	-1033.1107	720.97595	812.3439	3653.2844	-2.1729968	271.23288	1279.2476	1053.6176	3780.1543	-1.9001609	467.97122	792000
199	-413.9383	179.73233	409.34534	126.33003	830.5998	-1033.1107	723.3587	814.93744	3653.2844	-2.1729968	271.8579	1286.8158	1057.1632	3780.1543	-1.9001609	469.8588	796000
200	-413.98682	179.49258	409.40207	126.199036	830.5998	-1033.1107	725.62036	816.17725	3653.2844	-2.1729968	272.5724	1283.8354	1055.4307	3780.1543	-1.9001609	468.905	800000
201	-414.04504	179.22916	409.46906	126.07715	830.5998	-1033.1107	728.0504	819.3655	3653.2844	-2.1729968	273.28348	1293.4171	1062.0365	3780.1543	-1.9001609	471.31442	804000
202	-414.10153	178.99602	409.53473	125.96513	830.5998	-1033.1107	730.4351	819.9739	3653.2844	-2.1729968	273.71274	1293.5669	1059.9718	3780.1543	-1.9001609	470.69803	808000
203	-414.16373	178.6817	409.60553	125.85966	830.5998	-1033.1107	732.30457	819.5097	3653.2844	-2.1729968	273.9541	1299.6357	1062.2906	3780.1543	-1.9001609	472.02808	812000
204	-414.2371	178.44199	409.68762	125.7514	830.5998	-1033.1107	733.89624	818.9043	3653.2844	-2.1729968	274.19354	1297.2349	1060.573	3780.1543	-1.9001609	470.94315	816000
205	-414.29184	178.22858	409.75256	125.63745	830.5998	-1033.1107	735.16003	817.5308	3653.2844	-2.1729968	274.2475	1299.6295	1060.0571	3780.1543	-1.9001609	470.96732	820000
206	-414.32483	177.9824	409.79523	125.52238	830.5998	-1033.1107	736.7484	816.9208	3653.2844	-2.1729968	274.39227	1302.6339	1062.8595	3780.1543	-1.9001609	471.3063	824000
207	-414.35034	177.71344	409.83023	125.403275	830.5998	-1033.1107	739.55084	819.53735	3653.6843	-2.1729968	274.9917	1302.0795	1060.3505	3780.1543	-1.9001609	470.52173	828000
208	-414.39062	177.49188	409.87717	125.29306	830.5998	-1033.1107	737.6777	819.0374	3653.6843	-2.1729968	274.49686	1296.0352	1061.3671	3780.1543	-1.9001609	468.65768	832000
209	-414.46747	177.28786	409.95932	125.188065	830.5998	-1033.1107	735.698	818.20685	3653.6843	-2.1729968	274.63864	1294.4832	1059.0614	3780.1543	-1.9001609	471.2	836000
210	-414.58914	177.07909	410.0841	125.08994	830.5998	-1033.1107	735.26154	817.54596	3653.6843	-2.1729968	275.31958	1292.9352	1056.7738	3780.1543	-1.9001609	473.7181	840000
211	-414.74472	176.9213	410.24472	125.00518	830.5998	-1033.1107	735.5761	817.0567	3653.6843	-2.1729968	276.2684	1291.4519	1054.4857	3780.1543	-1.9001609	476.2123	844000
212	-414.89426	176.75963	410.40088	124.91505	830.5998	-1033.1107	735.8918	816.569	3653.6843	-2.1729968	277.21478	1289.977	1052.2139	3780.1543	-1.9001609	478.683	848000
213	-415.0048	176.54604	410.52008	124.80769	830.5998	-1033.1107	736.2035	816.0812	3653.6843	-2.1729968	278.15866	1288.4812	1049.967	3780.1543	-1.9001609	481.13052	852000
214	-415.06445	176.2852	410.58926	124.68953	830.5998	-1033.1107	735.9814	815.50964	3653.6843	-2.1729968	278.55515	1284.9005	1049.4844	3780.1543	-1.9001609	479.61356	856000
215	-415.11224	176.04922	410.64468	124.57766	830.5998	-1033.1107	735.75397	813.93695	3653.6843	-2.1729968	278.13712	1279.7996	1049.6964	3780.1543	-1.9001609	477.81348	860000
216	-415.16342	175.82043	410.70343	124.47308	830.5998	-1033.1107	736.0916	814.02014	3653.6843	-2.1729968	277.99228	1280.5359	1047.7432	3780.1543	-1.9001609	477.60138	864000
217	-415.20566	175.61436	410.7541	124.362434	830.5998	-1033.1107	737.6057	813.18933	3653.6843	-2.1729968	278.20514	1280.3048	1045.5483	3780.1543	-1.9001609	477.1903	868000
218	-415.23538	175.33208	410.79205	124.24295	830.5998	-1033.1107	739.3068	813.657	3653.6843	-2.1729968	278.6833	1281.3817	1044.6198	3780.1543	-1.9001609	477.18442	872000
219	-415.2639	175.09714	410.8285	124.12073	830.5998	-1033.1107	740.0676	813.6554	3653.6843	-2.1729968	278.8033	1281.1796	1043.8285	3780.1543	-1.9001609	476.774	876000
220	-415.2816	174.82016	410.85486	123.9934	830.5998	-1033.1107	742.3721	815.5399	3653.6843	-2.1729968	279.36508	1279.4484	1042.1383	3780.1543	-1.9001609	475.88956	880000
221	-415.28604	174.55249	410.86755	123.86879	830.5998	-1033.1107	743.6883	815.8052	3653.6843	-2.1729968	279.4815	1280.0162	1041.1268	3780.1543	-1.9001609	475.49548	884000
222	-415.30588	174.33798	410.89383	123.7506	830.5998	-1033.1107	742.9367	814.05743	3653.6843	-2.1729968	278.9821	1276.466	1040.3004	3780.1543	-1.9001609	474.15405	888000
223	-415.35236	174.11859	410.9466	123.64388	830.5998	-1033.1107	745.37915	816.38855	3653.6843	-2.1729968	279.6238	1275.6381	1039.4404	3780.1543	-1.9001609	473.66995	892000
224	-415.3962	173.9071	410.9985	123.53178	830.5998	-1033.1107	747.87134	819.0142	3653.6843	-2.1729968	280.35043	1280.7489	1041.8473	3780.1543	-1.9001609	474.92007	896000
225	-415.42947	173.68895	411.03952	123.41404	830.5998	-1033.1107	749.8617	820.4993	3653.6843	-2.1729968	280.81122	1279.5764	1041.7854	3780.1543	-1.9001609	474.2418	900000
226	-415.45776	173.47125	411.0748	123.30165	830.5998	-1033.1107	751.1489	820.65216	3653.6843	-2.1729968	281.00714	1278.4841	1041.471	3780.1543	-1.9001609	473.59512	904000
227	-415.5025	173.27614	411.1263	123.202	830.5998	-1033.1107	750.1442	819.3695	3653.6843	-2.1729968	280.68005	1276.5874	1040.7672	3780.1543	-1.9001609	472.7665	908000
228	-415.54547	173.06659	411.17706	123.104836	830.5998	-1033.1107	750.36914	819.15875	3653.6843	-2.1729968	280.6154	1275.8195	1040.3424	3780.1543	-1.9001609	472.18246	912000
229	-415.56787	172.87839	411.20792	123.00667	830.5998	-1033.1107	750.60156	818.70715	3653.6843	-2.1729968	280.4654	1279.2908	1041.9622	3780.1543	-1.9001609	472.80875	916000
230	-415.5691	172.63483	411.21796	122.906654	830.5998	-1033.1107	752.2955	820.3851	3653.6843	-2.1729968	280.8303	1279.9015	1041.0984	3780.1543	-1.9001609	472.82477	920000
231	-415.5543	172.40565	411.21155	122.80205	830.5998	-1033.1107	754.624	821.62823	3653.6843	-2.1729968	281.4499	1286.4766	1044.9089	3780.1543	-1.9001609	474.39957	924000
232	-415.53152	172.15706	411.19705	122.69436	830.5998	-1033.1107	756.59717	823.6775	3653.6843	-2.1729968	281.98117	1281.7744	1045.1102	3780.1543	-1.9001609	472.76465	928000
233	-415.50333	171.89862	411.17694	122.58328	830.5998	-1033.1107	759.55524	827.2158	3653.6843	-2.1729968	282.767	1286.6001	1047.4209	3780.1543	-1.9001609	473.72018	932000
234	-415.46484	171.61894	411.1472	122.47191	830.5998	-1033.1107	761.4898	828.6559	3653.6843	-2.1729968	283.20728	1292.5406	1050.7236	3780.1543	-1.9001609	475.03674	936000
235	-415.4146	171.38454	411.10538	122.36046	830.5998	-1033.1107	763.9832	831.0338	3653.6843	-2.1729968	283.81644	1297.8628	1053.8237	3780.1543	-1.9001609	476.08978	940000
236	-415.36008	171.1127	411.05942	122.248116	830.5998	-1033.1107	766.5474	833.30023	3653.6843	-2.1729968	284.423	1301.6196	1054.8358	3780.1543	-1.9001609	476.73178	944000
237	-415.296	170.83318	411.00412	122.13659	830.5998	-1033.1107	768.32886	833.0835	3653.6843	-2.1729968	284.7702	1299.3956	1053.4712	3780.1543	-1.9001609	475.69324	948000
238	-415.22485	170.57266	410.94165	122.030266	830.5998	-1033.1107	769.791	832.4443	3653.6843	-2.1729968	284.94464	1296.2891	1052.3654	3780.1543	-1.9001609	474.45755	952000
239	-415.14597	170.34137	410.87146	121.92393	830.5998	-1033.1107	769.1715	831.1159	3653.6843	-2.1729968	284.5238	1304.9755	1059.6135	3780.1543	-1.9001609	476.38702	956000
240	-415.06738	170.08144	410.80103	121.81588	830.5998	-1033.1107	770.7483	830.96686	3653.6843	-2.1729968	284.78195	1304.038	1058.342	3780.1543	-1.9001609	475.74625	960000
241	-414.98602	169.80489	410.72827	121.705605	830.5998	-1033.1107	771.2659	830.5613	3653.6843	-2.1729968	284.70172	1305.2755	1056.7548	3780.1543	-1.9001609	475.62405	964000
242	-414.90384	169.49782	410.65475	121.59322	830.5998	-1033.1107	772.9874	831.0207	3653.6843	-2.1729968	285.04123	1312.9004	1061.6818	3780.1543	-1.9001609	477.39917	968000
243	-414.8119	169.22205	410.5715	121.484146	830.5998	-1033.1107	775.65674	833.9015	3653.6843	-2.1729968	285.7143	1320.196	1066.1235	3780.1543	-1.9001609	479.1115	972000
244	-414.71518	168.92766	410.4833	121.374596	830.5998	-1033.1107	777.9882	836.9766	3653.6843	-2.1729968	286.30096	1327.0468	1070.5874	3780.1543	-1.9001609	480.59592	976000
245	-414.6165	168.67564	410.39297	121.26605	830.5998	-1033.1107	779.9402	837.5779	3653.6843	-2.1729968	286.6335	1326.7245	1068.6948	3780.1543	-1.9001609	480.06287	980000
246	-414.52283	168.43239	410.30737	121.16165	830.5998	-1033.1107	782.591	839.9147	3653.6843	-2.1729968	287.29926	1324.1866	1067.586	3780.1543	-1.9001609	479.0858	984000
247	-414.42722	168.14742	410.22012	121.05869	830.5998	-1033.1107	784.74054	841.69366	3653.6843	-2.1729968	287.71112	1323.9984	1065.7633	3780.1543	-1.9001609	478.5332	988000
248	-414.3355	167.89246	410.13647	120.95526	830.5998	-1033.1107	786.9024	842.47046	3653.6843	-2.1729968	288.12082	1332.7734	1072.766	3780.1543	-1.9001609	480.4754	992000
249	-414.25153	167.63766	410.06024	120.851265	830.5998	-1033.1107	789.38684	844.87195	3653.6843	-2.1729968	288.69565	1331.614	1070.845	3780.1543	-1.9001609	479.72208	996000
250	-414.17163	167.37709	409.9883	120.74541	830.5998	-1033.1107	790.9221	844.7914	3653.6843	-2.1729968	288.93384	1334.2013	1071.7196	3780.1543	-1.9001609	480.0076	1000000
