epoch	pi-loss	q-loss	average-q-values	std-q-values	max-q-values	min-q-values	average-episode-return	std-episode-return	max-episode-return	min-episode-return	episode-length	average-test-episode-return	std-test-episode-return	max-test-episode-return	min-test-episode-return	test-episode-length	total-env-interacts
1	-4.3839765	0.3071671	3.5673475	3.19941	19.314592	-3.1736608	-203.25479	48.403458	-142.94629	-277.9863	1000.0	-614.30176	111.71394	-508.2315	-835.6902	1000.0	4000
2	-17.053112	1.3083416	15.533119	13.154509	68.55912	-3.1736608	-380.17844	214.00049	-142.94629	-728.5561	1000.0	-512.047	172.87434	-3.3360074	-835.6902	1000.0	8000
3	-26.797375	1.8287811	25.32619	18.156258	86.68767	-3.1736608	-340.05508	196.6447	-114.388405	-728.5561	1000.0	-344.05466	286.03937	222.0912	-835.6902	1000.0	12000
4	-34.22388	2.0307984	32.820183	21.691078	94.36272	-3.1736608	-211.54465	313.8774	364.36115	-728.5561	1000.0	-245.54431	345.91086	496.3522	-835.6902	1000.0	16000
5	-40.867455	2.3512666	39.50045	25.243097	119.10181	-3.1736608	-132.2419	389.28384	765.5219	-728.5561	1000.0	-229.94998	365.1664	566.7534	-835.6902	1000.0	20000
6	-47.539734	2.6319473	46.19005	29.083008	132.97163	-3.1736608	-1.1551615	488.7274	937.825	-728.5561	1000.0	-119.142815	461.11987	966.5815	-835.6902	1000.0	24000
7	-54.156864	2.9216623	52.817703	32.864426	154.5777	-3.1736608	127.09181	565.99335	1330.0199	-728.5561	1000.0	-19.665741	552.6955	1570.2861	-835.6902	1000.0	28000
8	-60.679565	3.2389996	59.34219	36.70848	179.17859	-3.1736608	207.5955	612.5219	1617.7295	-728.5561	1000.0	111.82994	687.9063	2116.9631	-835.6902	1000.0	32000
9	-66.88164	3.6011474	65.53216	40.521225	202.69374	-3.1736608	176.69704	585.02515	1617.7295	-728.5561	1000.0	256.10782	804.47034	2320.9663	-835.6902	1000.0	36000
10	-72.955605	3.9982622	71.59137	44.779697	235.57217	-3.1736608	318.11578	711.90497	2008.0034	-728.5561	1000.0	399.30228	897.7187	2320.9663	-835.6902	1000.0	40000
11	-79.02641	4.4810753	77.64798	49.462574	256.49304	-3.1736608	391.12283	780.1495	2435.9246	-728.5561	1000.0	538.32477	991.75836	2967.5452	-835.6902	1000.0	44000
12	-85.25466	4.997628	83.86129	54.663307	282.71527	-3.1736608	476.86673	850.13983	2436.3162	-728.5561	1000.0	650.2125	1023.93384	2967.5452	-835.6902	1000.0	48000
13	-91.63921	5.5415792	90.23284	60.21076	298.55243	-3.1736608	603.1143	930.7163	2467.0352	-728.5561	1000.0	766.11237	1079.6384	2967.5452	-835.6902	1000.0	52000
14	-98.06007	6.10528	96.639725	65.78665	320.54843	-3.1736608	647.6886	924.2745	2467.0352	-728.5561	1000.0	918.11505	1178.4224	3211.1921	-835.6902	1000.0	56000
15	-104.46344	6.6845336	103.02817	71.3562	339.6257	-3.1736608	766.8568	1004.0674	2852.26	-728.5561	1000.0	1001.59344	1194.3695	3449.5151	-835.6902	1000.0	60000
16	-110.96927	7.31847	109.51593	76.99058	357.67615	-3.1736608	855.2185	1051.9023	3199.9653	-728.5561	1000.0	1090.4722	1232.668	3449.5151	-835.6902	1000.0	64000
17	-117.481674	7.9955106	116.0095	82.61893	384.60895	-3.1736608	933.65283	1103.0931	3327.6597	-728.5561	1000.0	1206.0952	1288.6266	3591.1565	-835.6902	1000.0	68000
18	-124.089	8.70461	122.59759	88.295746	415.64178	-3.1736608	1044.0796	1173.3423	3523.1118	-728.5561	1000.0	1322.2412	1347.5687	3977.0764	-835.6902	1000.0	72000
19	-130.93787	9.4440565	129.4245	94.11587	431.81927	-3.1736608	1163.889	1254.5492	3954.4028	-728.5561	1000.0	1436.554	1412.4747	4192.2837	-835.6902	1000.0	76000
20	-137.98605	10.149617	136.45023	100.0392	447.39288	-3.1736608	1293.7535	1347.9406	3954.4028	-728.5561	1000.0	1527.3008	1452.0632	4192.2837	-835.6902	1000.0	80000
21	-145.21153	10.818498	143.6539	106.02052	463.0838	-3.1736608	1417.4127	1427.8053	4215.6562	-728.5561	1000.0	1607.451	1472.9658	4226.311	-835.6902	1000.0	84000
22	-152.56609	11.470631	150.98563	111.97658	482.93744	-3.1736608	1523.5363	1478.1514	4215.6562	-728.5561	1000.0	1723.92	1540.1387	4707.022	-835.6902	1000.0	88000
23	-160.02074	12.13188	158.4165	117.90726	527.84	-3.1736608	1603.2848	1532.2587	4790.7686	-728.5561	1000.0	1837.405	1610.6112	5224.914	-835.6902	1000.0	92000
24	-167.39963	12.8407755	165.7726	123.7056	543.0727	-3.1736608	1677.1406	1582.49	4790.7686	-728.5561	1000.0	1947.1127	1664.0278	5224.914	-835.6902	1000.0	96000
25	-174.7987	13.566089	173.14835	129.47946	568.7686	-3.1736608	1791.061	1648.2439	4790.7686	-728.5561	1000.0	2062.5645	1728.6865	5525.096	-835.6902	1000.0	100000
26	-182.25372	14.233058	180.58005	135.24905	594.69867	-3.1736608	1891.7905	1694.3658	5006.011	-728.5561	1000.0	2172.1194	1782.6968	5525.096	-835.6902	1000.0	104000
27	-189.7513	14.966232	188.05428	141.00667	612.23846	-3.1736608	2000.3866	1756.1515	5267.07	-728.5561	1000.0	2253.154	1803.1299	5525.096	-835.6902	1000.0	108000
28	-197.39334	15.776934	195.66817	146.86351	634.64124	-3.1736608	2113.82	1823.1407	5523.579	-728.5561	1000.0	2357.5093	1853.852	5720.5356	-835.6902	1000.0	112000
29	-205.09071	16.579887	203.33662	152.73744	657.1106	-3.1736608	2169.6384	1861.786	5523.579	-728.5561	1000.0	2461.51	1904.0907	5914.3647	-835.6902	1000.0	116000
30	-212.83704	17.296583	211.05591	158.61403	671.1913	-3.1736608	2263.6055	1900.2275	5544.029	-728.5561	1000.0	2565.1362	1954.6284	6146.675	-835.6902	1000.0	120000
31	-220.61653	18.057032	218.80966	164.45029	693.96625	-3.1736608	2359.1995	1942.6433	5684.4727	-728.5561	1000.0	2668.3264	2004.9017	6246.3604	-835.6902	1000.0	124000
32	-228.3817	18.805342	226.5493	170.19797	714.119	-3.1736608	2445.3584	1984.9102	5971.2134	-728.5561	1000.0	2781.514	2072.176	6782.4424	-835.6902	1000.0	128000
33	-236.18681	19.548094	234.32822	175.90651	732.3388	-3.1736608	2540.293	2027.3148	5971.2134	-728.5561	1000.0	2878.1755	2113.863	6782.4424	-835.6902	1000.0	132000
34	-243.9772	20.24481	242.09306	181.503	745.2308	-3.1736608	2638.1968	2075.317	6096.49	-728.5561	1000.0	2957.0542	2134.7917	6782.4424	-835.6902	1000.0	136000
35	-251.6766	20.939148	249.76816	186.9321	755.80096	-3.1736608	2688.9014	2113.9324	6096.49	-728.5561	1000.0	3045.3672	2167.7874	6782.4424	-835.6902	1000.0	140000
36	-259.2999	21.632296	257.3691	192.22842	773.65314	-46.8373	2779.2214	2152.024	6271.454	-728.5561	1000.0	3134.279	2201.6174	6782.4424	-835.6902	1000.0	144000
37	-266.83496	22.313404	264.88333	197.35878	774.99896	-46.8373	2867.3096	2187.781	6271.454	-728.5561	1000.0	3217.918	2229.7646	6818.6157	-835.6902	1000.0	148000
38	-274.31207	22.992176	272.3383	202.33253	786.1997	-46.8373	2947.4187	2213.9353	6271.454	-728.5561	1000.0	3296.3457	2252.311	6818.6157	-835.6902	1000.0	152000
39	-281.69278	23.616692	279.70142	207.0927	795.6537	-46.8373	3027.5457	2242.5464	6545.6455	-728.5561	1000.0	3386.482	2291.9763	7159.0127	-835.6902	1000.0	156000
40	-288.93536	24.20067	286.92615	211.63916	806.7452	-46.8373	3109.508	2272.7976	6545.6455	-728.5561	1000.0	3463.4219	2314.098	7159.0127	-835.6902	1000.0	160000
41	-296.08282	24.784931	294.05704	216.00449	819.15924	-46.8373	3190.8113	2303.8215	6887.4023	-728.5561	1000.0	3541.784	2339.0967	7159.0127	-835.6902	1000.0	164000
42	-303.11014	25.332718	301.06836	220.18582	835.87274	-46.8373	3271.836	2334.635	6887.4023	-728.5561	1000.0	3629.1562	2378.3494	7649.73	-835.6902	1000.0	168000
43	-310.0422	25.903934	307.98422	224.23163	847.518	-46.8373	3353.1736	2366.9297	7018.0293	-728.5561	1000.0	3699.5015	2396.2805	7649.73	-835.6902	1000.0	172000
44	-316.91476	26.450523	314.84067	228.16881	853.03375	-46.8373	3428.6438	2391.817	7018.0293	-728.5561	1000.0	3764.607	2422.103	7711.655	-835.6902	1000.0	176000
45	-323.71075	26.991129	321.62112	231.99464	858.157	-46.8373	3503.8423	2417.6985	7342.484	-728.5561	1000.0	3838.2385	2444.7212	7711.655	-835.6902	1000.0	180000
46	-330.4146	27.48923	328.3104	235.69624	864.3076	-46.8373	3581.0315	2446.796	7342.484	-728.5561	1000.0	3889.1338	2456.7825	7711.655	-835.6902	1000.0	184000
47	-337.03894	27.986622	334.92108	239.29655	878.09735	-46.8373	3654.7966	2471.9666	7342.484	-728.5561	1000.0	3959.6113	2477.8914	7864.7466	-835.6902	1000.0	188000
48	-343.5476	28.473463	341.41562	242.76192	902.3206	-46.8373	3726.168	2494.825	7342.484	-728.5561	1000.0	4028.2568	2497.5225	7864.7466	-835.6902	1000.0	192000
49	-349.98196	28.94787	347.83627	246.13242	907.3195	-71.619286	3796.095	2516.3271	7342.484	-728.5561	1000.0	4100.5923	2522.6006	8113.044	-835.6902	1000.0	196000
50	-356.36276	29.425463	354.20312	249.42345	915.39923	-71.619286	3863.009	2534.7722	7342.484	-728.5561	1000.0	4162.082	2538.5146	8548.056	-835.6902	1000.0	200000
