epoch	pi-loss	v-loss	average-v-values	std-v-values	max-v-values	min-v-values	kl	average-episode-return	std-episode-return	max-episode-return	min-episode-return	episode-length	total-env-interacts
1	-0.12892675	1260.9299	-4.588022	0.8221572	0.29056138	-6.069629	0.0045116697	-387.278	57.69065	-333.31494	-479.1932	1000.0	4000
2	-0.12278344	1147.1321	-7.2950196	2.7722967	0.29056138	-10.141266	0.004377939	-401.7722	74.26214	-320.75903	-544.3117	1000.0	8000
3	-0.12245498	997.1287	-9.119479	3.433242	0.29056138	-12.838625	0.004376017	-391.56204	82.42777	-252.32736	-544.3117	1000.0	12000
4	-0.12151056	872.0691	-10.550839	3.8714733	0.29056138	-14.889255	0.0043910383	-375.73883	86.05382	-204.58981	-544.3117	1000.0	16000
5	-0.1207989	758.3804	-11.661245	4.1142817	0.29056138	-16.165514	0.0043651513	-354.17343	88.72086	-204.58981	-544.3117	1000.0	20000
6	-0.12133495	687.6704	-12.661472	4.371487	0.29056138	-17.707884	0.00439481	-345.54178	86.25724	-204.58981	-544.3117	1000.0	24000
7	-0.122142255	627.1254	-13.522495	4.5638385	0.29056138	-18.724333	0.004358241	-332.1556	88.81086	-167.17554	-544.3117	1000.0	28000
8	-0.12353736	566.7348	-14.117577	4.593954	13.966224	-18.724333	0.0043403753	-314.00693	97.114426	-138.78758	-544.3117	1000.0	32000
9	-0.122559205	531.6998	-14.669837	4.6052074	13.966224	-19.184622	0.0043390226	-305.8086	99.69165	-89.344376	-544.3117	1000.0	36000
10	-0.1229548	493.93994	-14.765581	4.5108957	13.966224	-19.184622	0.0043407097	-289.62253	107.67986	-58.633118	-544.3117	1000.0	40000
11	-0.12356396	466.39798	-14.7778635	4.478697	13.966224	-19.184622	0.0043305	-279.29422	108.87673	-58.633118	-544.3117	1000.0	44000
12	-0.12437727	441.96646	-14.359435	4.774566	16.44586	-19.184622	0.0043333904	-264.90433	117.13212	2.2943118	-544.3117	1000.0	48000
13	-0.12465046	418.0879	-14.015979	5.0372796	16.44586	-19.184622	0.004320778	-252.09792	121.22174	2.2943118	-544.3117	1000.0	52000
14	-0.12552193	395.4523	-13.806808	5.1696095	16.44586	-19.184622	0.004343909	-242.58116	122.31955	2.2943118	-544.3117	1000.0	56000
15	-0.12605119	376.53476	-13.593605	5.286484	16.44586	-19.184622	0.0043487125	-234.23457	122.309685	2.2943118	-544.3117	1000.0	60000
16	-0.12693788	364.5272	-13.111062	5.793428	17.87412	-19.184622	0.004369177	-223.59048	127.29048	82.390015	-544.3117	1000.0	64000
17	-0.12748416	347.0105	-12.63275	6.556488	17.87412	-19.184622	0.004371153	-213.71252	132.4065	82.390015	-544.3117	1000.0	68000
18	-0.12859552	333.92892	-12.466103	6.854237	17.87412	-19.210115	0.0043714875	-208.06064	131.43724	82.390015	-544.3117	1000.0	72000
19	-0.12898839	321.17624	-12.2139015	7.1897845	17.87412	-19.69414	0.004376895	-201.43881	132.2838	82.390015	-544.3117	1000.0	76000
20	-0.1291906	312.52966	-12.034606	7.7301464	19.306715	-19.902134	0.0043857186	-195.60803	136.56265	199.40582	-544.3117	1000.0	80000
21	-0.12948553	305.5033	-11.679117	8.16033	19.306715	-19.902134	0.0043898546	-188.7089	137.18095	199.40582	-544.3117	1000.0	84000
22	-0.12982903	306.1534	-11.149983	8.994505	19.999723	-20.490355	0.0043887403	-179.05772	148.60152	396.59616	-544.3117	1000.0	88000
23	-0.13033758	304.13354	-10.173714	10.114772	19.999723	-20.490355	0.0044072894	-165.13353	159.68631	396.59616	-544.3117	1000.0	92000
24	-0.13043119	300.7767	-9.3348055	11.054846	20.324377	-20.73382	0.0044091344	-153.47006	167.97017	396.59616	-544.3117	1000.0	96000
25	-0.1307523	296.23462	-8.971248	11.526626	20.324377	-20.738092	0.004419063	-146.85555	170.28822	396.59616	-544.3117	1000.0	100000
26	-0.13114586	292.59396	-8.536788	11.905733	20.509077	-20.963665	0.0044266284	-139.48969	171.06303	396.59616	-544.3117	1000.0	104000
27	-0.13158396	290.475	-7.8997464	12.537236	21.02477	-21.363184	0.004434806	-129.43948	178.74344	396.59616	-544.3117	1000.0	108000
28	-0.13246694	286.28876	-7.2286553	13.0852585	21.02477	-21.363184	0.0044303196	-119.65508	183.82011	396.59616	-544.3117	1000.0	112000
29	-0.13279031	283.6417	-6.5869164	13.414717	21.02477	-21.363184	0.0044354824	-111.05043	187.47188	396.59616	-544.3117	1000.0	116000
30	-0.13339598	282.82663	-5.967673	13.91965	22.337553	-22.482044	0.004446306	-101.550705	194.42404	396.59616	-544.3117	1000.0	120000
31	-0.13375057	278.6672	-5.440722	14.368175	23.369375	-23.068697	0.00445364	-93.92899	197.82446	396.59616	-544.3117	1000.0	124000
32	-0.1342351	277.87933	-4.948691	14.884204	25.611654	-24.943539	0.004463928	-86.076515	203.6066	434.9912	-544.3117	1000.0	128000
33	-0.13435484	277.65863	-4.5485945	15.382502	28.901972	-27.513218	0.004470379	-78.453094	208.20094	449.86597	-544.3117	1000.0	132000
34	-0.13456236	277.4309	-3.5114021	16.292938	31.580765	-27.513218	0.0044773105	-65.43882	218.63779	464.45236	-544.3117	1000.0	136000
35	-0.13471991	275.09613	-3.37054	16.496355	31.580765	-27.513218	0.004490165	-62.51102	217.78328	464.45236	-544.3117	1000.0	140000
36	-0.13542289	275.78473	-2.54769	17.064161	31.703156	-27.513218	0.0045063095	-52.131893	223.6358	464.45236	-544.3117	1000.0	144000
37	-0.13587156	275.5997	-1.690659	17.630575	33.099865	-27.513218	0.0045172838	-41.426926	229.98248	464.45236	-544.3117	1000.0	148000
38	-0.13610072	276.59058	-1.1122011	18.044676	34.74361	-27.513218	0.004526074	-33.703457	233.24463	464.45236	-544.3117	1000.0	152000
39	-0.13633302	275.50433	-0.2784682	18.73906	37.94602	-29.844908	0.004531032	-23.126497	239.62546	483.80228	-544.3117	1000.0	156000
40	-0.13654527	274.45685	0.14932905	19.136795	37.94602	-35.91498	0.0045440625	-17.489035	240.99594	483.80228	-544.3117	1000.0	160000
41	-0.13668077	274.15158	0.6134602	19.510374	38.154057	-35.91498	0.0045505473	-11.194142	244.2802	483.80228	-544.3117	1000.0	164000
42	-0.13729131	275.4232	1.5764669	20.255392	42.14293	-35.91498	0.0045629954	0.96478707	253.93593	626.8147	-544.3117	1000.0	168000
43	-0.13744308	276.77713	2.0173998	20.740911	44.639557	-35.91498	0.0045724614	7.5517864	259.64066	708.0613	-544.3117	1000.0	172000
44	-0.13776521	280.26077	2.805928	21.345198	46.69119	-35.91498	0.004580185	17.292103	265.09396	708.0613	-544.3117	1000.0	176000
45	-0.13795531	283.33652	3.681321	21.927595	48.392593	-35.91498	0.004591085	27.458593	271.39163	708.0613	-544.3117	1000.0	180000
46	-0.13833423	286.1175	3.7595832	22.310448	50.145725	-44.959953	0.0045996644	29.071352	272.54303	708.0613	-544.3117	1000.0	184000
47	-0.13854626	286.65292	4.294592	22.927244	52.895634	-44.959953	0.0046058646	36.669018	278.0319	708.0613	-544.3117	1000.0	188000
48	-0.13867994	290.07898	5.1174383	23.539003	53.89531	-44.959953	0.0046197413	46.77345	284.86438	812.0727	-544.3117	1000.0	192000
49	-0.13880098	290.52243	5.65708	24.026934	55.281284	-44.959953	0.0046328763	53.67773	289.27374	812.0727	-544.3117	1000.0	196000
50	-0.13882168	293.12787	6.0393596	24.369526	56.77697	-44.959953	0.0046404433	59.101654	291.95248	812.0727	-544.3117	1000.0	200000
