epoch	pi-loss	v-loss	average-v-values	std-v-values	max-v-values	min-v-values	kl	average-episode-return	std-episode-return	max-episode-return	min-episode-return	episode-length	total-env-interacts
1	-0.050194576	727.6817	-4.0473723	1.0394561	0.16920932	-5.285722	0.015044053	-293.0231	62.309612	-233.84457	-396.72977	1000.0	4000
2	-0.05125754	666.19916	-6.362919	2.4416955	0.16920932	-8.858682	0.014735319	-296.92218	71.123924	-178.5505	-396.72977	1000.0	8000
3	-0.05171585	595.51	-8.004436	3.066705	0.16920932	-11.420285	0.014605902	-283.59256	69.95015	-175.82683	-396.72977	1000.0	12000
4	-0.05139011	528.7442	-9.293172	3.4708483	0.16920932	-13.247107	0.014736474	-270.37253	73.14857	-127.86887	-396.72977	1000.0	16000
5	-0.05038815	470.36133	-10.300655	3.737662	3.1211789	-14.643601	0.014803605	-258.69296	71.28838	-127.86887	-396.72977	1000.0	20000
6	-0.050922263	430.41284	-11.260547	4.054833	3.1211789	-16.362549	0.014836597	-256.2937	67.29624	-127.86887	-396.72977	1000.0	24000
7	-0.050892387	387.20584	-11.847231	4.11649	5.34417	-16.543186	0.014869196	-245.15979	72.94959	-118.163956	-396.72977	1000.0	28000
8	-0.050898887	354.59146	-11.933637	4.229208	12.194073	-16.59065	0.014911835	-231.477	78.81497	-65.55749	-396.72977	1000.0	32000
9	-0.050142817	324.6077	-11.452583	4.4869237	12.644748	-16.59065	0.014925199	-215.6344	87.41563	-44.511536	-396.72977	1000.0	36000
10	-0.0501414	301.6159	-11.085105	4.591888	12.644748	-16.59065	0.014939979	-202.4326	94.30396	-7.7790303	-396.72977	1000.0	40000
11	-0.050009076	283.41455	-10.606675	4.742289	12.644748	-16.59065	0.0149473585	-191.12842	97.39448	-7.7790303	-396.72977	1000.0	44000
12	-0.050136905	270.30313	-10.5700245	4.668838	12.644748	-16.59065	0.014957604	-185.40839	96.841774	-7.7790303	-396.72977	1000.0	48000
13	-0.050422344	258.02338	-10.229106	4.7674227	13.305894	-16.59065	0.014968291	-176.1579	98.53965	-7.7790303	-396.72977	1000.0	52000
14	-0.05022298	247.44164	-10.027161	4.768643	13.305894	-16.59065	0.014997629	-169.46587	99.82824	-7.7790303	-396.72977	1000.0	56000
15	-0.04778993	239.65727	-9.640798	4.9685993	13.606726	-16.59065	0.015024214	-161.72798	101.348045	-7.7790303	-396.72977	1000.0	60000
16	-0.045599148	232.73932	-9.521086	5.046198	13.606726	-16.83925	0.015054822	-157.8702	101.21884	-7.7790303	-396.72977	1000.0	64000
17	-0.04360335	224.29633	-9.338182	5.016824	13.606726	-16.83925	0.015107821	-153.91524	99.85961	-7.7790303	-396.72977	1000.0	68000
18	-0.043887097	217.35512	-9.098668	5.0923944	15.226923	-16.83925	0.015102146	-147.8538	100.72274	17.277525	-396.72977	1000.0	72000
19	-0.044258807	211.07404	-8.648924	5.433929	15.816046	-16.83925	0.015102061	-139.90096	104.33147	42.77524	-396.72977	1000.0	76000
20	-0.04449496	203.79453	-8.416233	5.4308057	15.816046	-16.83925	0.015103993	-135.80328	103.3832	42.77524	-396.72977	1000.0	80000
21	-0.04479565	199.5427	-8.245193	5.4497614	15.816046	-16.83925	0.015102078	-132.30292	102.56657	42.77524	-396.72977	1000.0	84000
22	-0.043389842	195.81636	-8.120936	5.408896	15.816046	-16.83925	0.015100578	-129.32362	102.36727	48.946285	-396.72977	1000.0	88000
23	-0.042146634	193.69023	-7.979685	5.5646443	15.816046	-18.023438	0.015170452	-126.98334	104.67081	48.946285	-396.72977	1000.0	92000
24	-0.042279422	188.77235	-7.826543	5.53194	15.816046	-18.023438	0.015166518	-123.81598	103.7089	48.946285	-396.72977	1000.0	96000
25	-0.0423936	183.73659	-7.486849	5.692957	15.816046	-18.023438	0.015161136	-118.418175	105.05157	48.946285	-396.72977	1000.0	100000
26	-0.042325966	182.5738	-7.2877297	5.740989	16.959076	-18.023438	0.015158204	-114.25175	105.623764	49.566406	-396.72977	1000.0	104000
27	-0.042650934	179.22649	-6.932644	5.9710546	16.959076	-18.023438	0.015153193	-108.898384	107.311005	63.298782	-396.72977	1000.0	108000
28	-0.042853657	175.55309	-6.7223186	5.99079	16.959076	-18.023438	0.015152122	-105.52515	107.189804	63.298782	-396.72977	1000.0	112000
29	-0.04282439	173.8779	-6.3199277	6.3067408	16.959076	-18.023438	0.015154329	-99.8249	109.82074	94.90677	-396.72977	1000.0	116000
30	-0.0418272	170.16446	-6.001953	6.454542	16.959076	-18.023438	0.015198973	-95.0784	110.98157	94.90677	-396.72977	1000.0	120000
31	-0.0418716	168.98091	-5.901928	6.3921094	16.959076	-18.023438	0.015198546	-93.224144	109.86422	94.90677	-396.72977	1000.0	124000
32	-0.041042894	166.29922	-5.3781867	6.9587183	17.802612	-18.023438	0.015201835	-86.198166	115.060486	163.1753	-396.72977	1000.0	128000
33	-0.040272854	164.05013	-5.091476	7.2476277	18.377806	-18.919771	0.015224384	-82.3217	116.65646	163.1753	-396.72977	1000.0	132000
34	-0.040468372	163.7597	-4.7396865	7.471884	18.377806	-18.919771	0.0152204735	-77.85049	118.494835	163.1753	-396.72977	1000.0	136000
35	-0.040711906	161.63524	-4.434855	7.5981317	18.377806	-18.919771	0.015215313	-73.60289	119.49854	163.1753	-396.72977	1000.0	140000
36	-0.040934816	160.89664	-4.169278	7.682248	18.377806	-18.919771	0.01521095	-69.6799	120.19899	163.1753	-396.72977	1000.0	144000
37	-0.041173078	159.59174	-3.9140654	7.760682	18.377806	-18.919771	0.015206078	-66.64457	120.094986	163.1753	-396.72977	1000.0	148000
38	-0.041333415	159.65802	-3.5748913	7.957681	18.8081	-18.919771	0.01520319	-62.305817	122.20243	187.55637	-396.72977	1000.0	152000
39	-0.041531242	157.96198	-3.1221025	8.352708	19.6738	-18.919771	0.0152009465	-56.68079	125.568695	196.28163	-396.72977	1000.0	156000
40	-0.041750204	156.7211	-2.71499	8.653454	20.113556	-18.919771	0.015202021	-51.741234	128.06302	196.28163	-396.72977	1000.0	160000
41	-0.04192659	155.1923	-2.242229	9.073388	21.08061	-18.919771	0.015198254	-45.76331	132.11581	240.60141	-396.72977	1000.0	164000
42	-0.0421397	154.64343	-1.7432915	9.528459	21.983303	-18.919771	0.015195136	-39.85469	135.92879	240.60141	-396.72977	1000.0	168000
43	-0.042203594	156.29393	-1.3446229	9.805979	22.376532	-18.919771	0.015192318	-34.671665	139.38141	286.9142	-396.72977	1000.0	172000
44	-0.041528676	155.4812	-0.902916	10.130944	22.7365	-18.919771	0.015209848	-29.381441	142.15605	286.9142	-396.72977	1000.0	176000
45	-0.04158049	156.77196	-0.44840166	10.496838	24.54522	-20.74145	0.015210358	-24.068707	145.48315	336.77475	-396.72977	1000.0	180000
46	-0.04099023	156.45879	0.13183548	11.095166	27.81771	-20.74145	0.015270703	-17.126368	151.53766	390.5716	-396.72977	1000.0	184000
47	-0.040387265	158.79845	0.589879	11.447354	27.81771	-23.76737	0.015274782	-11.808802	155.19627	408.14407	-396.72977	1000.0	188000
48	-0.04049096	158.59926	1.102021	11.87344	28.377895	-23.76737	0.015274434	-5.7049966	159.2743	408.14407	-396.72977	1000.0	192000
49	-0.040582307	159.94412	1.5105096	12.184856	29.169857	-28.757738	0.015273193	-0.5968304	161.72931	408.14407	-396.72977	1000.0	196000
50	-0.04065628	160.31837	1.8611065	12.547446	29.5597	-29.499146	0.015268917	3.6999576	163.41217	408.14407	-396.72977	1000.0	200000
