epoch	pi-loss	v-loss	average-v-values	std-v-values	max-v-values	min-v-values	kl	average-episode-return	std-episode-return	max-episode-return	min-episode-return	episode-length	total-env-interacts
1	-0.019471167	290.7152	4.7596235	0.44994792	5.097573	0.07262631	0.017748196	20.179749	17.964909	108.9485	4.558795	21.311829	4000
2	-0.019163772	842.81537	6.924573	2.1991708	9.185464	0.07262631	0.017457291	28.568848	32.77586	231.22557	4.558795	25.842106	8000
3	-0.0192376	1391.8564	9.030153	3.4772651	13.251377	0.07262631	0.014769821	38.50762	44.46723	250.12766	4.558795	30.821053	12000
4	-0.017719701	1712.6497	10.986992	4.533894	16.860954	0.07262631	0.012567702	47.833427	51.539433	250.12766	4.558795	35.01573	16000
5	-0.017694121	2002.8525	12.859642	5.520167	20.351938	0.07262631	0.011630704	56.349716	58.003925	250.12766	4.558795	38.77046	20000
6	-0.01757494	2150.4646	14.635109	6.415213	23.513487	0.07262631	0.010746981	63.715103	61.54692	250.12766	4.558795	41.85045	24000
7	-0.017711366	2342.0696	16.366581	7.2981925	26.756182	0.07262631	0.01020296	70.55747	65.57495	268.55627	4.558795	44.710266	28000
8	-0.017341431	2533.3076	18.083685	8.200293	30.103975	0.07262631	0.009813995	77.686676	70.00898	268.55627	4.558795	47.608963	32000
9	-0.0170284	2714.331	19.78624	9.108384	33.40704	0.07262631	0.009390058	84.3566	74.34496	268.55627	4.558795	50.33965	36000
10	-0.017052984	2815.7861	21.44584	9.972707	36.382603	0.07262631	0.0091510685	90.21143	77.2316	268.55627	4.558795	52.656593	40000
11	-0.016909266	2918.1345	23.073957	10.813011	39.35539	0.07262631	0.008915188	96.23214	80.18807	268.55627	4.558795	55.01302	44000
12	-0.016806481	2998.636	24.67449	11.634279	42.28055	0.07262631	0.008706353	101.79735	82.633064	268.55627	4.558795	57.159008	48000
13	-0.016473792	3059.557	26.24761	12.435471	45.125275	0.07262631	0.008550262	106.91533	84.59793	268.55627	4.558795	59.11177	52000
14	-0.016419193	3091.0144	27.78358	13.20094	47.75136	0.07262631	0.008417566	111.70263	86.10427	268.55627	4.558795	60.90785	56000
15	-0.016574137	3119.8992	29.288836	13.941604	50.362564	0.07262631	0.008345298	116.473236	87.67132	268.55627	4.558795	62.7082	60000
16	-0.016512435	3147.389	30.769455	14.666417	52.97888	0.07262631	0.008213531	120.92337	89.07022	277.51627	4.558795	64.372635	64000
17	-0.016381888	3146.4482	32.21572	15.35961	55.356125	0.07262631	0.008149001	124.967354	89.94625	277.51627	4.558795	65.92292	68000
18	-0.016299881	3147.669	33.63174	16.028034	57.70419	0.07262631	0.008014599	128.66417	90.7657	278.1126	4.558795	67.33692	72000
19	-0.016252443	3156.5718	35.02702	16.685911	60.142242	0.07262631	0.0078980625	132.43802	91.72607	283.65814	4.558795	68.76682	76000
20	-0.016388172	3139.97	36.390656	17.315577	62.299877	0.07262631	0.007903748	135.82387	92.18545	283.93628	4.558795	70.04858	80000
21	-0.016454672	3128.0767	37.72929	17.927368	64.50213	0.07262631	0.007849963	139.06856	92.72609	284.85922	4.558795	71.296	84000
22	-0.016575532	3109.046	38.952965	18.48187	66.59288	0.07262631	0.007860444	142.12859	93.17238	288.90054	4.558795	72.46724	88000
23	-0.016645558	3067.998	39.93804	18.947292	68.85177	0.07262631	0.0078120907	144.98773	93.27542	311.74496	4.558795	73.49749	92000
24	-0.016773276	3045.2395	40.948296	19.454863	71.36388	0.07262631	0.007848165	147.95789	93.823006	311.74496	4.558795	74.56387	96000
25	-0.016893027	3025.6116	42.007336	19.989594	73.7976	0.07262631	0.00787847	150.7866	94.45915	334.17957	4.558795	75.574486	100000
26	-0.01697145	3009.432	43.03531	20.549114	76.36942	-1.9048095	0.0078788195	153.82103	95.37882	334.37482	4.558795	76.66692	104000
27	-0.016957514	2980.838	44.061455	21.112099	78.75848	-1.9048095	0.007891055	156.51996	95.92023	336.6572	4.558795	77.63876	108000
28	-0.017194346	2958.0312	45.100403	21.692175	81.18222	-2.7857444	0.0079457555	159.26073	96.5463	336.6572	4.558795	78.57437	112000
29	-0.017224737	2947.014	46.148476	22.2966	83.85867	-2.7857444	0.007952216	162.10219	97.45643	336.6616	4.558795	79.510086	116000
30	-0.017262995	2926.156	47.18406	22.915253	86.36021	-2.7857444	0.007936521	164.96378	98.26513	336.6616	4.558795	80.45141	120000
31	-0.017326264	2901.7244	48.216007	23.527372	88.68362	-5.013453	0.007927311	167.52495	98.85042	336.6616	4.558795	81.28581	124000
32	-0.017450873	2880.5403	49.231686	24.16022	91.13275	-6.151703	0.007987528	170.24768	99.64594	341.12	4.558795	82.174644	128000
33	-0.01753188	2856.6357	50.25666	24.79385	93.46136	-6.151703	0.008048142	172.80693	100.21843	341.12	4.558795	82.9868	132000
34	-0.01750566	2831.4114	51.275787	25.426064	95.8246	-6.151703	0.008007322	175.27182	100.84105	341.12	4.558795	83.781876	136000
35	-0.017552888	2808.5144	52.285942	26.060705	98.291084	-6.151703	0.008049192	177.81778	101.54933	341.12	4.558795	84.577774	140000
36	-0.017629467	2784.852	53.30393	26.700075	100.564156	-6.151703	0.008060036	180.17883	102.174576	353.00906	4.558795	85.323364	144000
37	-0.017568981	2759.2952	54.295376	27.330252	102.908165	-6.151703	0.008005835	182.51993	102.78744	353.00906	4.558795	86.03978	148000
38	-0.017684365	2727.6504	55.275314	27.937283	104.94616	-6.151703	0.008073893	184.70477	103.15908	353.00906	4.558795	86.72613	152000
39	-0.017692966	2696.9153	56.255024	28.538937	106.82008	-6.151703	0.008100558	186.70181	103.497635	353.00906	4.558795	87.387024	156000
40	-0.017692888	2672.2546	57.23995	29.158564	108.99629	-6.151703	0.008100445	188.86452	104.08948	362.5741	4.558795	88.05279	160000
41	-0.017713424	2646.4048	58.210537	29.767847	111.301674	-6.151703	0.00813892	191.0223	104.675385	362.70322	4.558795	88.720894	164000
42	-0.017752908	2619.1582	59.16993	30.380901	113.590805	-6.151703	0.008191695	193.19559	105.28493	362.70322	4.558795	89.392136	168000
43	-0.017722167	2587.71	60.10574	30.981655	115.703514	-6.151703	0.008197845	195.27512	105.79066	362.70322	4.558795	90.05918	172000
44	-0.01770278	2556.7852	61.03629	31.574331	117.70379	-6.151703	0.008217096	197.30153	106.29346	399.29654	4.558795	90.71841	176000
45	-0.017684925	2526.5557	61.96162	32.15569	119.64583	-6.151703	0.008212855	199.29106	106.81765	454.8649	4.558795	91.35569	180000
46	-0.017637338	2495.478	62.873013	32.73917	121.657974	-6.151703	0.008219381	201.30824	107.31633	454.8649	4.558795	91.98785	184000
47	-0.017546792	2467.5635	63.774967	33.31204	123.747375	-6.151703	0.00820274	203.4863	108.04422	454.8649	4.558795	92.69844	188000
48	-0.017557262	2439.6387	64.68347	33.882797	125.67939	-6.151703	0.00823929	205.45306	108.581985	454.8649	4.558795	93.329056	192000
49	-0.0175936	2413.2385	65.58689	34.45588	127.72651	-6.151703	0.008289319	207.50221	109.295975	454.8649	4.558795	93.98734	196000
50	-0.017673396	2392.473	66.53121	35.04027	129.8796	-6.151703	0.008326765	209.50156	110.16249	454.8649	4.558795	94.639	200000
51	-0.017781908	2374.395	67.46956	35.639755	132.26756	-6.151703	0.008371964	211.5788	111.12312	498.29657	4.558795	95.27605	204000
52	-0.017823389	2361.6648	68.42833	36.243546	134.74236	-6.151703	0.008385686	213.60571	112.30573	593.1966	4.558795	95.89014	208000
53	-0.017834345	2349.5073	69.385124	36.850895	137.19444	-6.151703	0.0084000295	215.86273	113.66471	593.1966	4.558795	96.56536	212000
54	-0.017826557	2336.7354	70.35668	37.48639	139.85316	-6.151703	0.00841763	218.10312	115.03053	593.1966	4.558795	97.19599	216000
55	-0.017820926	2325.768	71.34775	38.142483	142.37613	-6.151703	0.008430368	220.2888	116.4309	593.1966	4.558795	97.85896	220000
56	-0.017865198	2318.1226	72.352104	38.811104	145.01717	-6.151703	0.008505558	222.57834	118.242935	593.1966	4.558795	98.54248	224000
57	-0.017901935	2306.9526	73.33762	39.47775	147.56511	-6.151703	0.008525273	224.93071	120.024345	647.2954	4.558795	99.24388	228000
58	-0.017947214	2294.3599	74.32889	40.146782	149.92542	-6.151703	0.008551279	227.34627	121.68288	647.2954	4.558795	99.96391	232000
59	-0.018011345	2283.1526	75.34573	40.822735	152.19522	-6.151703	0.008578064	229.52838	123.150955	647.2954	4.558795	100.58273	236000
60	-0.018061148	2274.11	76.35271	41.502594	154.93512	-6.151703	0.00859593	231.75499	124.82586	647.2954	4.558795	101.21496	240000
61	-0.018099574	2262.5627	77.35738	42.184765	157.60461	-6.151703	0.008593544	234.05673	126.76758	677.69775	4.558795	101.89791	244000
62	-0.018111737	2254.6943	78.372826	42.87766	160.27963	-6.151703	0.008602879	236.24255	128.5285	677.69775	4.558795	102.53454	248000
63	-0.018154543	2246.0789	79.4107	43.60017	163.03464	-6.151703	0.008618488	238.38623	130.1156	677.69775	4.558795	103.12604	252000
64	-0.01818675	2234.2783	80.45435	44.32714	165.59	-6.151703	0.008621126	240.63295	131.90645	677.69775	4.558795	103.75832	256000
65	-0.01822621	2226.7756	81.50416	45.05607	168.31003	-11.555058	0.008645808	243.07657	134.11032	677.69775	4.558795	104.43635	260000
66	-0.018268704	2219.8945	82.55573	45.79652	171.11299	-11.555058	0.008663064	245.56737	136.37996	694.696	4.558795	105.112625	264000
67	-0.01831381	2206.02	83.58389	46.505726	173.40007	-11.555058	0.008677625	247.79291	138.11066	694.696	4.558795	105.74589	268000
68	-0.018334942	2202.0632	84.64841	47.22723	175.71613	-11.555058	0.008680276	250.0264	139.97998	694.696	4.558795	106.34016	272000
69	-0.018386252	2196.0603	85.70196	47.944313	178.2407	-11.555058	0.008717036	252.2981	141.99385	694.696	4.558795	106.96435	276000
70	-0.018401615	2187.2356	86.7488	48.65646	180.4299	-11.555058	0.0087230615	254.72818	144.14671	694.696	4.558795	107.6509	280000
71	-0.018393602	2174.1082	87.77824	49.364613	182.74812	-11.555058	0.008740669	257.16074	146.17761	694.696	4.558795	108.31362	284000
72	-0.018431919	2162.9119	88.820625	50.07791	185.2965	-11.555058	0.008733539	259.57596	148.43806	694.696	4.558795	108.98866	288000
73	-0.018481351	2152.7583	89.89655	50.8245	187.9762	-11.555058	0.00876267	261.92657	150.69757	722.4799	4.558795	109.63772	292000
74	-0.018520838	2142.0085	90.94574	51.54122	190.42923	-11.555058	0.00875829	264.32407	152.90813	722.4799	4.558795	110.3014	296000
75	-0.018558389	2136.9316	92.03078	52.28841	192.7436	-11.555058	0.008814062	266.73502	155.21799	722.4799	4.558795	110.95363	300000
76	-0.018591577	2124.9932	93.06699	52.998493	195.19226	-11.555058	0.008831848	269.21188	157.3167	722.4799	4.558795	111.60071	304000
77	-0.018622804	2117.562	94.126724	53.718292	197.50757	-11.555058	0.008853096	271.38037	159.1591	722.4799	4.558795	112.16843	308000
78	-0.018654274	2106.117	95.18951	54.44625	200.06863	-11.555058	0.00884316	273.56546	161.09001	722.4799	4.558795	112.740974	312000
79	-0.018670963	2092.8125	96.253136	55.176952	202.5362	-11.555058	0.008850161	275.82452	163.16296	743.1093	4.558795	113.34813	316000
80	-0.018755293	2079.5315	97.30678	55.895702	204.91489	-11.555058	0.008875819	277.97363	164.98683	756.27783	4.558795	113.91331	320000
81	-0.018795168	2063.5115	98.31135	56.565605	206.93605	-11.555058	0.008873716	280.23053	166.69229	756.27783	4.558795	114.50057	324000
82	-0.018856008	2048.4844	99.33068	57.24907	209.05621	-11.555058	0.00892709	282.31604	168.3568	756.27783	4.558795	115.04014	328000
83	-0.018865263	2033.4801	100.35283	57.93113	211.18611	-11.555058	0.008920586	284.5375	170.11763	756.27783	4.558795	115.61061	332000
84	-0.018865278	2018.2987	101.3872	58.619396	213.31038	-11.555058	0.008927104	286.61594	171.74725	756.27783	4.558795	116.15258	336000
85	-0.018874766	2004.1948	102.397415	59.289886	215.46642	-11.555058	0.008953565	288.80972	173.6105	766.27136	4.558795	116.71524	340000
86	-0.01892246	1989.7936	103.42992	59.979538	217.64128	-11.555058	0.008994502	291.0177	175.49551	766.27136	4.558795	117.29379	344000
87	-0.018958762	1975.0057	104.45573	60.66301	219.73892	-11.555058	0.009019365	293.2438	177.39182	787.7364	4.558795	117.875824	348000
88	-0.018976996	1959.0156	105.455055	61.31707	221.59448	-11.555058	0.0090435855	295.39453	178.96547	787.7364	4.558795	118.42278	352000
89	-0.01902337	1943.395	106.46459	61.97245	223.45352	-11.555058	0.009078518	297.51138	180.64774	835.597	4.558795	118.96915	356000
90	-0.018860612	1928.7528	107.4727	62.628536	225.38947	-11.555058	0.009174544	299.81622	182.69974	835.597	4.558795	119.5821	360000
91	-0.018694632	1916.2251	108.491234	63.28805	227.5942	-11.555058	0.009238603	302.14487	185.04361	957.5882	4.558795	120.20567	364000
92	-0.018690228	1901.3142	109.48306	63.92399	229.46693	-11.555058	0.009259272	304.5282	187.20992	957.5882	4.558795	120.842255	368000
93	-0.018716056	1886.5032	110.47097	64.555984	231.27747	-11.555058	0.009301167	306.84354	189.21092	957.5882	4.558795	121.44784	372000
94	-0.018731643	1881.7013	111.4572	65.17245	231.92752	-11.555058	0.009336327	308.9078	190.76822	957.5882	4.558795	121.99965	376000
95	-0.018740172	1866.078	112.4132	65.76055	233.39578	-11.555058	0.009386226	311.09064	192.48547	957.5882	4.558795	122.57419	380000
96	-0.01874304	1849.7863	113.36	66.33916	234.8168	-11.555058	0.009402112	313.18134	193.99133	957.5882	4.558795	123.12661	384000
97	-0.018762916	1834.3737	114.30286	66.90838	236.37717	-11.555058	0.00944666	315.3302	195.61586	957.5882	4.558795	123.68401	388000
98	-0.018758358	1818.9108	115.23264	67.46008	237.77956	-11.555058	0.009494721	317.53162	197.32971	957.5882	4.558795	124.27044	392000
99	-0.018749127	1804.1757	116.15107	67.99642	239.27028	-11.555058	0.009531755	319.79593	199.17326	957.5882	4.558795	124.8765	396000
100	-0.018740524	1795.18	117.08069	68.53846	240.17659	-11.555058	0.009588623	321.9519	200.95186	957.5882	4.558795	125.46571	400000
101	-0.018688172	1780.6158	117.97669	69.050606	241.65594	-11.555058	0.009608659	324.25543	202.8487	957.5882	4.558795	126.08619	404000
102	-0.018648965	1765.8225	118.86751	69.55771	243.05516	-11.555058	0.009629163	326.49765	204.5991	957.5882	4.558795	126.68714	408000
103	-0.01851562	1751.608	119.76801	70.06685	244.51547	-11.555058	0.009688055	328.6515	206.3805	957.5882	4.558795	127.26696	412000
104	-0.018541034	1738.6334	120.69952	70.59672	246.54144	-11.555058	0.009710931	330.74448	208.41565	957.5882	4.558795	127.84821	416000
105	-0.01840882	1724.7006	121.60823	71.10365	247.96478	-11.555058	0.009779868	332.6334	210.0018	957.5882	4.558795	128.37218	420000
106	-0.018248037	1711.4869	122.53147	71.618935	249.66344	-11.555058	0.009850972	334.61557	211.99692	959.0737	4.558795	128.92506	424000
107	-0.018228762	1697.4283	123.402336	72.08896	250.76443	-11.555058	0.009860936	336.59326	213.5394	959.0737	4.558795	129.46997	428000
108	-0.018268762	1684.0757	124.295	72.57504	252.05116	-11.555058	0.009900051	338.44373	215.00003	959.0737	4.558795	129.97339	432000
109	-0.018120635	1671.2485	125.211655	73.08156	253.85596	-11.555058	0.00999731	340.4073	216.89394	1030.3981	4.558795	130.51457	436000
110	-0.018182104	1657.8668	126.08778	73.552536	255.09601	-11.555058	0.01004192	342.3627	218.54163	1030.3981	4.558795	131.06062	440000
111	-0.01822601	1645.0953	126.96422	74.022675	256.53418	-11.555058	0.010084618	344.2137	220.1399	1030.3981	4.558795	131.57175	444000
112	-0.018201973	1631.9225	127.786026	74.45148	257.388	-11.555058	0.010084455	346.31467	221.72105	1030.3981	4.558795	132.14442	448000
113	-0.01820983	1619.641	128.63342	74.9009	258.73898	-11.555058	0.010102605	348.47186	223.5826	1030.3981	4.558795	132.72693	452000
114	-0.01807606	1607.2245	129.49937	75.35691	260.23898	-11.555058	0.010164969	350.34268	225.20139	1030.3981	4.558795	133.23967	456000
115	-0.018089496	1595.3003	130.37523	75.82415	261.74237	-11.555058	0.01018576	352.3429	227.13943	1065.4933	4.558795	133.7903	460000
116	-0.018076045	1583.2645	131.19934	76.247	263.021	-11.555058	0.010182688	354.23465	228.62444	1065.4933	4.558795	134.2918	464000
117	-0.018025894	1571.5315	132.04433	76.67974	264.3438	-11.555058	0.010228965	356.02936	230.06316	1065.4933	4.558795	134.76947	468000
118	-0.018074652	1565.7522	132.89009	77.11159	264.68964	-11.555058	0.010269599	358.00064	231.78761	1065.4933	4.558795	135.30779	472000
119	-0.018101187	1555.1384	133.74641	77.55901	266.53305	-11.555058	0.010311178	360.11652	234.28566	1247.0736	4.558795	135.89471	476000
120	-0.017987987	1543.7341	134.56757	77.974045	267.45306	-11.555058	0.01036198	362.11243	235.9689	1247.0736	4.558795	136.43098	480000
121	-0.017876724	1540.2148	135.42076	78.40811	267.7757	-11.555058	0.010406885	364.04303	237.87538	1247.0736	4.558795	136.96103	484000
122	-0.017740684	1536.0497	136.26811	78.83231	268.42603	-11.555058	0.010454295	366.1767	240.39783	1540.5841	4.558795	137.55482	488000
123	-0.0176067	1525.2537	137.08287	79.23465	269.59515	-11.555058	0.010506235	368.20908	242.28018	1540.5841	4.558795	138.11296	492000
124	-0.017514499	1530.887	137.9701	79.6752	269.59515	-11.555058	0.010568077	369.8251	244.304	1540.5841	4.558795	138.58038	496000
125	-0.017391467	1520.798	138.75424	80.04194	270.2811	-11.555058	0.010626857	371.86325	246.31471	1540.5841	4.558795	139.15646	500000
126	-0.017405363	1511.8503	139.56085	80.426025	271.78595	-11.555058	0.0106448475	373.93753	248.871	1540.5841	4.558795	139.74878	504000
127	-0.01737412	1502.0734	140.3472	80.79424	272.74652	-11.555058	0.010660161	376.1292	251.2597	1540.5841	4.558795	140.36691	508000
128	-0.01726412	1492.2241	141.13812	81.15892	273.79544	-11.555058	0.010699493	378.04913	253.25385	1540.5841	4.558795	140.899	512000
129	-0.017152978	1489.5957	141.91515	81.506615	273.79544	-11.555058	0.010743479	379.86664	254.87709	1540.5841	4.558795	141.40831	516000
130	-0.017046226	1479.9541	142.66295	81.8338	273.79544	-11.555058	0.010782123	381.8857	256.7425	1540.5841	4.558795	141.96709	520000
131	-0.017030232	1470.5845	143.4106	82.16635	275.44547	-11.555058	0.010799393	384.23233	259.27393	1540.5841	4.558795	142.62895	524000
132	-0.016937446	1468.33	144.14703	82.483604	275.44547	-11.555058	0.010835357	386.3245	261.23843	1540.5841	4.558795	143.20833	528000
133	-0.016868183	1480.0023	144.92249	82.80418	275.44547	-11.555058	0.010875398	387.9455	262.88095	1540.5841	4.558795	143.66397	532000
134	-0.016823918	1478.063	145.6665	83.10532	275.44547	-11.555058	0.010907701	390.01883	265.3729	1540.5841	4.558795	144.25215	536000
135	-0.016721096	1483.6322	146.43799	83.41568	275.44547	-11.555058	0.010976306	391.85486	267.93503	1540.5841	4.558795	144.79074	540000
136	-0.01662758	1474.8752	147.14247	83.68588	275.44547	-11.555058	0.01103193	393.75214	269.6891	1540.5841	4.558795	145.3142	544000
137	-0.016511885	1466.4357	147.88016	83.98726	277.55383	-11.555058	0.011099314	395.40106	271.30997	1540.5841	4.558795	145.77368	548000
138	-0.016422676	1457.9998	148.63898	84.31102	280.22925	-11.555058	0.011159917	397.45563	274.04056	1540.5841	4.558795	146.36433	552000
139	-0.016317282	1450.0421	149.40703	84.64896	282.79874	-11.555058	0.011197356	399.6118	277.02747	1540.5841	4.558795	146.97975	556000
140	-0.016222194	1441.9238	150.16243	84.97816	284.71524	-11.555058	0.01123859	401.472	279.19733	1540.5841	4.558795	147.50732	560000
141	-0.016255734	1433.4595	150.8746	85.26987	285.35992	-11.555058	0.011261267	402.97003	280.52914	1540.5841	4.558795	147.91533	564000
142	-0.0162738	1425.027	151.57228	85.55086	285.47162	-11.555058	0.011274321	404.75	282.21222	1540.5841	4.558795	148.40582	568000
143	-0.01629907	1416.6447	152.26143	85.82994	285.47162	-11.555058	0.011300377	406.79617	284.2896	1602.283	4.558795	148.98085	572000
144	-0.0162115	1408.3657	152.94514	86.09294	285.47162	-11.555058	0.01133143	408.65317	286.07104	1602.283	4.558795	149.4971	576000
145	-0.01623888	1400.4163	153.61194	86.34647	285.47162	-11.555058	0.011357117	410.4144	287.37735	1602.283	4.558795	149.97174	580000
146	-0.016245773	1392.7296	154.27954	86.59134	286.30948	-11.555058	0.011359066	412.0602	289.08157	1602.283	4.558795	150.43384	584000
147	-0.016154747	1384.988	154.94193	86.84367	286.49976	-11.555058	0.011394092	413.97775	290.7907	1602.283	4.558795	150.95412	588000
148	-0.016053589	1377.6387	155.61815	87.104675	288.52216	-11.555058	0.011429988	415.85056	293.17462	1932.5087	4.558795	151.47311	592000
149	-0.015965305	1370.3657	156.3055	87.38161	290.3949	-11.555058	0.011467178	417.79825	295.18158	1932.5087	4.558795	152.00427	596000
150	-0.015880363	1363.1294	157.0027	87.659485	291.63596	-11.555058	0.011498175	419.65228	297.2752	1932.5087	4.558795	152.51521	600000
151	-0.015782943	1355.7715	157.67488	87.918915	291.73676	-11.555058	0.011540343	421.32504	298.90356	1932.5087	4.558795	152.97986	604000
152	-0.015700111	1348.8308	158.32874	88.16135	291.73676	-11.555058	0.011574384	423.20343	300.84085	1932.5087	4.558795	153.50311	608000
153	-0.015619979	1341.7482	158.94342	88.374435	291.73676	-11.555058	0.011603398	425.00092	302.21207	1932.5087	4.558795	153.99435	612000
154	-0.015551716	1334.5505	159.58015	88.60105	291.73676	-11.555058	0.011632477	426.98328	304.2213	1932.5087	4.558795	154.55022	616000
155	-0.015485114	1327.6368	160.22075	88.82163	291.73676	-11.555058	0.011659402	428.71338	305.9661	1932.5087	4.558795	155.03311	620000
156	-0.015413246	1320.6434	160.83142	89.02277	291.73676	-11.555058	0.011693022	430.21878	306.8979	1932.5087	4.558795	155.43144	624000
157	-0.015330382	1314.0634	161.47064	89.24208	291.73676	-11.555058	0.011731071	432.1326	309.10306	1932.5087	4.558795	155.97182	628000
158	-0.01524722	1307.4065	162.09853	89.45062	292.24988	-11.555058	0.011752228	433.95923	311.0183	1932.5087	4.558795	156.47856	632000
159	-0.015267513	1301.1482	162.6501	89.61104	292.24988	-11.555058	0.011774103	435.70056	312.12518	1932.5087	4.558795	156.947	636000
160	-0.015194031	1294.7424	163.19492	89.76502	292.24988	-11.555058	0.0117995525	437.46338	313.2622	1932.5087	4.558795	157.41731	640000
161	-0.015121558	1288.2692	163.72842	89.9096	292.24988	-11.555058	0.011831447	439.2668	314.40652	1932.5087	4.558795	157.89774	644000
162	-0.015060282	1281.7482	164.23718	90.02855	292.24988	-11.555058	0.011856213	440.80725	315.10645	1932.5087	4.558795	158.30083	648000
163	-0.014958856	1275.8185	164.73538	90.13711	292.24988	-11.555058	0.011904358	442.374	315.9678	1932.5087	4.558795	158.71112	652000
164	-0.0149589395	1269.4396	165.17856	90.21193	292.24988	-11.555058	0.011912618	443.80435	316.2496	1932.5087	4.558795	159.07228	656000
165	-0.014992306	1262.8958	165.633	90.28247	292.24988	-11.555058	0.011922564	445.00024	316.43768	1932.5087	4.558795	159.36705	660000
166	-0.014928531	1256.9408	166.10207	90.37027	292.24988	-11.555058	0.011970748	446.546	317.24872	1932.5087	4.558795	159.76857	664000
167	-0.014852207	1251.0077	166.57751	90.45991	292.24988	-11.555058	0.011990893	448.04114	317.95776	1932.5087	4.558795	160.1529	668000
168	-0.014881307	1244.7029	166.99937	90.51801	292.24988	-11.555058	0.011986721	449.31403	318.15268	1932.5087	4.558795	160.46649	672000
169	-0.014904578	1239.0183	167.46526	90.60186	292.24988	-11.555058	0.012005604	450.8725	318.9567	1932.5087	4.558795	160.86934	676000
170	-0.014843667	1233.1342	167.91489	90.68322	292.24988	-11.555058	0.012026997	452.41132	319.58322	1932.5087	4.558795	161.26257	680000
171	-0.014777295	1227.6948	168.38637	90.77904	292.24988	-11.555058	0.0120468205	454.0312	320.5331	1932.5087	4.558795	161.67697	684000
172	-0.014713975	1221.9926	168.7926	90.83617	292.24988	-11.555058	0.012090985	455.3084	320.67056	1932.5087	4.558795	161.99045	688000
173	-0.01472829	1215.9064	169.17828	90.870705	292.24988	-11.555058	0.012089227	456.74432	321.09125	1932.5087	4.558795	162.34842	692000
174	-0.014762994	1209.2686	169.55028	90.895515	292.24988	-11.555058	0.012100211	458.05338	321.2587	1932.5087	4.558795	162.6679	696000
175	-0.014708449	1202.7145	169.91664	90.91822	292.24988	-11.555058	0.012122128	459.30246	321.47415	1932.5087	4.558795	162.97531	700000
176	-0.014651453	1196.0431	170.2529	90.92965	292.24988	-11.555058	0.012155157	460.58267	321.42596	1932.5087	4.558795	163.27466	704000
177	-0.014595422	1189.544	170.59534	90.94552	292.24988	-11.555058	0.012171283	461.87018	321.50186	1932.5087	4.558795	163.58572	708000
178	-0.01451908	1183.1149	170.95064	90.968124	292.24988	-11.555058	0.012214304	463.14093	321.64542	1932.5087	4.558795	163.89226	712000
179	-0.014434765	1176.6304	171.26611	90.96788	292.24988	-11.555058	0.012239953	464.29245	321.49445	1932.5087	4.558795	164.1577	716000
180	-0.014387744	1170.2031	171.59671	90.98307	292.24988	-11.555058	0.012255938	465.64716	321.5369	1932.5087	4.558795	164.47812	720000
181	-0.014333564	1164.0046	171.9469	91.00398	292.24988	-11.555058	0.01227226	466.82877	321.5852	1932.5087	4.558795	164.76295	724000
182	-0.014263038	1157.7579	172.26776	91.016	292.24988	-11.555058	0.012297975	468.14163	321.60306	1932.5087	4.558795	165.07562	728000
183	-0.014198324	1151.8163	172.6477	91.058846	292.38336	-11.555058	0.012331604	469.54794	322.06015	1932.5087	4.558795	165.42424	732000
184	-0.014207667	1145.7599	173.00635	91.09214	293.80057	-11.555058	0.012329363	470.85822	322.29333	1932.5087	4.558795	165.74144	736000
185	-0.014205452	1139.6957	173.30554	91.09386	293.80057	-11.555058	0.012338424	472.07828	322.23053	1932.5087	4.558795	166.03235	740000
186	-0.014160507	1133.7826	173.66336	91.13118	295.42328	-11.555058	0.01235639	473.3842	322.57553	1932.5087	4.558795	166.3544	744000
187	-0.014182001	1127.9525	173.97609	91.14075	295.85254	-11.555058	0.012375268	474.53278	322.64743	1932.5087	4.558795	166.63228	748000
188	-0.014205021	1122.0457	174.31285	91.16088	296.1605	-11.555058	0.0123894345	475.63098	322.71265	1932.5087	4.558795	166.89618	752000
189	-0.014201409	1116.2104	174.69984	91.21459	297.4478	-11.555058	0.012404217	476.92593	323.11154	1932.5087	4.558795	167.2225	756000
190	-0.014211796	1110.4746	175.0188	91.233444	297.7366	-11.555058	0.012407967	478.17804	323.201	1932.5087	4.558795	167.52435	760000
191	-0.01419078	1104.7802	175.3426	91.25763	298.06534	-11.555058	0.012421842	479.48935	323.347	1932.5087	4.558795	167.84006	764000
192	-0.01415221	1099.118	175.62517	91.25581	298.06534	-11.555058	0.012436218	480.67706	323.286	1932.5087	4.558795	168.12256	768000
193	-0.014099753	1093.5184	175.95387	91.27752	298.21225	-11.555058	0.012458112	481.9084	323.43384	1932.5087	4.558795	168.42271	772000
194	-0.014026649	1088.0061	176.26712	91.29277	298.30762	-11.555058	0.012544129	483.0823	323.5303	1932.5087	4.558795	168.70586	776000
195	-0.013962331	1082.6194	176.63147	91.33843	300.55557	-11.555058	0.012562998	484.3705	323.97858	1932.5087	4.558795	169.0293	780000
196	-0.013921971	1077.3533	177.0502	91.43039	306.05777	-11.555058	0.012578052	485.82455	325.00055	1932.5087	4.558795	169.41048	784000
197	-0.013886584	1075.2241	177.51228	91.539825	308.50418	-11.555058	0.012625253	487.4442	326.70364	1932.5087	4.558795	169.85658	788000
198	-0.013821928	1069.9939	177.98383	91.66504	310.52042	-11.555058	0.012650329	489.03165	328.6168	1932.5087	4.558795	170.30399	792000
199	-0.013755388	1064.7566	178.45274	91.78891	311.6118	-11.555058	0.012668596	490.4778	329.9917	1932.5087	4.558795	170.70508	796000
200	-0.013706683	1059.5936	178.93834	91.93415	315.1109	-11.555058	0.012722076	492.03644	331.66165	1932.5087	4.558795	171.13074	800000
201	-0.013673336	1054.4362	179.39258	92.0569	315.44153	-11.555058	0.012735696	493.59616	333.06656	1932.5087	4.558795	171.55486	804000
202	-0.013619289	1049.4058	179.83372	92.16957	316.5015	-11.555058	0.0127477925	495.28693	334.83026	1932.5087	4.558795	172.02118	808000
203	-0.013571078	1044.3755	180.27715	92.2787	316.93515	-11.555058	0.012762935	496.67166	336.19165	1932.5087	4.558795	172.39722	812000
204	-0.01359487	1039.4075	180.73422	92.39611	316.93515	-11.555058	0.012779925	498.34186	338.1987	1937.3093	4.558795	172.8708	816000
205	-0.013583511	1034.534	181.16554	92.49139	317.3745	-11.555058	0.01279672	499.69385	339.36414	1937.3093	4.558795	173.23947	820000
206	-0.013567099	1029.627	181.5666	92.57596	317.60315	-11.555058	0.012807743	501.1043	340.27368	1937.3093	4.558795	173.61385	824000
207	-0.01351356	1024.7582	181.98428	92.663055	317.85114	-11.555058	0.0128247235	502.51715	341.55167	1937.3093	4.558795	174.00381	828000
208	-0.013528109	1019.96423	182.40623	92.76464	319.1747	-11.555058	0.012835347	504.13525	343.08548	1937.3093	4.558795	174.44783	832000
209	-0.013528511	1015.27985	182.82932	92.870125	321.49008	-11.555058	0.012847936	505.66318	344.50986	1937.3093	4.558795	174.86314	836000
210	-0.013487678	1010.56683	183.2395	92.96267	321.49008	-11.555058	0.012869617	507.18378	345.83096	1937.3093	4.558795	175.28236	840000
211	-0.013454267	1005.8821	183.61115	93.02682	321.49008	-11.555058	0.012883017	508.56766	346.6535	1937.3093	4.558795	175.64935	844000
212	-0.01340282	1001.1958	183.97992	93.08666	321.49008	-11.555058	0.012919359	509.6922	347.1985	1937.3093	4.558795	175.94604	848000
213	-0.013353863	996.58905	184.37318	93.16922	322.66995	-11.555058	0.012929248	510.9016	347.8641	1937.3093	4.558795	176.26593	852000
214	-0.013291364	992.0409	184.74222	93.23531	322.8053	-11.555058	0.01293953	512.39417	348.9067	1937.3093	4.558795	176.669	856000
215	-0.013322795	987.5088	185.11656	93.29782	322.8053	-11.555058	0.0129493335	513.72833	349.821	1937.3093	4.558795	177.02646	860000
216	-0.013344008	982.997	185.4694	93.34929	322.9994	-11.555058	0.012959416	514.9151	350.3084	1937.3093	4.558795	177.33536	864000
217	-0.013309713	978.5284	185.83846	93.407425	322.9994	-11.555058	0.012972788	516.19855	351.15387	1937.3093	4.558795	177.67746	868000
218	-0.0132827675	974.08875	186.22716	93.4862	323.02618	-11.555058	0.012988041	517.5931	352.44226	1937.3093	4.558795	178.06258	872000
219	-0.013291093	969.7115	186.61172	93.55663	324.1751	-11.555058	0.013000608	518.72125	353.1952	1937.3093	4.558795	178.36452	876000
220	-0.01324069	965.3847	186.9442	93.60156	324.29184	-11.555058	0.013018114	520.0938	353.87793	1937.3093	4.558795	178.72673	880000
221	-0.01323073	961.16925	187.36435	93.69626	325.25702	-11.555058	0.013028148	521.55597	355.74835	2169.006	4.558795	179.13411	884000
222	-0.013227959	956.9565	187.76003	93.77936	325.49664	-11.555058	0.013042389	522.9239	356.9453	2169.006	4.558795	179.51189	888000
223	-0.0132511845	952.75726	188.14272	93.853424	325.49664	-11.555058	0.013054029	524.4087	358.568	2169.006	4.558795	179.92836	892000
224	-0.013249171	948.5643	188.53561	93.93625	325.9681	-11.555058	0.013065301	525.8057	359.7485	2169.006	4.558795	180.30904	896000
225	-0.013204557	944.41724	188.91281	94.00341	325.9681	-11.555058	0.013074927	527.1303	360.76535	2169.006	4.558795	180.67087	900000
226	-0.01316021	940.2818	189.26358	94.05534	325.9681	-11.555058	0.013091227	528.3332	361.6378	2169.006	4.558795	180.99588	904000
227	-0.013106298	936.26086	189.62183	94.11164	326.47778	-11.555058	0.013111996	529.69965	362.9814	2169.006	4.558795	181.37503	908000
228	-0.013057959	932.21027	189.98961	94.17475	326.47778	-11.555058	0.013137844	531.0623	364.1308	2169.006	4.558795	181.75029	912000
229	-0.013050156	928.219	190.35863	94.24279	328.46664	-11.555058	0.013153835	532.23206	364.92682	2169.006	4.558795	182.06561	916000
230	-0.013063047	924.2867	190.753	94.324615	328.46664	-11.555058	0.01316191	533.8891	367.24408	2169.006	4.558795	182.5414	920000
231	-0.013059727	920.3651	191.13516	94.39352	328.46664	-11.555058	0.013170149	535.1372	368.341	2169.006	4.558795	182.89098	924000
232	-0.0130349705	916.4636	191.48509	94.45389	328.46664	-11.555058	0.013178253	536.5742	369.4187	2169.006	4.558795	183.2806	928000
233	-0.012994658	912.581	191.79256	94.47956	328.46664	-11.555058	0.013188421	537.7251	369.97778	2169.006	4.558795	183.58562	932000
234	-0.01300981	908.7606	192.14008	94.52878	328.46664	-11.555058	0.013190381	538.9236	370.78894	2169.006	4.558795	183.91104	936000
235	-0.013027801	904.98145	192.44958	94.5603	328.46664	-11.555058	0.01320149	540.1542	371.35703	2169.006	4.558795	184.23677	940000
236	-0.012982251	901.21204	192.77962	94.60532	328.46664	-11.555058	0.013221238	541.49866	372.21823	2169.006	4.558795	184.60094	944000
237	-0.0129367495	897.4907	193.07841	94.63597	329.02872	-11.555058	0.013237189	542.66766	372.8645	2169.006	4.558795	184.9116	948000
238	-0.012900845	893.8108	193.43028	94.69589	329.8474	-11.555058	0.013259906	544.2165	374.46826	2169.006	4.558795	185.34558	952000
239	-0.012924334	890.15814	193.79543	94.75964	329.8474	-11.555058	0.013264963	545.6904	376.3672	2268.031	4.558795	185.76476	956000
240	-0.012908616	886.6355	194.12933	94.80188	329.8474	-11.555058	0.013275941	547.0984	377.9541	2268.031	4.558795	186.17192	960000
241	-0.012897812	883.06525	194.47646	94.84702	329.8474	-11.555058	0.013286893	548.2696	378.87906	2268.031	4.558795	186.49821	964000
242	-0.012845078	879.5172	194.76614	94.862816	329.8474	-11.555058	0.013320271	549.4751	379.56378	2268.031	4.558795	186.82292	968000
243	-0.012787895	875.9635	195.10065	94.91124	329.8894	-11.555058	0.013337316	550.64545	380.3065	2268.031	4.558795	187.13791	972000
244	-0.012755183	872.4452	195.37029	94.92565	331.34195	-11.555058	0.01334787	551.9486	380.9368	2268.031	4.558795	187.47961	976000
245	-0.012711845	868.92883	195.62361	94.92648	331.34195	-11.555058	0.013363983	553.06934	381.18365	2268.031	4.558795	187.76796	980000
246	-0.012723402	865.4634	195.85953	94.92248	331.34195	-11.555058	0.013371688	554.2583	381.4361	2268.031	4.558795	188.0745	984000
247	-0.012681475	862.04	196.09071	94.91318	331.34195	-11.555058	0.013390545	555.3806	381.6652	2268.031	4.558795	188.35898	988000
248	-0.012638442	858.62	196.35907	94.922745	331.34195	-11.555058	0.013421676	556.56085	382.2573	2268.031	4.558795	188.6701	992000
249	-0.012614843	855.24475	196.66344	94.95831	331.34195	-11.555058	0.013442153	557.95496	383.26077	2268.031	4.558795	189.04926	996000
250	-0.012601667	851.8866	196.97098	94.99005	331.34195	-11.555058	0.0134503925	559.1879	384.07986	2268.031	4.558795	189.38396	1000000
