epoch	pi-loss	q-loss	average-q1-values	std-q1-values	max-q1-values	min-q1-values	average-q2-values	std-q2-values	max-q2-values	min-q2-values	average-episode-return	std-episode-return	max-episode-return	min-episode-return	episode-length	average-test-episode-return	std-test-episode-return	max-test-episode-return	min-test-episode-return	test-episode-length	entropy-coeff	total-env-interacts	entropy-coeff-loss
1	-21.729677	4.4768124	17.855406	12.372944	56.37906	-11.970284	17.85362	12.376904	56.38171	-13.378886	2.1492996	6.145054	24.565342	-10.300988	20.100502	-14.269916	33.68589	71.6192	-67.511696	173.4	0.3597608	4000	-4.5368953
2	-45.043266	16.442976	40.474045	25.984179	115.83297	-37.557106	40.47275	25.976366	118.43505	-41.748756	8.459592	42.270557	412.48972	-10.300988	26.058632	21.427052	68.69347	239.44539	-67.511696	137.65	0.20814498	8000	-2.5293822
3	-57.688225	23.286386	53.663193	29.061398	129.6419	-54.27613	53.662354	29.052322	129.90831	-43.161053	17.53505	62.16055	463.82675	-33.584446	36.144577	73.883934	95.72841	255.1452	-67.511696	126.666664	0.14859056	12000	-1.7043524
4	-65.12405	28.744545	61.481388	29.570047	138.99626	-54.27613	61.480347	29.564613	138.12753	-45.683773	26.961382	73.41678	463.82675	-33.584446	44.692738	109.01085	133.06339	473.38055	-67.511696	144.625	0.12071989	16000	-1.2502686
5	-70.39971	31.657803	67.07764	29.73465	138.99626	-79.14607	67.076584	29.731274	138.12753	-65.96554	35.171017	82.61967	463.82675	-51.22488	51.94805	139.36632	137.59537	473.38055	-67.511696	149.56	0.104431406	20000	-0.98438287
6	-73.95004	33.688248	70.90439	29.642574	143.60324	-82.771736	70.903534	29.638754	139.76923	-79.87355	43.473133	89.94531	463.82675	-51.22488	59.1133	158.5228	135.69997	473.38055	-67.511696	149.3	0.09363365	24000	-0.81681687
7	-76.365585	34.784996	73.55591	29.296568	143.60324	-82.771736	73.55536	29.292377	141.91171	-80.47426	51.56379	97.42473	478.36627	-51.22488	65.11628	167.47374	134.4171	473.38055	-67.511696	149.78572	0.08560751	28000	-0.7033464
8	-78.030266	35.374928	75.42475	28.877796	143.60324	-82.771736	75.424385	28.873007	141.91171	-80.47426	61.040974	105.5912	478.36627	-51.22488	70.17544	190.49033	148.30971	621.1006	-67.511696	162.3125	0.07926663	32000	-0.61069196
9	-79.359886	35.688957	76.92207	28.568007	145.33638	-82.771736	76.921974	28.561592	144.9614	-80.47426	69.98885	112.26189	478.36627	-51.22488	74.6888	207.07956	148.88518	621.1006	-67.511696	163.74445	0.07476678	36000	-0.5423236
10	-80.527596	35.943707	78.22964	28.423222	149.5822	-82.771736	78.229706	28.414936	148.52742	-80.47426	76.62514	116.94592	478.36627	-51.22488	79.681274	219.45677	153.40154	621.1006	-67.511696	176.52	0.07097208	40000	-0.48479778
11	-81.660805	36.479797	79.478065	28.499628	162.2923	-82.771736	79.478294	28.490591	165.34618	-80.47426	86.03908	125.616516	541.2923	-51.22488	83.01887	222.52129	149.74112	621.1006	-67.511696	171.90909	0.068133816	44000	-0.435675
12	-82.84238	36.93402	80.75414	28.784584	174.72069	-82.771736	80.75448	28.774813	174.10646	-80.47426	95.61837	131.96964	611.3792	-51.22488	85.71429	230.20406	148.38568	621.1006	-67.511696	172.45833	0.066319816	48000	-0.39692354
13	-84.20113	37.274822	82.18429	29.296396	174.72069	-262.5558	82.184685	29.286507	174.10646	-226.98796	100.89233	135.66872	611.3792	-51.22488	89.193825	235.85333	144.5085	621.1006	-67.511696	170.79231	0.065104954	52000	-0.35998577
14	-85.71657	37.896114	83.76115	30.03141	174.72069	-262.5558	83.76161	30.022058	174.10646	-226.98796	106.63462	142.29706	685.7118	-51.22488	93.023254	232.58696	161.01857	1023.2071	-67.511696	174.1	0.0642698	56000	-0.33228588
15	-87.11875	38.523506	85.22444	30.716372	174.72069	-262.5558	85.22494	30.707388	174.10646	-226.98796	114.180466	148.45966	685.7118	-163.07715	96.15385	244.49374	169.9941	1023.2071	-67.511696	180.84666	0.063626096	60000	-0.3096558
16	-88.44744	39.002655	86.61211	31.32448	174.72069	-262.5558	86.612564	31.31618	174.10646	-226.98796	121.95755	158.65152	950.6763	-163.07715	99.37888	246.47281	175.088	1023.2071	-67.511696	182.93124	0.06304796	64000	-0.2894045
17	-89.70387	39.520767	87.92473	31.89772	177.61554	-262.5558	87.92515	31.889975	177.87677	-226.98796	127.6863	162.59856	950.6763	-163.07715	102.25564	254.47066	182.22273	1023.2071	-67.511696	185.12941	0.06253519	68000	-0.27136242
18	-90.94003	40.060234	89.209496	32.464485	182.00589	-262.5558	89.20987	32.457188	177.87677	-226.98796	134.62852	170.91107	950.6763	-163.07715	105.571846	260.71143	183.24634	1023.2071	-67.511696	188.68333	0.062147804	72000	-0.25709262
19	-92.133804	40.487377	90.44901	33.003365	186.17007	-262.5558	90.44939	32.996597	183.6953	-226.98796	142.15518	181.53992	1326.3394	-163.07715	108.88252	279.93805	200.99567	1027.0302	-67.511696	194.05789	0.061746806	76000	-0.24187797
20	-93.271996	40.674664	91.63238	33.460903	187.70238	-262.5558	91.63273	33.454746	185.27826	-226.98796	148.74196	184.53506	1326.3394	-163.07715	111.26565	278.75623	197.68912	1027.0302	-67.511696	191.59	0.061313633	80000	-0.23130478
21	-94.34097	40.79289	92.74429	33.84968	191.1207	-262.5558	92.74456	33.84389	189.40942	-226.98796	154.36874	186.20097	1326.3394	-163.07715	113.51351	284.9426	201.25626	1027.0302	-67.511696	192.94286	0.060931496	84000	-0.2210401
22	-95.327774	40.856834	93.77298	34.18616	191.1207	-262.5558	93.77317	34.180984	189.40942	-226.98796	159.4691	188.44673	1326.3394	-163.07715	114.88251	293.90717	206.6863	1027.0302	-67.511696	197.22728	0.060450718	88000	-0.21247368
23	-96.24884	40.95701	94.73185	34.49865	191.1207	-262.5558	94.73198	34.49406	189.95757	-226.98796	166.92163	195.5684	1326.3394	-163.07715	117.64706	297.8905	203.6945	1027.0302	-67.511696	195.54347	0.059983406	92000	-0.20156886
24	-97.1353	41.00589	95.65468	34.790268	192.44276	-262.5558	95.654755	34.786144	192.86082	-226.98796	174.11026	204.3644	1440.819	-163.07715	120.150185	307.15488	207.09045	1027.0302	-67.511696	196.41667	0.059622284	96000	-0.19246955
25	-97.996475	41.01358	96.55089	35.065727	196.38051	-262.5558	96.55092	35.06193	194.46901	-226.98796	181.08957	210.03362	1440.819	-163.07715	122.54902	313.551	209.68776	1027.0302	-67.511696	196.908	0.05929349	100000	-0.18532301
26	-98.83153	41.03423	97.41908	35.330624	197.76929	-262.5558	97.419106	35.327156	199.73691	-226.98796	186.74757	214.8926	1440.819	-163.07715	124.25329	317.52045	213.41577	1027.0302	-67.511696	196.77692	0.058972616	104000	-0.17829527
27	-99.63579	41.022522	98.25605	35.600662	206.25124	-262.5558	98.25608	35.59768	207.94554	-226.98796	193.9747	219.40927	1440.819	-163.07715	125.87412	326.94952	218.68503	1068.5437	-67.511696	197.57408	0.058649097	108000	-0.17110546
28	-100.42617	41.085236	99.076	35.88962	210.615	-262.5558	99.07604	35.886703	209.37854	-226.98796	200.73329	223.59985	1440.819	-163.07715	127.7081	341.84732	239.22026	1458.1761	-67.511696	201.37143	0.058429077	112000	-0.16542894
29	-101.218735	41.147915	99.8975	36.20099	214.61012	-262.5558	99.8975	36.198154	216.55974	-226.98796	207.52608	231.43541	1440.819	-163.07715	129.60893	346.1758	236.92682	1458.1761	-67.511696	200.17241	0.05825854	116000	-0.15888168
30	-102.01994	41.16456	100.72481	36.5493	217.77544	-262.5558	100.72483	36.54671	217.78242	-226.98796	215.20259	241.39392	1675.2095	-163.07715	131.43483	362.3863	254.80753	1458.1761	-67.511696	202.61667	0.058214698	120000	-0.15168138
31	-102.862465	41.272007	101.59208	36.95684	227.51346	-262.5558	101.59209	36.95427	224.21207	-226.98796	222.46304	258.3133	2593.3906	-163.07715	133.76483	384.27057	291.22693	2060.1963	-67.511696	210.44194	0.05814779	124000	-0.14802168
32	-103.73876	41.394302	102.49066	37.40486	229.5981	-262.5558	102.490654	37.40251	230.80882	-226.98796	229.93787	269.39587	2593.3906	-163.07715	136.46056	392.8037	296.7585	2060.1963	-67.511696	211.53438	0.058098834	128000	-0.14266501
33	-104.65558	41.488712	103.42781	37.916317	239.25316	-262.5558	103.42782	37.91416	241.48083	-226.98796	237.847	277.01428	2593.3906	-163.07715	138.65546	408.84326	312.2782	2060.1963	-67.511696	217.07878	0.058131754	132000	-0.13833402
34	-105.604866	41.604782	104.396996	38.476368	252.08563	-262.5558	104.39699	38.474304	250.5417	-226.98796	246.57457	289.5957	2593.3906	-163.07715	140.93265	410.77417	309.8025	2060.1963	-67.511696	215.40294	0.05822865	136000	-0.1337161
35	-106.59417	41.757107	105.40445	39.088814	253.49777	-262.5558	105.40445	39.086864	254.46126	-226.98796	254.79224	297.19864	2593.3906	-163.07715	142.71152	421.00723	311.59418	2060.1963	-67.511696	216.26857	0.058329526	140000	-0.12925574
36	-107.63543	41.91091	106.46153	39.78071	267.68228	-262.5558	106.46152	39.77888	264.5516	-226.98796	263.8741	310.28482	2593.3906	-163.07715	145.0151	442.92072	343.673	2060.1963	-67.511696	221.88055	0.05849808	144000	-0.12506366
37	-108.747536	42.01267	107.58791	40.571507	267.68228	-262.5558	107.5879	40.569847	266.40082	-226.98796	273.03195	321.6574	2593.3906	-163.07715	147.41035	471.00046	383.95767	2060.1963	-67.511696	229.22432	0.05872615	148000	-0.121960044
38	-109.8965	42.169758	108.75006	41.425648	268.67426	-262.5558	108.749985	41.42412	268.90665	-226.98796	282.07562	337.87476	2690.0935	-163.07715	149.90138	477.87662	384.29764	2060.1963	-67.511696	229.21317	0.05891359	152000	-0.11834891
39	-111.07438	42.317337	109.94086	42.31263	273.6523	-262.5558	109.9408	42.311127	270.83795	-226.98796	289.90143	347.84418	2690.0935	-163.07715	151.6035	503.18317	415.30612	2060.1963	-67.511696	235.34102	0.059145965	156000	-0.114977024
40	-112.26562	42.459335	111.14447	43.211613	273.6523	-262.5558	111.14441	43.210014	270.83795	-226.98796	298.8888	369.11578	2690.0935	-163.07715	154.14258	524.6848	449.70438	2952.3643	-67.511696	241.0875	0.059386004	160000	-0.11291555
41	-113.47038	42.609043	112.36089	44.106213	273.6523	-262.5558	112.36086	44.10461	270.83795	-226.98796	307.72662	383.00632	2690.0935	-163.07715	156.48856	566.8932	525.79	3219.7688	-67.511696	252.23659	0.05952972	164000	-0.11009681
42	-114.68522	42.713024	113.587524	45.00483	273.6523	-262.5558	113.587494	45.0032	274.20972	-226.98796	316.7524	404.37466	3078.4436	-163.07715	159.09091	596.54956	573.1479	3219.7688	-67.511696	261.32382	0.0596534	168000	-0.10734036
43	-115.89275	42.82965	114.80675	45.87671	275.08472	-262.5558	114.806725	45.875088	275.70004	-226.98796	324.3028	411.78043	3078.4436	-163.07715	160.89804	616.5068	586.78485	3219.7688	-67.511696	266.2628	0.05978869	172000	-0.10421311
44	-117.08874	42.944347	116.01422	46.73792	281.638	-262.5558	116.01421	46.736267	283.46356	-226.98796	333.13132	422.63547	3078.4436	-163.07715	163.2653	646.77673	635.2424	3219.7688	-67.511696	274.7	0.059918113	176000	-0.10194017
45	-118.28046	43.034275	117.21655	47.592495	288.7132	-262.5558	117.21657	47.59103	287.50873	-226.98796	341.47147	433.0125	3078.4436	-163.07715	165.13762	661.629	644.66595	3219.7688	-67.511696	278.0311	0.060054842	180000	-0.09989384
46	-119.47267	43.12547	118.418884	48.443443	290.33203	-262.5558	118.418915	48.441994	288.0235	-226.98796	350.66824	451.04938	3110.6167	-163.07715	167.57741	692.749	688.0571	3219.7688	-67.511696	286.5739	0.060237426	184000	-0.09754372
47	-120.66079	43.267033	119.61664	49.28506	291.5359	-262.5558	119.61664	49.283607	288.7622	-226.98796	359.64398	469.02252	3111.5698	-163.07715	169.98192	743.6669	764.16614	3219.7688	-67.511696	300.9766	0.060422007	188000	-0.09514906
48	-121.83988	43.35549	120.80606	50.100376	291.5359	-262.5558	120.806114	50.09882	290.44885	-226.98796	368.3166	483.77454	3124.363	-163.07715	172.35188	791.32996	823.82935	3219.7688	-67.511696	315.53958	0.060581863	192000	-0.093115605
49	-123.01491	43.418976	121.99044	50.897884	291.5359	-262.5558	121.99053	50.89628	290.44885	-226.98796	378.00342	503.43747	3199.5466	-163.07715	175.0	825.12463	862.9091	3298.5073	-67.511696	324.77756	0.060771268	196000	-0.09102805
50	-124.199135	43.52593	123.18356	51.6921	291.5359	-262.5558	123.18364	51.690445	294.231	-226.98796	387.1741	525.5221	3199.5466	-163.07715	177.61989	839.84033	874.682	3298.5073	-67.511696	328.616	0.0609445	200000	-0.0893018
51	-125.38264	43.598297	124.37585	52.47585	291.5359	-262.5558	124.375885	52.47426	294.231	-226.98796	396.51965	538.89746	3199.5466	-163.07715	180.05296	843.3895	868.22534	3298.5073	-67.511696	327.86667	0.061091736	204000	-0.08760979
52	-126.56637	43.677044	125.56807	53.24801	291.5359	-262.5558	125.56809	53.246273	294.231	-226.98796	405.41547	554.6195	3302.156	-163.07715	182.29623	843.44653	866.55347	3298.5073	-67.511696	326.75385	0.061255325	208000	-0.085564345
53	-127.74302	43.750336	126.7534	54.007572	294.65567	-262.5558	126.75343	54.0059	298.18655	-226.98796	413.5816	565.5813	3335.429	-163.07715	184.18767	855.08826	867.8811	3298.5073	-67.511696	328.52643	0.061459962	212000	-0.08408894
54	-128.9057	43.820606	127.924385	54.74682	294.65567	-262.5558	127.92442	54.745068	298.18655	-226.98796	421.86142	578.72363	3448.9297	-163.07715	186.2069	890.5225	905.4817	3298.5073	-67.511696	338.4537	0.06161779	216000	-0.08260915
55	-130.0601	43.877277	129.08685	55.47094	299.71255	-262.5558	129.08694	55.469128	298.18655	-226.98796	430.17203	594.60364	3448.9297	-163.07715	188.51756	895.64764	909.45874	3298.5073	-67.511696	339.10364	0.061807137	220000	-0.08100389
56	-131.21193	43.953365	130.2465	56.185802	299.71255	-262.5558	130.24658	56.184013	298.18655	-226.98796	437.43756	607.5193	3448.9297	-163.07715	190.4762	935.88043	950.54364	3414.6667	-67.511696	350.04465	0.06198002	224000	-0.079363756
57	-132.35599	44.034958	131.39793	56.887886	299.71255	-262.5558	131.398	56.886135	298.18655	-226.98796	446.31192	620.19196	3448.9297	-163.07715	192.73035	976.66516	990.4034	3414.6667	-67.511696	361.44736	0.062158786	228000	-0.07801401
58	-133.49512	44.132698	132.54486	57.578857	299.8223	-262.5558	132.5449	57.577114	298.3257	-226.98796	453.62784	635.33124	3691.7915	-163.07715	194.46773	1005.1315	1011.8772	3414.6667	-67.511696	369.7155	0.06235703	232000	-0.07663052
59	-134.62077	44.234898	133.67844	58.246037	300.8611	-262.5558	133.6785	58.244225	298.3257	-226.98796	462.7926	653.72205	3691.7915	-163.07715	197.15956	1038.5018	1035.075	3414.6667	-67.511696	380.39832	0.062527955	236000	-0.07520571
60	-135.73102	44.340702	134.79672	58.889362	300.8611	-262.5558	134.7968	58.88754	298.3257	-226.98796	471.83395	669.48145	3691.7915	-163.07715	199.50125	1047.4595	1040.0068	3414.6667	-67.511696	382.97168	0.062710285	240000	-0.07381887
61	-136.8219	44.379013	135.89569	59.506947	300.8611	-262.5558	135.89578	59.505165	298.94833	-226.98796	480.34723	683.51556	3691.7915	-163.07715	201.81969	1075.0505	1057.1486	3414.6667	-67.511696	391.84262	0.06286289	244000	-0.072800174
62	-137.90396	44.455147	136.98517	60.113213	300.8611	-262.5558	136.98528	60.111362	301.9685	-226.98796	488.74994	695.5292	3691.7915	-163.07715	204.11522	1092.958	1061.3148	3423.2183	-67.511696	395.7613	0.063000165	248000	-0.07165948
63	-138.97308	44.532463	138.06181	60.702213	301.93112	-262.5558	138.06187	60.700375	306.41656	-226.98796	497.48587	708.5158	3691.7915	-163.07715	206.55737	1102.2173	1061.1069	3423.2183	-67.511696	397.1143	0.063125476	252000	-0.070697136
64	-140.03244	44.61433	139.12854	61.27862	305.36856	-262.5558	139.12863	61.276787	307.54218	-226.98796	505.90134	721.2389	3691.7915	-163.07715	208.9796	1125.8605	1076.156	3423.2183	-67.511696	404.02814	0.063266516	256000	-0.069645
65	-141.08562	44.663334	140.18942	61.84002	305.36856	-262.5558	140.18951	61.838028	307.54218	-226.98796	514.7417	736.4988	3691.7915	-163.07715	211.55411	1160.2584	1102.7534	3463.9546	-67.511696	413.19693	0.063405566	260000	-0.06823249
66	-142.1256	44.67612	141.23657	62.38436	306.72427	-262.5558	141.23666	62.38213	309.84558	-226.98796	523.1364	749.05096	3691.7915	-163.07715	213.93842	1166.9318	1102.3917	3463.9546	-67.511696	414.32425	0.06353265	264000	-0.06699499
67	-143.15878	44.72306	142.27701	62.914276	306.72427	-262.5558	142.2771	62.912178	311.9925	-226.98796	530.3861	758.8968	3691.7915	-163.07715	215.95488	1199.7676	1126.3383	3660.8909	-67.511696	423.06567	0.06368421	268000	-0.06637924
68	-144.18008	44.774754	143.30568	63.424976	306.72427	-262.5558	143.30577	63.422832	311.9925	-226.98796	538.2415	770.16406	3691.7915	-163.07715	217.94872	1230.1893	1145.428	3660.8909	-67.511696	431.55	0.06380142	272000	-0.06501717
69	-145.18858	44.84935	144.32089	63.92232	306.72427	-262.5558	144.32097	63.920174	311.9925	-226.98796	546.5613	781.91846	3691.7915	-163.07715	220.09569	1254.5157	1160.6465	3660.8909	-67.511696	438.0029	0.06392267	276000	-0.06425502
70	-146.1942	44.893597	145.33278	64.4103	312.78397	-262.5558	145.33282	64.40814	311.9925	-226.98796	554.9654	793.774	3691.7915	-163.07715	222.39873	1284.9911	1179.8179	3660.8909	-67.511696	446.03143	0.06404067	280000	-0.06352653
71	-147.19957	44.93458	146.34442	64.89384	313.2207	-262.5558	146.34448	64.89168	311.9925	-226.98796	564.0131	806.86127	3691.7915	-163.07715	224.68355	1268.6478	1179.4344	3660.8909	-67.511696	440.62253	0.06413211	284000	-0.06270862
72	-148.19919	44.960068	147.35088	65.370316	313.2207	-262.5558	147.35092	65.3681	312.9912	-226.98796	572.55835	817.64014	3877.1628	-163.07715	226.59323	1287.6864	1189.4434	3660.8909	-67.511696	445.3611	0.06421972	288000	-0.0613648
73	-149.17938	44.990913	148.33809	65.82941	313.2207	-262.5558	148.33809	65.82721	312.9912	-226.98796	581.3893	830.91956	3877.1628	-163.07715	228.84012	1296.0741	1198.6504	4008.033	-67.511696	446.14795	0.06430037	292000	-0.06048021
74	-150.1491	45.04106	149.31448	66.27315	315.0688	-262.5558	149.31447	66.271	314.56998	-226.98796	590.09924	842.2327	4003.7134	-163.07715	231.06947	1320.2739	1208.3479	4008.033	-67.511696	453.63245	0.06438493	296000	-0.059833184
75	-151.10004	45.061226	150.27191	66.695885	315.0688	-262.5558	150.27193	66.69379	314.83505	-226.98796	598.51776	854.08984	4003.7134	-163.07715	233.2815	1329.8849	1213.3492	4008.033	-67.511696	455.19867	0.06449012	300000	-0.05877571
76	-152.04678	45.11147	151.22498	67.104744	315.0688	-262.5558	151.22502	67.10263	314.83505	-226.98796	607.1874	866.8362	4003.7134	-163.07715	235.65892	1356.757	1231.2452	4008.033	-67.511696	460.81448	0.06459047	304000	-0.058242586
77	-152.9873	45.15236	152.17197	67.50865	315.72122	-262.5558	152.17204	67.50651	328.8729	-226.98796	616.06195	880.075	4003.7134	-163.07715	238.02164	1380.498	1242.2524	4008.033	-67.511696	466.55713	0.06465457	308000	-0.057381857
78	-153.91457	45.19736	153.10545	67.89849	317.34735	-262.5558	153.10551	67.89633	328.8729	-226.98796	624.19366	888.3437	4003.7134	-163.07715	240.0	1407.8468	1257.3911	4008.033	-67.511696	473.39615	0.064728595	312000	-0.05653989
79	-154.84422	45.254124	154.0411	68.28302	318.6401	-262.5558	154.04118	68.28079	328.8729	-226.98796	632.4179	896.4124	4003.7134	-163.07715	241.96019	1432.6576	1268.5203	4008.033	-67.511696	480.062	0.064821325	316000	-0.055800308
80	-155.76985	45.3203	154.97278	68.65964	318.6401	-262.5558	154.97293	68.65749	328.8729	-226.98796	639.9343	905.93317	4003.7134	-163.07715	243.90244	1454.929	1280.6748	4008.033	-67.511696	485.04126	0.06491198	320000	-0.055087533
81	-156.68187	45.36804	155.89081	69.029854	318.6401	-262.5558	155.89096	69.02759	328.8729	-226.98796	648.0716	914.3459	4003.7134	-163.07715	246.01367	1477.6602	1289.1228	4008.033	-67.511696	491.13086	0.06500106	324000	-0.054388665
82	-157.5784	45.444466	156.79376	69.39141	324.0599	-262.5558	156.7939	69.38917	328.8729	-226.98796	656.54333	925.0267	4003.7134	-163.07715	248.10893	1500.837	1298.1628	4008.033	-67.511696	497.33658	0.065085396	328000	-0.053445432
83	-158.46535	45.492832	157.6861	69.73901	324.0599	-262.5558	157.68614	69.73681	328.8729	-234.32376	664.9858	936.5116	4003.7134	-163.07715	250.1884	1522.1914	1311.5411	4075.2214	-67.511696	501.52652	0.06517529	332000	-0.053004656
84	-159.34978	45.50948	158.57649	70.0761	324.0599	-262.5558	158.57655	70.07373	328.8729	-234.32376	673.3977	947.5795	4003.7134	-163.07715	252.44177	1547.8269	1324.493	4075.2214	-67.511696	507.46072	0.065252006	336000	-0.052096426
85	-160.23055	45.56086	159.46278	70.41062	324.0599	-272.12393	159.46281	70.408356	328.8729	-234.32376	681.6974	958.2039	4003.7134	-163.07715	254.68164	1570.5741	1333.0856	4075.2214	-67.511696	513.2553	0.065335214	340000	-0.05181108
86	-161.1014	45.60587	160.33957	70.73815	324.0599	-272.12393	160.3396	70.735886	330.5727	-247.19308	690.4787	970.1396	4003.7134	-163.07715	256.90814	1595.7627	1345.5305	4075.2214	-67.511696	518.9151	0.06540802	344000	-0.051015027
87	-161.97015	45.604736	161.21393	71.06831	324.0599	-272.12393	161.21397	71.06591	330.5727	-247.19308	699.23444	981.8933	4003.7134	-163.07715	259.12137	1613.6394	1348.0215	4075.2214	-67.511696	524.4448	0.06546609	348000	-0.05062603
88	-162.83261	45.619514	162.08171	71.39253	324.0599	-272.12393	162.0817	71.3902	330.5727	-247.19308	707.13226	990.20197	4003.7134	-163.07715	261.1276	1637.6759	1358.993	4075.2214	-67.511696	529.8489	0.0655504	352000	-0.049933903
89	-163.6926	45.62806	162.94759	71.70978	324.0599	-272.12393	162.94756	71.70742	330.5727	-247.19308	715.7514	1001.3328	4003.7134	-163.07715	263.3136	1644.3887	1359.2345	4075.2214	-67.511696	531.61237	0.065637626	356000	-0.04931766
90	-164.54907	45.634724	163.8093	72.022354	324.0599	-272.12393	163.80934	72.02004	330.5727	-247.19308	723.9704	1011.2151	4003.7134	-163.07715	265.48672	1666.103	1367.6014	4075.2214	-67.511696	536.81665	0.06570477	360000	-0.048836518
91	-165.39871	45.66502	164.66438	72.33103	324.0599	-272.12393	164.66438	72.328674	330.5727	-247.19308	731.94476	1020.6107	4003.7134	-163.07715	267.64706	1683.4539	1370.0188	4075.2214	-67.511696	541.9066	0.06578374	364000	-0.048199493
92	-166.24547	45.679405	165.5159	72.63648	324.0599	-272.12393	165.51596	72.634254	330.5727	-247.19308	739.51794	1029.227	4003.7134	-163.07715	269.59708	1702.5533	1374.6833	4075.2214	-67.511696	546.88586	0.065839306	368000	-0.047722068
93	-167.09172	45.695858	166.36696	72.93962	324.0599	-272.12393	166.36703	72.937294	330.5727	-247.19308	747.997	1039.5935	4003.7134	-163.07715	271.7312	1722.2566	1380.2758	4075.2214	-67.511696	551.75806	0.06590206	372000	-0.047098536
94	-167.93462	45.71444	167.21474	73.23835	324.0599	-272.12393	167.21477	73.23588	330.5727	-247.19308	756.78577	1050.8102	4168.817	-163.07715	273.85287	1743.1211	1387.6143	4075.2214	-67.511696	556.5266	0.06597212	376000	-0.046703517
95	-168.77705	45.749325	168.06183	73.534454	325.26868	-272.12393	168.06183	73.53207	330.5727	-247.19308	765.5178	1061.7114	4168.817	-163.07715	275.96225	1762.979	1393.6599	4075.2214	-67.511696	561.19476	0.06604549	380000	-0.046114217
96	-169.61363	45.74446	168.90314	73.825584	325.26868	-272.12393	168.9032	73.8233	330.5727	-247.19308	774.3705	1072.8275	4168.817	-163.07715	278.0594	1783.7394	1401.0741	4075.2214	-67.511696	565.7656	0.06611899	384000	-0.04553826
97	-170.44464	45.77187	169.73866	74.11315	325.26868	-272.12393	169.73874	74.11065	330.5727	-247.19308	783.08057	1083.4387	4168.817	-163.07715	280.1444	1805.4976	1410.0522	4075.2214	-67.511696	570.24225	0.06619074	388000	-0.04531296
98	-171.27399	45.777752	170.57275	74.39949	325.26868	-272.12393	170.57281	74.39699	330.5727	-247.19308	791.8735	1094.2031	4168.817	-163.07715	282.21744	1811.0997	1410.2329	4243.291	-67.511696	570.35	0.06625729	392000	-0.04453778
99	-172.10237	45.78415	171.40561	74.688324	328.59198	-272.12393	171.4057	74.685776	331.77365	-247.19308	800.3614	1104.0284	4168.817	-163.07715	284.27853	1829.8318	1415.3052	4243.291	-67.511696	574.6899	0.066309385	396000	-0.044317313
100	-172.93211	45.82143	172.23929	74.979866	331.39966	-272.12393	172.23935	74.97735	331.77365	-247.19308	809.0071	1114.2084	4168.817	-163.07715	286.32785	1832.2599	1412.8275	4297.885	-67.511696	574.053	0.06635838	400000	-0.043680657
101	-173.75679	45.831715	173.06857	75.26797	331.39966	-272.12393	173.06865	75.26549	334.7397	-247.19308	817.82227	1124.7521	4168.817	-163.07715	288.36545	1848.6372	1419.9753	4297.885	-67.511696	577.3119	0.06641336	404000	-0.043252267
102	-174.573	45.849144	173.88899	75.556145	334.10153	-272.12393	173.88911	75.55368	336.18497	-247.19308	825.6556	1132.8329	4168.817	-163.07715	290.39145	1865.9003	1423.613	4297.885	-67.511696	581.4559	0.06644589	408000	-0.042792387
103	-175.38142	45.858772	174.70172	75.83877	335.87155	-272.12393	174.70189	75.836426	337.00452	-247.19308	834.04584	1142.1162	4168.817	-163.07715	292.40598	1884.3147	1428.8553	4297.885	-67.511696	585.5194	0.06650591	412000	-0.042381443
104	-176.18546	45.899086	175.50987	76.11769	335.87723	-272.12393	175.51006	76.115265	337.00452	-247.19308	841.58417	1148.8047	4168.817	-163.07715	294.20084	1903.8822	1435.8241	4297.885	-67.511696	589.5048	0.066561736	416000	-0.041980974
105	-176.99211	45.927685	176.32036	76.398026	335.87723	-272.12393	176.32059	76.395645	337.00452	-247.19308	850.6913	1159.9238	4249.2397	-163.07715	296.19183	1922.6185	1441.8118	4297.885	-67.511696	593.4143	0.06663367	420000	-0.04149651
106	-177.79239	45.946846	177.12503	76.67211	335.92514	-272.12393	177.12526	76.669685	337.00452	-247.19308	858.62756	1167.0851	4249.2397	-163.07715	297.96207	1938.3073	1443.978	4297.885	-67.511696	597.25	0.066697426	424000	-0.04113533
107	-178.58034	45.960533	177.91747	76.9344	339.2448	-272.12393	177.91765	76.93204	338.1333	-247.19308	866.7971	1175.7083	4249.2397	-163.07715	299.92993	1955.2521	1447.7926	4297.885	-67.511696	601.01404	0.066776216	428000	-0.04057775
108	-179.35324	45.99291	178.69476	77.18569	342.50568	-272.12393	178.69496	77.183205	344.045	-247.19308	873.7348	1179.731	4249.2397	-163.07715	301.46545	1967.0201	1448.8904	4297.885	-67.511696	602.99817	0.06683295	432000	-0.04048217
109	-180.11752	46.003292	179.46327	77.43093	342.50568	-272.12393	179.46346	77.428474	344.045	-247.19308	880.5956	1186.2493	4249.2397	-163.07715	302.77777	1984.4252	1453.5364	4297.885	-67.511696	606.6404	0.06686319	436000	-0.040037684
110	-180.87143	46.013943	180.22174	77.67035	342.50568	-272.12393	180.22194	77.66796	344.045	-247.19308	888.80505	1194.8477	4249.2397	-163.07715	304.70914	1998.352	1456.4921	4297.885	-67.511696	609.03	0.066904694	440000	-0.03962061
111	-181.61351	46.035477	180.96822	77.90332	342.50568	-272.12393	180.96837	77.90081	345.543	-247.19308	896.85754	1202.999	4249.2397	-163.07715	306.62982	2011.8641	1458.1008	4297.885	-67.511696	611.6595	0.06697246	444000	-0.03915997
112	-182.34724	46.0417	181.70633	78.1293	343.228	-272.12393	181.70648	78.12684	345.543	-247.19308	905.4444	1212.4167	4249.2397	-163.07715	308.53995	2026.7069	1460.4587	4297.885	-67.511696	614.7982	0.067053676	448000	-0.038814124
113	-183.07448	46.06097	182.43767	78.34645	343.7725	-272.12393	182.43779	78.34404	345.543	-247.19308	913.01074	1218.2499	4249.2397	-163.07715	310.2265	2032.5406	1457.9054	4297.885	-67.511696	615.0584	0.06712985	452000	-0.038629204
114	-183.80252	46.046055	183.16963	78.56329	344.05222	-272.12393	183.16975	78.560905	345.543	-247.19308	920.7867	1226.539	4249.2397	-163.07715	311.90152	2047.6212	1461.2933	4297.885	-67.511696	617.8816	0.06719098	456000	-0.03798298
115	-184.52539	46.07975	183.89673	78.77606	344.05222	-272.12393	183.89684	78.77367	345.543	-247.19308	928.17926	1232.9155	4249.2397	-163.07715	313.5651	2047.7815	1459.7938	4297.885	-67.511696	617.4791	0.06724794	460000	-0.037741233
116	-185.24173	46.101414	184.61719	78.984146	344.05222	-272.12393	184.61736	78.98184	345.543	-247.19308	935.31287	1238.1984	4249.2397	-163.07715	315.21738	2059.6663	1459.0682	4297.885	-67.511696	620.77673	0.06731585	464000	-0.037470616
117	-185.94902	46.122158	185.32913	79.187614	344.05222	-272.12393	185.32924	79.185165	345.543	-247.19308	943.34247	1246.109	4249.2397	-163.07715	317.07318	2073.9524	1460.9629	4297.885	-67.511696	624.01794	0.06737285	468000	-0.037113313
118	-186.64835	46.129105	186.03247	79.38518	347.34177	-272.12393	186.03265	79.3827	346.12946	-269.87775	951.52655	1254.3254	4249.2397	-163.07715	318.9189	2070.2842	1462.874	4297.885	-67.511696	623.90765	0.0674477	472000	-0.036746643
119	-187.3438	46.130276	186.73196	79.57964	347.3709	-272.12393	186.73216	79.57711	350.31546	-269.87775	958.092	1258.9603	4249.2397	-163.07715	320.53873	2080.997	1465.9281	4388.8896	-67.511696	625.38574	0.06750774	476000	-0.036574733
120	-188.03683	46.142773	187.42891	79.76953	347.3709	-272.12393	187.42917	79.76715	350.31546	-269.87775	965.68335	1265.759	4249.2397	-163.07715	322.364	2094.805	1467.5914	4388.8896	-67.511696	628.5075	0.06756886	480000	-0.03619201
121	-188.7222	46.13865	188.1183	79.95715	347.3709	-272.12393	188.11845	79.95478	350.31546	-269.87775	973.3394	1272.6884	4249.2397	-163.07715	324.1795	2100.8704	1468.6824	4388.8896	-67.511696	629.34625	0.06762406	484000	-0.035835493
122	-189.40024	46.15493	188.80025	80.139946	347.54172	-272.12393	188.80032	80.13757	350.31546	-269.87775	981.23004	1280.1093	4249.2397	-163.07715	325.9853	2112.9238	1472.0848	4388.8896	-67.511696	631.63934	0.067685984	488000	-0.035656285
123	-190.07556	46.15952	189.47948	80.32028	348.98676	-272.12393	189.4796	80.3179	350.31546	-269.87775	988.93445	1287.0714	4249.2397	-163.07715	327.7815	2125.846	1473.0317	4388.8896	-67.511696	634.63416	0.06772911	492000	-0.035296734
124	-190.74931	46.168655	190.15688	80.50065	348.98676	-272.12393	190.15695	80.49835	350.31546	-269.87775	996.81586	1294.4034	4249.2397	-163.07715	329.5681	2142.2205	1478.3405	4425.151	-67.511696	637.5806	0.06774857	496000	-0.03514291
125	-191.41891	46.169106	190.8302	80.68306	351.30222	-272.12393	190.83035	80.68066	356.13922	-269.87775	1004.43933	1301.7856	4249.2397	-163.07715	331.12582	2149.972	1478.9628	4425.151	-67.511696	638.8336	0.06779398	500000	-0.034829903
126	-192.08414	46.19116	191.49911	80.86137	351.30222	-272.12393	191.49925	80.85901	356.13922	-269.87775	1010.44354	1307.057	4249.2397	-163.07715	332.45383	2166.5376	1484.7021	4425.151	-67.511696	641.7	0.067855485	504000	-0.03430363
127	-192.74257	46.21398	192.16133	81.03233	351.98325	-272.12393	192.16145	81.02986	356.13922	-269.87775	1018.40674	1314.5201	4249.2397	-163.07715	334.21054	2176.5977	1484.7642	4425.151	-67.511696	642.96454	0.06791139	508000	-0.034082264
128	-193.39561	46.210316	192.81793	81.198654	351.98325	-272.12393	192.81808	81.19616	356.13922	-269.87775	1026.1912	1321.5642	4249.2397	-163.07715	335.958	2191.225	1489.3104	4564.746	-67.511696	645.382	0.06796961	512000	-0.033993967
129	-194.04529	46.215042	193.47127	81.361015	351.98325	-272.12393	193.47142	81.35849	356.13922	-269.87775	1033.084	1327.8245	4249.2397	-163.07715	337.47546	2194.7773	1491.3105	4564.746	-67.511696	645.3279	0.068009384	516000	-0.03369671
130	-194.6922	46.246227	194.12172	81.52282	353.37387	-272.12393	194.12189	81.520325	356.13922	-269.87775	1041.0269	1335.1565	4249.2397	-163.07715	339.20416	2202.7104	1492.7487	4564.746	-67.511696	646.4023	0.068049125	520000	-0.033387445
131	-195.33545	46.26061	194.76834	81.68547	356.1649	-272.12393	194.76852	81.68295	356.13922	-269.87775	1048.0988	1340.0305	4249.2397	-163.07715	340.7022	2210.6028	1493.42	4564.746	-67.511696	647.53204	0.06808534	524000	-0.033192538
132	-195.97627	46.257812	195.41283	81.850235	360.13733	-272.12393	195.413	81.84773	357.22906	-269.87775	1056.1752	1347.6324	4252.987	-163.07715	342.41245	2221.807	1493.2693	4564.746	-67.511696	650.2023	0.06812914	528000	-0.032752555
133	-196.60648	46.274208	196.0467	82.00789	363.04376	-283.86078	196.04686	82.00534	357.22906	-269.87775	1063.5925	1353.7821	4252.987	-163.07715	344.11383	2233.5806	1493.8173	4564.746	-67.511696	652.83234	0.06818981	532000	-0.032285236
134	-197.22719	46.290195	196.67125	82.15672	363.04376	-283.86078	196.6714	82.1543	357.22906	-269.87775	1070.1569	1357.5842	4252.987	-163.07715	345.5835	2247.833	1497.3218	4564.746	-67.511696	655.42316	0.06825261	536000	-0.032231055
135	-197.84312	46.29025	197.29063	82.3	363.04376	-283.86078	197.29077	82.29746	366.20508	-269.87775	1077.8237	1364.2295	4252.987	-163.07715	347.26688	2260.3997	1498.8479	4564.746	-67.511696	657.9756	0.068311155	540000	-0.0319993
136	-198.45667	46.296482	197.90732	82.44115	363.04376	-283.86078	197.90749	82.43855	366.20508	-269.87775	1085.2671	1370.363	4252.987	-163.07715	348.94162	2276.1633	1504.9432	4695.8823	-67.511696	660.2831	0.06835578	544000	-0.031754762
137	-199.07396	46.28962	198.52776	82.584114	363.04376	-283.86078	198.52788	82.58141	366.20508	-269.87775	1093.0502	1377.2109	4252.987	-163.07715	350.60782	2282.962	1503.2019	4695.8823	-67.511696	661.80145	0.06839781	548000	-0.0315526
138	-199.68845	46.28292	199.14569	82.72727	363.55923	-283.86078	199.14583	82.72458	366.20508	-269.87775	1100.642	1383.6301	4269.609	-163.07715	352.26547	2285.6548	1502.2369	4695.8823	-67.511696	661.5159	0.068428695	552000	-0.03145431
139	-200.29816	46.286648	199.75873	82.868675	367.92303	-283.86078	199.75888	82.86614	368.0692	-269.87775	1108.4105	1390.4124	4269.6123	-163.07715	353.9147	2298.7493	1504.7396	4695.8823	-67.511696	663.95105	0.06845844	556000	-0.031092718
140	-200.908	46.2971	200.37163	83.01235	375.59448	-283.86078	200.37181	83.00989	387.22025	-269.87775	1115.097	1394.9666	4269.6123	-163.07715	355.32996	2310.1172	1505.7836	4695.8823	-67.511696	666.09	0.068488225	560000	-0.030974641
141	-201.51666	46.310123	200.98347	83.159	375.59448	-283.86078	200.98364	83.15638	387.22025	-269.87775	1122.4135	1400.7543	4269.6123	-163.07715	356.96204	2318.9407	1504.751	4695.8823	-67.511696	668.105	0.068508364	564000	-0.030452391
142	-202.11919	46.30403	201.58919	83.30272	375.59448	-283.86078	201.58939	83.30022	387.22025	-269.87775	1129.7018	1406.4667	4269.6123	-163.07715	358.58585	2331.8704	1507.3098	4695.8823	-67.511696	670.44226	0.068549424	568000	-0.030480446
143	-202.72066	46.317253	202.19368	83.4437	375.59448	-283.86078	202.19385	83.44118	387.22025	-269.87775	1136.8822	1411.9653	4269.6123	-163.07715	360.2015	2343.0554	1507.9403	4695.8823	-67.511696	672.7468	0.068597905	572000	-0.030024229
144	-203.3204	46.30324	202.79645	83.581474	375.59448	-283.86078	202.79657	83.57872	387.22025	-269.87775	1144.1975	1417.7072	4269.6123	-163.07715	361.80905	2343.4512	1507.0872	4695.8823	-67.511696	672.14307	0.068640366	576000	-0.029874196
145	-203.91626	46.31027	203.39526	83.71852	375.59448	-283.86078	203.3954	83.71595	387.22025	-269.87775	1150.779	1422.5376	4296.684	-163.07715	363.18097	2350.857	1506.2737	4695.8823	-67.511696	672.9414	0.06866484	580000	-0.029686444
146	-204.50642	46.309174	203.98846	83.85213	375.59448	-283.86078	203.98856	83.84953	387.22025	-269.87775	1155.0879	1422.593	4296.684	-163.07715	363.8629	2360.4766	1507.8656	4695.8823	-67.511696	674.0733	0.068680786	584000	-0.02971711
147	-205.09293	46.316772	204.57819	83.98721	377.99808	-288.47824	204.57831	83.98461	387.22025	-269.87775	1162.4127	1428.1493	4691.0	-163.07715	365.21738	2371.688	1510.15	4695.8823	-67.511696	675.94354	0.06867968	588000	-0.029400421
148	-205.67563	46.31237	205.16399	84.121056	377.99808	-288.47824	205.1641	84.11847	387.22025	-269.87775	1169.5477	1432.4814	4691.0	-163.07715	366.56348	2383.6294	1512.2324	4695.8823	-67.511696	677.9669	0.06869989	592000	-0.029074764
149	-206.2552	46.31541	205.74673	84.25567	377.99808	-288.47824	205.74683	84.25298	387.22025	-269.87775	1176.6561	1437.3176	4691.0	-163.07715	367.90125	2397.2126	1516.2903	4866.427	-67.511696	680.1282	0.06869998	596000	-0.028986435
150	-206.83163	46.328327	206.32616	84.39055	378.26865	-288.47824	206.32628	84.387726	387.22025	-269.87775	1183.3259	1441.393	4691.0	-163.07715	369.23077	2406.795	1517.9043	4866.427	-67.511696	681.752	0.0687406	600000	-0.028676638
151	-207.40884	46.329094	206.90619	84.52578	378.26865	-288.47824	206.90637	84.52307	387.22025	-269.87775	1190.0869	1446.0634	4691.0	-163.07715	370.77963	2418.7551	1519.9535	4866.427	-67.511696	683.8596	0.0687674	604000	-0.028643074
152	-207.98332	46.349037	207.48363	84.659065	379.32532	-288.47824	207.4838	84.65644	387.22025	-269.87775	1196.9617	1450.948	4691.0	-163.07715	372.3209	2429.6016	1520.8107	4866.427	-67.511696	685.93945	0.06878683	608000	-0.028255237
153	-208.55516	46.35989	208.05843	84.790215	381.36005	-288.47824	208.0586	84.78758	387.22025	-269.87775	1203.6273	1455.4672	4691.0	-163.07715	373.8546	2440.5935	1522.6044	4866.427	-67.511696	687.79083	0.06881971	612000	-0.027952496
154	-209.12137	46.366123	208.62772	84.91863	381.36005	-288.47824	208.62785	84.91589	387.22025	-269.87775	1210.9742	1461.2731	4691.0	-163.07715	375.38086	2449.641	1523.6482	4866.427	-67.511696	689.1968	0.06885382	616000	-0.027925445
155	-209.68182	46.376976	209.19125	85.04327	381.36005	-288.47824	209.19139	85.0404	387.22025	-269.87775	1217.471	1465.2406	4691.0	-163.07715	376.67072	2451.0242	1521.8992	4866.427	-67.511696	688.56647	0.068868116	620000	-0.02763471
156	-210.23738	46.38755	209.74971	85.16564	385.5601	-288.47824	209.74991	85.162964	387.22025	-269.87775	1223.7693	1468.8529	4691.0	-163.07715	377.95276	2462.137	1523.3417	4866.427	-67.511696	690.5628	0.06890213	624000	-0.027615359
157	-210.78752	46.388344	210.30272	85.28562	385.5601	-288.47824	210.30287	85.28286	387.22025	-269.87775	1231.1079	1474.6465	4691.0	-163.07715	379.4562	2472.6482	1524.1615	4866.427	-67.511696	692.53375	0.06893303	628000	-0.027385024
158	-211.33322	46.39702	210.85144	85.402794	385.5601	-288.47824	210.85156	85.39986	387.22025	-269.87775	1237.9634	1480.6519	4691.0	-163.07715	380.7229	2483.122	1525.8567	4866.427	-67.511696	694.1899	0.06896653	632000	-0.026976764
159	-211.87617	46.396217	211.39731	85.51692	385.5601	-288.47824	211.39743	85.51418	387.22025	-269.87775	1245.3198	1486.4569	4691.0	-163.07715	382.21155	2489.377	1525.9592	4866.427	-67.511696	694.7478	0.06900134	636000	-0.027106782
160	-212.41342	46.393677	211.93758	85.627754	394.29047	-288.47824	211.93767	85.62488	390.53745	-269.87775	1252.4501	1491.7897	4691.0	-163.07715	383.69305	2492.0247	1524.4165	4866.427	-67.511696	694.79877	0.069026925	640000	-0.026984464
161	-212.94249	46.412968	212.46957	85.733376	397.22076	-288.47824	212.46968	85.73048	391.10617	-269.87775	1259.7621	1497.4867	4691.0	-163.07715	385.16745	2503.846	1527.0267	4866.427	-67.511696	696.6944	0.069047935	644000	-0.026553428
162	-213.46693	46.423145	212.99693	85.83708	397.22076	-288.47824	212.99709	85.83433	391.10617	-269.87775	1266.5647	1502.1527	4691.0	-163.07715	386.63486	2511.7627	1525.756	4866.427	-67.511696	698.41235	0.0690707	648000	-0.02642999
163	-213.99084	46.436398	213.52356	85.94102	397.22076	-288.47824	213.52373	85.93821	391.10617	-269.87775	1273.5267	1507.1493	4691.0	-163.07715	388.09525	2523.8928	1528.9098	4866.427	-67.511696	700.2626	0.069089815	652000	-0.026029818
164	-214.5129	46.448082	214.04861	86.04494	397.22076	-288.47824	214.04874	86.04203	391.10617	-269.87775	1280.1917	1512.6173	4691.0	-163.07715	389.3175	2530.546	1529.0369	4866.427	-67.511696	701.2823	0.06913331	656000	-0.026009379
165	-215.02951	46.458286	214.56827	86.14658	397.22076	-288.47824	214.56837	86.143684	404.68832	-269.87775	1285.6198	1515.7565	4691.0	-163.07715	390.3016	2542.0398	1531.5205	4866.427	-67.511696	703.0927	0.06915747	660000	-0.025962267
166	-215.54192	46.45078	215.0835	86.2444	397.22076	-288.47824	215.08353	86.241425	404.68832	-269.87775	1292.4531	1520.4906	4691.0	-163.07715	391.74042	2550.6948	1530.9441	4866.427	-67.511696	704.88135	0.06920357	664000	-0.02553051
167	-216.04991	46.451694	215.59445	86.33729	400.4637	-288.47824	215.59447	86.33431	404.68832	-269.87775	1298.1313	1523.3103	4691.0	-163.07715	392.94116	2558.2827	1529.4828	4866.427	-67.511696	706.6485	0.069249466	668000	-0.025581513
168	-216.55292	46.44343	216.1003	86.42894	400.4637	-288.47824	216.10028	86.42592	404.68832	-269.87775	1304.6105	1527.3834	4691.0	-163.07715	394.3662	2567.9155	1532.2262	4866.427	-67.511696	707.95416	0.06927761	672000	-0.025319302
169	-217.05023	46.432667	216.60062	86.517876	400.4637	-288.47824	216.60056	86.5149	404.68832	-269.87775	1310.766	1531.8109	4698.096	-163.07715	395.55295	2577.698	1535.6803	4990.298	-67.511696	709.1142	0.06931523	676000	-0.02533635
170	-217.54572	46.42749	217.09885	86.60695	400.4637	-288.47824	217.09872	86.604034	404.68832	-269.87775	1316.0745	1534.9391	4698.096	-163.07715	396.50146	2589.0068	1538.2771	4990.298	-67.511696	710.72235	0.06934449	680000	-0.025156578
171	-218.04344	46.42493	217.59912	86.69923	407.5302	-288.47824	217.59903	86.69611	404.68832	-269.87775	1322.3198	1538.4481	4698.096	-163.07715	397.6744	2598.5488	1538.8398	4990.298	-67.511696	712.41406	0.06937757	684000	-0.024953635
172	-218.54335	46.425785	218.10147	86.79526	407.5302	-288.47824	218.10143	86.7923	404.68832	-269.87775	1328.5776	1542.7263	4698.096	-163.07715	398.84058	2606.8098	1538.5232	4990.298	-67.511696	713.8872	0.06941379	688000	-0.024720969
173	-219.04059	46.43804	218.60149	86.88984	407.5302	-288.47824	218.60138	86.88683	404.68832	-269.87775	1335.4664	1547.6018	4698.096	-163.07715	400.23135	2617.5571	1540.5477	4990.298	-67.511696	715.541	0.069470726	692000	-0.024533438
174	-219.53003	46.43599	219.09349	86.978195	407.5302	-288.47824	219.09341	86.9752	404.68832	-269.87775	1340.0505	1549.5453	4698.096	-163.07715	401.15274	2625.2925	1539.4941	4990.298	-67.511696	717.17584	0.069512166	696000	-0.02452563
175	-220.01537	46.442665	219.58148	87.06436	407.5302	-288.47824	219.58139	87.06148	404.68832	-269.87775	1346.2223	1553.1019	4698.096	-163.07715	402.53018	2634.2712	1539.6578	4990.298	-67.511696	718.792	0.069538295	700000	-0.024318114
176	-220.49718	46.43892	220.06607	87.14728	407.5302	-288.47824	220.06596	87.144135	404.68832	-269.87775	1353.1042	1557.9712	4698.096	-163.07715	403.9013	2638.828	1539.0289	4990.298	-67.511696	719.1705	0.06956798	704000	-0.024311654
177	-220.97437	46.438663	220.54597	87.22756	407.5302	-288.47824	220.54584	87.22456	404.68832	-269.87775	1360.3214	1563.4677	4698.096	-163.07715	405.26617	2644.1655	1539.0515	4990.298	-67.511696	719.8418	0.06959137	708000	-0.024162354
178	-221.44896	46.43332	221.0233	87.30855	407.5302	-288.47824	221.02315	87.305595	404.68832	-269.87775	1367.0503	1568.0017	4698.096	-163.07715	406.6248	2650.6196	1537.1262	4990.298	-67.511696	721.4157	0.06962149	712000	-0.02398729
179	-221.92296	46.432323	221.49998	87.391205	407.5302	-288.47824	221.49986	87.3883	404.68832	-269.87775	1373.7911	1572.5548	4698.096	-163.07715	407.9772	2660.048	1537.9915	4990.298	-67.511696	722.97205	0.06964665	716000	-0.023831608
180	-222.39577	46.440296	221.97534	87.47361	407.5302	-288.47824	221.9752	87.47052	404.68832	-269.87775	1379.5333	1576.1577	4698.096	-163.07715	409.0909	2669.5134	1539.3768	4990.298	-67.511696	724.32556	0.06967889	720000	-0.023716614
181	-222.86908	46.433075	222.45116	87.55616	407.5302	-288.47824	222.45103	87.55305	404.68832	-269.87775	1384.3142	1578.5338	4698.096	-163.07715	409.96603	2677.0432	1538.4545	4990.298	-67.511696	725.8315	0.069711484	724000	-0.023559658
182	-223.33899	46.426247	222.9236	87.638016	407.5302	-288.47824	222.9235	87.635025	404.68832	-269.87775	1390.7386	1582.5297	4698.096	-163.07715	411.29944	2684.01	1537.0833	4990.298	-67.511696	727.3379	0.06974084	728000	-0.023331938
183	-223.80742	46.437637	223.39447	87.71978	407.5302	-288.47824	223.39438	87.71667	404.68832	-269.87775	1394.9553	1583.4572	4698.096	-163.07715	411.9302	2690.8242	1535.6348	4990.298	-67.511696	728.8279	0.06977874	732000	-0.023236644
184	-224.27275	46.44471	223.8623	87.80007	407.5302	-288.47824	223.86224	87.79696	404.68832	-269.87775	1400.4218	1586.0485	4698.096	-163.07715	413.01907	2699.9246	1536.4174	4990.298	-67.511696	730.30164	0.06979686	736000	-0.023267431
185	-224.73505	46.458187	224.32707	87.87995	422.27048	-288.47824	224.32704	87.87696	422.37347	-269.87775	1405.772	1588.1184	4698.096	-163.07715	414.10184	2706.5916	1534.9305	4990.298	-67.511696	731.75946	0.06982044	740000	-0.023068862
186	-225.20432	46.51827	224.79774	87.965294	523.41376	-288.47824	224.79773	87.96208	527.1509	-269.87775	1374.1074	1581.7649	4698.096	-163.07715	405.22876	2695.508	1540.6399	4990.298	-67.511696	728.80164	0.06985776	744000	-0.022826642
187	-225.6955	46.703037	225.28966	88.07467	540.4096	-288.47824	225.28964	88.071495	545.77686	-364.58167	1359.1865	1576.6632	4698.096	-163.07715	401.50296	2683.116	1545.9067	4990.298	-67.511696	725.57166	0.06989676	748000	-0.022710234
188	-226.18608	46.845467	225.78221	88.18555	540.4096	-288.47824	225.78212	88.182526	545.77686	-364.58167	1357.3563	1575.328	4698.096	-163.07715	400.85287	2679.5598	1545.2589	4990.298	-67.511696	724.86115	0.069959894	752000	-0.022396153
189	-226.65733	46.940678	226.25587	88.279144	540.4096	-288.47824	226.25578	88.27587	545.77686	-364.58167	1362.9288	1578.3141	4698.096	-163.07715	402.12766	2687.6226	1545.1415	4990.298	-67.511696	726.31696	0.07001588	756000	-0.022316936
190	-227.11067	47.01961	226.71156	88.35363	540.4096	-288.47824	226.71149	88.35051	545.77686	-364.58167	1368.0244	1580.5208	4698.096	-163.07715	403.183	2696.9658	1546.4487	4990.298	-67.511696	727.7163	0.07005877	760000	-0.022552991
191	-227.5513	47.081024	227.15486	88.42024	540.4096	-288.47824	227.1548	88.41696	545.77686	-364.58167	1374.3129	1584.7476	4698.096	-163.07715	404.4468	2704.559	1547.8667	4990.298	-67.511696	728.7686	0.070086345	764000	-0.022086613
192	-227.97768	47.144287	227.58415	88.48004	540.4096	-288.47824	227.58408	88.4768	545.77686	-364.58167	1380.7565	1589.2625	4698.096	-163.07715	405.70523	2711.973	1547.8749	4990.298	-67.511696	729.85675	0.070136316	768000	-0.021986246
193	-228.39311	47.190346	228.0023	88.53318	540.4096	-288.47824	228.00226	88.530045	545.77686	-364.58167	1387.0825	1593.5414	4698.096	-163.07715	406.95834	2720.6428	1548.5476	4990.298	-67.511696	731.2565	0.07018406	772000	-0.021942442
194	-228.80328	47.236637	228.41501	88.584595	540.4096	-288.47824	228.41496	88.58139	545.77686	-364.58167	1392.8795	1596.8657	4698.096	-163.07715	408.2062	2728.5618	1548.4786	4990.298	-67.511696	732.6417	0.070224166	776000	-0.021788135
195	-229.20996	47.285038	228.82423	88.63635	540.4096	-288.47824	228.82417	88.63294	545.77686	-364.58167	1398.8414	1600.4757	4698.096	-163.07715	409.44882	2737.771	1549.8232	4990.298	-67.511696	734.0128	0.07028142	780000	-0.021606306
196	-229.61484	47.3411	229.23152	88.6864	540.4096	-288.47824	229.23148	88.6832	545.77686	-364.58167	1403.9624	1603.14	4698.096	-163.07715	410.4712	2743.8254	1548.1785	4990.298	-67.511696	735.3699	0.070332184	784000	-0.021429721
197	-230.0232	47.38125	229.64204	88.73821	540.4096	-288.47824	229.64201	88.734886	545.77686	-364.58167	1409.5714	1606.1636	4698.096	-163.07715	411.70325	2751.206	1547.7104	4990.298	-67.511696	736.7132	0.07037327	788000	-0.021385008
198	-230.43271	47.435566	230.05382	88.78989	540.4096	-288.47824	230.05374	88.78676	545.77686	-364.58167	1415.7017	1610.0933	4698.096	-163.07715	412.93015	2758.0283	1546.7687	4990.298	-67.511696	738.0429	0.0704101	792000	-0.021410367
199	-230.84093	47.476303	230.46417	88.84179	540.4096	-288.47824	230.46413	88.83842	545.77686	-364.58167	1421.65	1613.6914	4698.096	-163.07715	414.15192	2765.612	1546.5916	4990.298	-67.511696	739.3593	0.07043755	796000	-0.02126323
200	-231.24838	47.507515	230.87373	88.895325	540.4096	-288.47824	230.87369	88.89184	545.77686	-364.58167	1427.5	1617.1178	4698.096	-163.07715	415.36865	2771.985	1546.1426	4990.298	-67.511696	740.2125	0.070469774	800000	-0.021109108
201	-231.65567	47.558155	231.28328	88.949326	540.4096	-288.47824	231.28325	88.94591	545.77686	-364.58167	1433.0316	1621.194	4723.206	-163.07715	416.36456	2778.3884	1544.9667	4990.298	-67.511696	741.505	0.07050648	804000	-0.020995818
202	-232.06198	47.57389	231.69173	89.00463	540.4096	-288.47824	231.69173	89.0014	545.77686	-364.58167	1438.9558	1624.7555	4723.206	-163.07715	417.57104	2785.6543	1544.6123	4990.298	-67.511696	742.78467	0.07053941	808000	-0.020819671
203	-232.46744	47.613842	232.09947	89.06054	540.4096	-288.47824	232.09952	89.057144	545.77686	-364.58167	1444.8873	1628.325	4723.206	-163.07715	418.77255	2792.8462	1545.8488	4990.298	-67.511696	743.7103	0.0705807	812000	-0.020764263
204	-232.87184	47.642906	232.50603	89.11545	540.4096	-288.47824	232.5061	89.11194	545.77686	-364.58167	1450.0106	1631.3239	4723.206	-163.07715	419.75308	2788.7979	1548.528	4990.298	-67.511696	742.22943	0.07060625	816000	-0.020702155
205	-233.27461	47.689922	232.91095	89.17243	540.4096	-288.47824	232.911	89.16885	545.77686	-364.58167	1455.2681	1634.0586	4723.206	-163.07715	420.72858	2792.3562	1547.406	4990.298	-67.511696	742.8966	0.07063331	820000	-0.020494001
206	-233.6746	47.7232	233.3131	89.23057	540.4096	-288.47824	233.31317	89.226906	545.77686	-364.58167	1460.7964	1636.9434	4723.206	-163.07715	421.915	2798.6465	1546.2782	4990.298	-67.511696	744.14465	0.070676506	824000	-0.020484783
207	-234.07497	47.75279	233.71535	89.28813	540.4096	-288.47824	233.71542	89.28452	545.77686	-364.58167	1466.6271	1640.3429	4723.206	-163.07715	423.0966	2807.3855	1547.6385	4990.298	-67.511696	745.3807	0.07069648	828000	-0.020520525
208	-234.4767	47.78324	234.11903	89.347595	540.4096	-288.47824	234.1191	89.34406	545.77686	-364.58167	1468.3414	1642.719	4723.206	-163.07715	423.1943	2813.7192	1546.6222	4990.298	-67.511696	746.6048	0.070727505	832000	-0.02028844
209	-234.8777	47.82329	234.52211	89.40571	540.4096	-288.47824	234.52213	89.40215	545.77686	-364.58167	1474.6335	1646.9799	4723.206	-163.07715	424.36548	2815.405	1548.7417	4990.298	-67.511696	746.5703	0.070762515	836000	-0.020184373
210	-235.27701	47.84309	234.9234	89.46165	540.4096	-288.47824	234.92351	89.45803	545.77686	-364.58167	1478.9836	1649.0763	4723.206	-163.07715	425.31647	2822.5842	1550.8372	5006.917	-67.511696	747.3914	0.070795104	840000	-0.02004596
211	-235.6755	47.87563	235.32404	89.51752	540.4096	-288.47824	235.32413	89.51401	545.77686	-364.58167	1482.4088	1650.6255	4723.206	-163.07715	426.04745	2827.7688	1548.9828	5006.917	-67.511696	748.5886	0.07081836	844000	-0.01998803
212	-236.07184	47.91017	235.72256	89.573456	540.4096	-288.47824	235.72266	89.569984	545.77686	-364.58167	1488.2263	1654.0872	4870.4775	-163.07715	427.20404	2831.8984	1548.9258	5006.917	-67.511696	749.1222	0.07084557	848000	-0.019856492
213	-236.46367	47.931538	236.1164	89.629555	540.4096	-288.47824	236.11653	89.62569	545.77686	-364.58167	1493.0907	1655.7965	4870.4775	-163.07715	428.14072	2833.396	1549.7272	5006.917	-67.511696	748.95166	0.070866205	852000	-0.020009177
214	-236.8568	47.97637	236.51137	89.687614	540.4096	-288.47824	236.51149	89.68399	545.77686	-364.58167	1498.8008	1659.0378	4870.4775	-163.07715	429.28787	2839.412	1548.6025	5006.917	-67.511696	750.12476	0.07088436	856000	-0.019658897
215	-237.25099	48.016666	236.90733	89.74763	540.4096	-288.47824	236.90753	89.74396	545.77686	-364.58167	1504.9236	1663.0076	4870.4775	-163.07715	430.43042	2847.522	1549.5548	5006.917	-67.511696	751.287	0.07091481	860000	-0.01958222
216	-237.64421	48.038456	237.30246	89.80558	540.4096	-288.47824	237.30267	89.80201	545.77686	-364.58167	1510.6954	1666.3468	4870.4775	-163.07715	431.56842	2853.124	1548.1449	5006.917	-67.511696	752.4384	0.070942976	864000	-0.019583084
217	-238.0348	48.052387	237.69482	89.86302	540.4096	-288.47824	237.695	89.85933	545.77686	-364.58167	1516.5048	1669.7695	4870.4775	-163.07715	432.7019	2860.9373	1548.8392	5006.917	-67.511696	753.5793	0.070955575	868000	-0.019429242
218	-238.42644	48.083374	238.08836	89.92274	540.4096	-288.47824	238.08855	89.91908	545.77686	-364.58167	1522.3008	1673.1582	4870.4775	-163.07715	433.83084	2866.5776	1547.5165	5006.917	-67.511696	754.70966	0.070972495	872000	-0.019368686
219	-238.81766	48.108967	238.48135	89.984604	540.4096	-288.47824	238.48154	89.98097	545.77686	-364.58167	1528.1844	1676.6995	4870.4775	-163.07715	434.95532	2873.0159	1547.7974	5006.917	-67.511696	755.38495	0.07097725	876000	-0.019391084
220	-239.21004	48.142414	238.87547	90.04974	540.4096	-288.47824	238.87564	90.04623	545.77686	-364.58167	1534.1249	1680.3385	4870.4775	-163.07715	436.07532	2879.3682	1549.2108	5006.917	-67.511696	756.1295	0.070990905	880000	-0.019000186
221	-239.60109	48.17438	239.26819	90.11579	540.4096	-288.47824	239.26834	90.11213	545.77686	-364.58167	1540.0009	1683.8635	4870.4775	-163.07715	437.1909	2886.9204	1549.7681	5006.917	-67.511696	757.23303	0.07100991	884000	-0.01893405
222	-239.99216	48.197548	239.66093	90.18048	540.4096	-288.47824	239.66107	90.176895	545.77686	-364.58167	1545.847	1687.333	4870.4775	-163.07715	438.30206	2894.322	1550.1891	5006.917	-67.511696	758.3266	0.07103402	888000	-0.018927878
223	-240.38312	48.21974	240.05334	90.24389	540.4096	-288.47824	240.05348	90.24033	545.77686	-364.58167	1551.4829	1690.4421	4870.4775	-163.07715	439.40887	2901.6597	1550.5713	5006.917	-67.511696	759.41034	0.07106221	892000	-0.018768294
224	-240.77505	48.253525	240.44676	90.30799	540.4096	-288.47824	240.4469	90.3043	545.77686	-364.58167	1557.1167	1693.5553	4870.4775	-163.07715	440.51132	2908.7656	1550.8368	5006.917	-67.511696	760.4045	0.0710875	896000	-0.018745683
225	-241.16687	48.281456	240.84	90.37177	540.4096	-288.47824	240.84013	90.36807	545.77686	-364.58167	1562.6167	1696.4425	4870.4775	-163.07715	441.60944	2914.4866	1549.762	5006.917	-67.511696	761.46936	0.07111486	900000	-0.018734623
226	-241.5583	48.308857	241.23302	90.43428	540.4096	-288.47824	241.23306	90.43058	545.77686	-364.58167	1567.5665	1698.3196	4870.4775	-163.07715	442.48654	2922.1064	1550.6251	5034.306	-67.511696	762.47656	0.07112687	904000	-0.01868175
227	-241.94421	48.346	241.62056	90.49579	540.4096	-288.47824	241.62056	90.49221	545.77686	-364.58167	1573.0752	1701.2606	4870.4775	-163.07715	443.57596	2923.9768	1551.5623	5034.306	-67.511696	762.4766	0.0711336	908000	-0.018575462
228	-242.32454	48.368664	242.00261	90.554085	540.4096	-288.47824	242.00261	90.55054	545.77686	-364.58167	1578.7064	1704.3783	4870.4775	-163.07715	444.66113	2931.3145	1553.0986	5034.306	-67.511696	763.2825	0.07114468	912000	-0.018471874
229	-242.70068	48.39441	242.3805	90.61084	540.4096	-288.47824	242.38051	90.60722	545.77686	-364.58167	1583.53	1706.8978	4870.4775	-163.07715	445.5253	2937.9307	1552.9296	5034.306	-67.511696	764.31616	0.071153104	916000	-0.018251803
230	-243.07385	48.413284	242.75545	90.66701	540.4096	-288.47824	242.75546	90.66358	545.77686	-364.58167	1589.433	1710.4888	4870.4775	-163.07715	446.60193	2942.3252	1550.9896	5034.306	-67.511696	765.3409	0.07117057	920000	-0.01820571
231	-243.44557	48.432507	243.12883	90.72298	540.4096	-288.47824	243.1288	90.71922	545.77686	-364.58167	1594.2759	1713.2828	4870.4775	-163.07715	447.45764	2947.574	1549.6758	5034.306	-67.511696	766.3567	0.07117731	924000	-0.01817963
232	-243.81824	48.460663	243.5031	90.78208	540.4096	-288.47824	243.5031	90.7786	545.77686	-364.58167	1599.9523	1716.4818	4870.4775	-163.07715	448.52585	2953.2603	1550.7972	5034.306	-67.511696	767.01465	0.07119599	928000	-0.018118279
233	-244.1938	48.485497	243.88019	90.845634	540.4096	-288.47824	243.88019	90.8421	545.77686	-364.58167	1605.9176	1720.1866	4870.4775	-163.07715	449.58997	2955.1172	1553.6906	5034.306	-67.511696	766.83136	0.07121613	932000	-0.017956186
234	-244.5701	48.53856	244.25797	90.911095	540.4096	-288.47824	244.25798	90.90755	545.77686	-364.58167	1610.8354	1721.6025	4870.4775	-163.07715	450.4331	2958.0764	1554.445	5034.306	-67.511696	766.8508	0.07123412	936000	-0.017837588
235	-244.94574	48.562923	244.6352	90.97668	540.4096	-288.47824	244.63516	90.97298	545.77686	-364.58167	1615.8538	1723.6313	4870.4775	-163.07715	451.27222	2966.5017	1556.4911	5061.278	-67.511696	767.84296	0.071259126	940000	-0.017849434
236	-245.32051	48.57621	245.01146	91.04127	540.4096	-288.47824	245.01144	91.03765	545.77686	-364.58167	1620.9342	1725.9738	4938.9365	-163.07715	452.10727	2970.8118	1557.5139	5113.7705	-67.511696	768.1034	0.07127552	944000	-0.017712168
237	-245.6949	48.593014	245.38736	91.1061	540.4096	-288.47824	245.38737	91.10238	545.77686	-364.58167	1625.1876	1728.285	4938.9365	-163.07715	452.72208	2973.3333	1558.1984	5113.7705	-67.511696	768.1865	0.07129106	948000	-0.017639317
238	-246.069	48.60306	245.76312	91.17211	540.4096	-288.47824	245.7631	91.16849	545.77686	-371.7097	1630.4076	1731.7087	4979.3027	-163.07715	453.54932	2979.6265	1558.6743	5113.7705	-67.511696	768.955	0.07130895	952000	-0.01762464
239	-246.43929	48.630474	246.13512	91.23794	540.4096	-288.47824	246.13507	91.23423	545.77686	-371.7097	1636.2656	1735.263	4979.3027	-163.07715	454.58868	2984.4578	1558.6227	5113.7705	-67.511696	769.37445	0.07132338	956000	-0.017492205
240	-246.80823	48.663948	246.50551	91.30193	540.4096	-288.47824	246.50548	91.29815	545.77686	-371.7097	1641.5828	1739.2025	5024.1924	-163.07715	455.40796	2992.5437	1560.3894	5113.7705	-67.511696	770.3354	0.07132985	960000	-0.017440638
241	-247.17561	48.67735	246.87466	91.36498	540.4096	-288.47824	246.87466	91.36141	545.77686	-371.7097	1647.4154	1742.714	5024.1924	-163.07715	456.4394	3000.216	1561.6931	5113.7705	-67.511696	771.2884	0.07134417	964000	-0.017384617
242	-247.53798	48.69536	247.23875	91.4245	540.4096	-288.47824	247.23874	91.42088	545.77686	-371.7097	1653.2914	1746.2979	5024.1924	-163.07715	457.46692	3004.5515	1562.8053	5113.7705	-67.511696	771.63184	0.07137341	968000	-0.017329475
243	-247.89677	48.718113	247.59929	91.48256	540.4096	-288.47824	247.59927	91.47878	545.77686	-371.7097	1658.896	1749.4366	5028.5435	-163.07715	458.49057	3010.9521	1563.0767	5113.7705	-67.511696	772.4329	0.07139415	972000	-0.017067116
244	-248.25359	48.72959	247.95772	91.5394	540.4096	-288.47824	247.9577	91.5358	545.77686	-371.7097	1664.4246	1752.4241	5028.5435	-163.07715	459.51035	3016.468	1562.2518	5113.7705	-67.511696	773.3656	0.07141334	976000	-0.017234573
245	-248.60861	48.746933	248.31458	91.59638	540.4096	-288.47824	248.3145	91.592636	545.77686	-371.7097	1669.2145	1755.4419	5028.5435	-163.07715	460.31	3022.7207	1562.1328	5113.7705	-67.511696	774.2906	0.07142981	980000	-0.017056448
246	-248.9599	48.78375	248.66757	91.65052	540.4096	-288.47824	248.66747	91.64689	545.77686	-371.7097	1674.9404	1758.7874	5028.5435	-163.07715	461.32208	3028.1807	1561.9122	5113.7705	-67.511696	774.9447	0.07145643	984000	-0.016871562
247	-249.31181	48.796024	249.02109	91.70322	540.4096	-288.47824	249.02106	91.6997	545.77686	-371.7097	1680.2251	1761.3828	5028.5435	-163.07715	462.33038	3034.1182	1561.571	5113.7705	-67.511696	775.7996	0.07147446	988000	-0.016943611
248	-249.66393	48.804707	249.37471	91.757576	540.4096	-288.47824	249.37468	91.75416	545.77686	-371.7097	1685.9797	1764.7587	5028.5435	-163.07715	463.3349	3040.3486	1561.4966	5113.7705	-67.511696	776.7036	0.0714824	992000	-0.016958948
249	-250.01857	48.809177	249.73082	91.81456	540.4096	-288.47824	249.73077	91.81093	545.77686	-371.7097	1691.6406	1767.9749	5028.5435	-163.07715	464.33566	3047.4504	1562.3696	5113.7705	-67.511696	777.6004	0.071484104	996000	-0.016785534
250	-250.37193	48.830303	250.08582	91.872795	540.4096	-288.47824	250.08582	91.869156	545.77686	-371.7097	1696.9102	1770.542	5028.5435	-163.07715	465.3327	3051.5884	1563.1315	5113.7705	-67.511696	777.9428	0.07149919	1000000	-0.0166332
