epoch	pi-loss	q-loss	average-q-values	std-q-values	max-q-values	min-q-values	average-episode-return	std-episode-return	max-episode-return	min-episode-return	episode-length	average-test-episode-return	std-test-episode-return	max-test-episode-return	min-test-episode-return	test-episode-length	total-env-interacts
1	-15.868277	1.9099809	13.435103	11.480396	70.82667	-17.304604	18.429537	15.289001	90.111015	5.8011017	22.346369	38.7539	0.7870628	40.10504	37.136356	22.1	4000
2	-62.48259	23.980036	56.188114	49.06452	201.16307	-95.77196	23.662493	15.721167	90.111015	4.6009927	22.408964	38.61736	0.8474686	40.17628	36.992	22.0	8000
3	-66.152016	22.236603	62.224335	50.40552	214.09747	-95.77196	28.850842	14.787749	90.111015	4.6009927	22.38806	38.718582	0.9581397	40.239227	36.939	22.066668	12000
4	-56.093185	16.806986	53.141293	46.24999	214.09747	-95.77196	31.420654	13.617542	90.111015	4.6009927	22.377623	38.723385	0.9027434	40.2502	36.939	22.05	16000
5	-49.6927	13.503672	47.29547	42.958755	214.09747	-95.77196	32.9347	12.604096	90.111015	3.304948	22.346369	38.783802	0.88470834	40.727753	36.939	22.08	20000
6	-45.355824	11.32252	43.324844	40.273285	214.09747	-95.77196	33.938198	11.774057	90.111015	3.1181245	22.32558	38.779415	0.8959106	40.727753	36.84546	22.083334	24000
7	-42.248653	9.780353	40.481586	38.049812	214.09747	-95.77196	34.65646	11.075341	90.111015	3.1181245	22.310757	38.74862	0.89470863	40.727753	36.824223	22.071428	28000
8	-39.908726	8.632477	38.341393	36.181408	214.09747	-95.77196	35.19408	10.493793	90.111015	3.1181245	22.299652	38.761818	0.88251644	40.727753	36.824223	22.0625	32000
9	-38.07811	7.739614	36.66711	34.58977	214.09747	-95.77196	35.609318	9.996353	90.111015	3.1181245	22.291021	38.814354	0.88536006	40.727753	36.824223	22.088888	36000
10	-36.60337	7.0283866	35.318367	33.217014	214.09747	-95.77196	35.943996	9.579447	90.111015	2.260886	22.284122	38.820827	0.90170515	40.727753	36.824223	22.1	40000
11	-35.381104	6.438218	34.200745	32.0177	214.09747	-95.77196	36.21735	9.195455	90.111015	2.260886	22.27848	38.83706	0.91128266	40.727753	36.824223	22.10909	44000
12	-34.347294	5.943199	33.255367	30.957956	214.09747	-95.77196	36.463356	8.846816	90.111015	2.260886	22.284122	38.85931	0.9441541	40.727753	36.824223	22.116667	48000
13	-33.468975	5.52078	32.45241	30.013638	214.09747	-95.77196	36.650734	8.539113	90.111015	2.260886	22.279348	38.80621	0.9651262	40.727753	36.702057	22.084616	52000
14	-32.709213	5.1626563	31.757483	29.165783	214.09747	-95.77196	36.813812	8.281056	90.111015	2.260886	22.275259	38.813137	0.9492019	40.727753	36.702057	22.092857	56000
15	-32.046204	4.8503604	31.151114	28.401133	214.09747	-95.77196	36.954887	8.051634	90.111015	2.234043	22.271715	38.81037	0.9459704	40.727753	36.702057	22.093334	60000
16	-31.463879	4.5795436	30.618683	27.7063	214.09747	-95.77196	37.091446	7.8202457	90.111015	2.234043	22.276365	38.849983	0.95505023	40.727753	36.702057	22.11875	64000
17	-30.948935	4.3359723	30.14836	27.069906	214.09747	-95.77196	37.21217	7.60856	90.111015	2.234043	22.280472	38.81168	0.9584277	40.727753	36.702057	22.094118	68000
18	-30.484188	4.116174	29.723886	26.485844	214.09747	-95.77196	37.307358	7.422445	90.111015	2.234043	22.277227	38.793938	0.9668813	40.727753	36.702057	22.083334	72000
19	-30.065046	3.9211068	29.340637	25.946007	214.09747	-95.77196	37.392735	7.247918	90.111015	2.234043	22.274326	38.785404	0.9567005	40.727753	36.702057	22.078947	76000
20	-29.68346	3.7431717	28.991577	25.44661	214.09747	-95.77196	37.469917	7.095317	90.111015	2.234043	22.271715	38.78173	0.95618784	40.727753	36.702057	22.08	80000
21	-29.336498	3.5807447	28.674122	24.983284	214.09747	-95.77196	37.541355	6.961872	90.111015	1.0967233	22.269354	38.80472	0.9530635	40.727753	36.702057	22.090477	84000
22	-29.018501	3.433054	28.383045	24.551125	214.09747	-95.77196	37.60461	6.830273	90.111015	1.0967233	22.267206	38.787403	0.9469553	40.727753	36.702057	22.077272	88000
23	-28.728313	3.2973816	28.117506	24.147383	214.09747	-95.77196	37.672848	6.6924276	90.111015	1.0967233	22.270638	38.773403	0.94536954	40.727753	36.702057	22.069565	92000
24	-28.457575	3.172838	27.869566	23.76926	214.09747	-95.77196	37.72562	6.5780754	90.111015	1.0967233	22.268616	38.771008	0.92689824	40.727753	36.702057	22.066668	96000
25	-28.207193	3.056594	27.640182	23.413797	214.09747	-95.77196	37.78412	6.454712	90.111015	1.0967233	22.271715	38.75523	0.922377	40.727753	36.702057	22.056	100000
26	-27.974049	2.9498794	27.426699	23.078827	214.09747	-95.77196	37.83771	6.338587	90.111015	1.0967233	22.274576	38.76973	0.9290879	40.727753	36.702057	22.061539	104000
27	-27.756355	2.8496194	27.227385	22.76296	214.09747	-95.77196	37.879288	6.246237	90.111015	1.0967233	22.272633	38.784515	0.9280762	40.727753	36.702057	22.07037	108000
28	-27.553568	2.757708	27.041763	22.463673	214.09747	-95.77196	37.9254	6.144176	90.111015	1.0967233	22.275259	38.78264	0.9267294	40.727753	36.702057	22.071428	112000
29	-27.362906	2.6731303	26.867088	22.18052	214.09747	-95.77196	37.960247	6.0521235	90.111015	1.0967233	22.273426	38.7892	0.91904354	40.727753	36.702057	22.075863	116000
30	-27.184082	2.5931273	26.703423	21.912342	214.09747	-95.77196	38.000168	5.957264	90.111015	1.0967233	22.275848	38.774826	0.9345934	40.727753	36.702057	22.066668	120000
31	-27.016317	2.5165067	26.54983	21.65655	214.09747	-95.77196	38.030872	5.884397	90.111015	1.0967233	22.274115	38.773174	0.92811733	40.727753	36.702057	22.064516	124000
32	-26.858517	2.4458482	26.405226	21.414345	214.09747	-95.77196	38.058903	5.8063684	90.111015	1.0967233	22.27249	38.786602	0.9486067	40.727753	36.702057	22.071875	128000
33	-26.710402	2.3801997	26.26973	21.1832	214.09747	-95.77196	38.08514	5.7344713	90.111015	1.0967233	22.270964	38.774742	0.94463027	40.727753	36.702057	22.063637	132000
34	-26.569326	2.3166974	26.140564	20.96178	214.09747	-95.77196	38.11586	5.656455	90.111015	1.0967233	22.273174	38.776478	0.9445019	40.727753	36.702057	22.064707	136000
35	-26.43621	2.2569304	26.01848	20.750309	214.09747	-95.77196	38.14566	5.580233	90.111015	1.0967233	22.275259	38.783924	0.9448114	40.727753	36.702057	22.068571	140000
36	-26.310656	2.2004209	25.903458	20.547735	214.09747	-95.77196	38.167526	5.5263753	90.111015	1.0490842	22.273783	38.77912	0.94187164	40.727753	36.702057	22.063889	144000
37	-26.190693	2.1467593	25.79345	20.352896	214.09747	-95.77196	38.188587	5.471783	90.111015	1.0490842	22.272385	38.78066	0.932922	40.727753	36.702057	22.064865	148000
38	-26.075226	2.0958178	25.687674	20.16648	214.09747	-95.77196	38.209087	5.404887	90.111015	1.0490842	22.271063	38.775436	0.93506795	40.727753	36.702057	22.063158	152000
39	-25.965942	2.0471826	25.587551	19.987152	214.09747	-95.77196	38.227936	5.344435	90.111015	1.0490842	22.269808	38.77018	0.9303522	40.727753	36.702057	22.061539	156000
40	-25.862131	2.0012383	25.492523	19.81478	214.09747	-95.77196	38.246365	5.2969875	90.111015	1.0490842	22.268616	38.778496	0.9366796	40.727753	36.702057	22.0675	160000
41	-25.762192	1.9578295	25.400986	19.649307	214.09747	-95.77196	38.26427	5.2390037	90.111015	1.0490842	22.26748	38.78229	0.93512154	40.727753	36.702057	22.068293	164000
42	-25.666515	1.9157408	25.313286	19.489676	214.09747	-95.77196	38.280235	5.1850915	90.111015	1.0490842	22.266401	38.779037	0.9376098	40.727753	36.702057	22.066668	168000
43	-25.57437	1.8754984	25.228844	19.336197	214.09747	-95.77196	38.295715	5.128335	90.111015	1.0490842	22.265371	38.790096	0.9354957	40.727753	36.702057	22.072094	172000
44	-25.485992	1.8369377	25.147831	19.187843	214.09747	-95.77196	38.31095	5.0903807	90.111015	1.0490842	22.264389	38.79428	0.9299643	40.727753	36.702057	22.075	176000
45	-25.401045	1.7993484	25.069939	19.04453	214.09747	-95.77196	38.324886	5.052013	90.111015	1.0490842	22.26345	38.800903	0.92689395	40.727753	36.702057	22.08	180000
46	-25.319967	1.7633473	24.995642	18.906013	214.09747	-95.77196	38.33835	5.0119567	90.111015	1.0490842	22.262552	38.794796	0.930856	40.727753	36.702057	22.07826	184000
47	-25.242098	1.7290407	24.924198	18.772284	214.09747	-95.77196	38.35139	4.977336	90.111015	1.0490842	22.261694	38.791306	0.93256706	40.727753	36.702057	22.076595	188000
48	-25.1668	1.6961237	24.855108	18.643202	214.09747	-95.77196	38.36841	4.9290805	90.111015	1.0490842	22.26345	38.78872	0.94183177	40.727753	36.702057	22.075	192000
49	-25.09427	1.6648881	24.788506	18.51843	214.09747	-95.77196	38.379505	4.89132	90.111015	1.0490842	22.262608	38.791676	0.9438633	40.727753	36.702057	22.07755	196000
50	-25.025047	1.6348994	24.725012	18.397594	214.09747	-95.77196	38.390865	4.858722	90.111015	1.0490842	22.261799	38.798405	0.9485853	40.727753	36.702057	22.082	200000
51	-24.95778	1.6056346	24.663254	18.280497	214.09747	-95.77196	38.40179	4.827813	90.111015	1.0490842	22.26102	38.802917	0.9434042	40.727753	36.702057	22.084314	204000
52	-24.893854	1.577636	24.604668	18.166862	214.09747	-95.77196	38.41219	4.7894683	90.111015	1.0490842	22.260275	38.81092	0.9478985	40.727753	36.702057	22.08846	208000
53	-24.831602	1.5505122	24.547588	18.056412	214.09747	-95.77196	38.425884	4.7506924	90.111015	1.0490842	22.261892	38.80979	0.9471502	40.727753	36.702057	22.088678	212000
54	-24.771297	1.5241922	24.492249	17.949856	214.09747	-95.77196	38.435402	4.712053	90.111015	1.0490842	22.261156	38.81275	0.9435894	40.727753	36.702057	22.09074	216000
55	-24.713808	1.4987534	24.439585	17.846207	214.09747	-95.77196	38.444923	4.6817656	90.111015	1.0490842	22.260447	38.823463	0.9444817	40.727753	36.702057	22.096363	220000
56	-24.658323	1.4745147	24.388777	17.745325	214.09747	-95.77196	38.457077	4.6467667	90.111015	1.0490842	22.261976	38.819477	0.9392603	40.727753	36.702057	22.092857	224000
57	-24.60436	1.451255	24.339258	17.647648	214.09747	-95.77196	38.469193	4.6090064	90.111015	1.0490842	22.26345	38.810722	0.9420508	40.727753	36.702057	22.087719	228000
58	-24.552217	1.4285979	24.291502	17.552633	214.09747	-95.77196	38.477657	4.5853505	90.111015	1.0490842	22.26274	38.813145	0.94183546	40.727753	36.702057	22.089655	232000
59	-24.502054	1.4067551	24.245495	17.460571	214.09747	-95.77196	38.488922	4.5494843	90.111015	1.0490842	22.26415	38.81238	0.9429576	40.727753	36.54182	22.08983	236000
60	-24.453789	1.3856599	24.201256	17.370718	214.09747	-95.77196	38.49684	4.5145903	90.111015	1.0490842	22.26345	38.806873	0.94292337	40.727753	36.54182	22.086666	240000
61	-24.406769	1.3654636	24.158169	17.283327	214.09747	-95.77196	38.5042	4.4818177	90.111015	1.0490842	22.262774	38.800907	0.94216704	40.727753	36.54182	22.083607	244000
62	-24.361902	1.3459975	24.117046	17.198284	214.09747	-95.77196	38.511032	4.45512	90.111015	1.0490842	22.26212	38.796062	0.94250876	40.727753	36.54182	22.080645	248000
63	-24.317225	1.3268373	24.076088	17.115263	214.09747	-95.77196	38.517723	4.4301715	90.111015	1.0490842	22.261484	38.79145	0.94224876	40.727753	36.54182	22.077778	252000
64	-24.273853	1.3080666	24.036335	17.034235	214.09747	-95.77196	38.524612	4.411528	90.111015	1.0490842	22.26087	38.792946	0.9370903	40.727753	36.54182	22.078125	256000
65	-24.232254	1.289984	23.998196	16.955465	214.09747	-95.77196	38.53088	4.392703	90.111015	1.0490842	22.260275	38.795372	0.9380714	40.727753	36.54182	22.08	260000
66	-24.191803	1.2723448	23.961102	16.878292	214.09747	-95.77196	38.54007	4.3736176	90.111015	1.0490842	22.261574	38.79901	0.93442935	40.727753	36.54182	22.081818	264000
67	-24.15214	1.2553378	23.92468	16.803238	214.09747	-95.77196	38.54647	4.349295	90.111015	1.0490842	22.260984	38.796402	0.93037695	40.727753	36.54182	22.079105	268000
68	-24.11359	1.2388747	23.889315	16.730059	214.09747	-95.77196	38.55198	4.327379	90.111015	1.0490842	22.260414	38.797157	0.9260358	40.727753	36.54182	22.079412	272000
69	-24.076448	1.2229748	23.855259	16.658524	214.09747	-95.77196	38.55786	4.3074512	90.111015	1.0490842	22.25986	38.796215	0.9243311	40.727753	36.54182	22.07826	276000
70	-24.04012	1.2074403	23.821894	16.588924	214.09747	-95.77196	38.56301	4.288779	90.111015	1.0490842	22.259321	38.797935	0.92138463	40.727753	36.54182	22.08	280000
71	-24.004986	1.1925484	23.78963	16.521158	214.09747	-95.77196	38.57156	4.2607746	90.111015	1.0490842	22.260542	38.797974	0.92460287	40.727753	36.54182	22.080282	284000
72	-23.971064	1.1780245	23.758554	16.454811	214.09747	-95.77196	38.579525	4.233507	90.111015	1.0490842	22.26173	38.7958	0.92555696	40.727753	36.54182	22.079166	288000
73	-23.937847	1.1635512	23.728096	16.389734	214.09747	-95.77196	38.58747	4.2093015	90.111015	1.0490842	22.262884	38.788857	0.9241239	40.727753	36.54182	22.075342	292000
74	-23.904985	1.1498954	23.69797	16.32655	214.09747	-95.77196	38.592285	4.187444	90.111015	1.0490842	22.262335	38.793262	0.92219156	40.727753	36.54182	22.077026	296000
75	-23.872725	1.1362472	23.668373	16.264349	214.09747	-95.77196	38.59753	4.165369	90.111015	1.0490842	22.261799	38.79361	0.92182994	40.727753	36.54182	22.077333	300000
76	-23.841732	1.1228266	23.639957	16.203438	214.09747	-95.77196	38.60218	4.151459	90.111015	1.0490842	22.261276	38.78877	0.91966164	40.727753	36.54182	22.073685	304000
77	-23.8116	1.1098262	23.612259	16.143702	214.09747	-95.77196	38.606857	4.1386266	90.111015	1.0382968	22.260769	38.791718	0.9246102	40.727753	36.54182	22.075325	308000
78	-23.78226	1.0970976	23.585361	16.085403	214.09747	-95.77196	38.611034	4.122718	90.111015	1.0382968	22.260275	38.795467	0.92696184	40.727753	36.54182	22.076923	312000
79	-23.75353	1.084939	23.559034	16.028471	214.09747	-95.77196	38.615086	4.103027	90.111015	1.0382968	22.259792	38.79115	0.93055165	40.727753	36.54182	22.074684	316000
80	-23.725504	1.0730743	23.53335	15.972789	214.09747	-95.77196	38.619125	4.085678	90.111015	1.0382968	22.259321	38.786095	0.9272273	40.727753	36.54182	22.0725	320000
81	-23.698689	1.0612109	23.508816	15.917845	214.09747	-95.77196	38.625652	4.071887	90.111015	1.0382968	22.260391	38.787956	0.9255925	40.727753	36.54182	22.07284	324000
82	-23.672024	1.0497236	23.48435	15.86434	214.09747	-95.77196	38.632275	4.048689	90.111015	1.0382968	22.261436	38.78756	0.92499673	40.727753	36.54182	22.073172	328000
83	-23.646269	1.0386484	23.460777	15.812122	214.09747	-95.77196	38.635555	4.030825	90.111015	1.0382968	22.260963	38.78594	0.92308766	40.727753	36.54182	22.072289	332000
84	-23.62087	1.0276364	23.437496	15.760616	214.09747	-95.77196	38.64177	4.009814	90.111015	1.0382968	22.261976	38.787464	0.92249125	40.727753	36.54182	22.072618	336000
85	-23.596048	1.0169559	23.414738	15.71013	214.09747	-95.77196	38.647526	3.995378	90.111015	1.0382968	22.262964	38.786453	0.9231038	40.727753	36.54182	22.071764	340000
86	-23.572086	1.0063493	23.392807	15.66062	214.09747	-95.77196	38.650692	3.9798558	90.111015	1.0382968	22.262491	38.78826	0.9224195	40.727753	36.54182	22.072094	344000
87	-23.54861	0.99601847	23.371279	15.612291	214.09747	-95.77196	38.654236	3.9701014	90.111015	1.0382968	22.262026	38.789528	0.92408776	40.727753	36.54182	22.073563	348000
88	-23.525126	0.98587316	23.349771	15.564743	214.09747	-95.77196	38.659653	3.9517128	90.111015	1.0382968	22.262981	38.785965	0.9255281	40.727753	36.54182	22.07159	352000
89	-23.502062	0.975905	23.328608	15.517697	214.09747	-95.77196	38.665134	3.9309857	90.111015	1.0382968	22.263914	38.786404	0.9244163	40.727753	36.54182	22.07191	356000
90	-23.480005	0.966174	23.308376	15.471779	214.09747	-95.77196	38.668198	3.915259	90.111015	1.0382968	22.26345	38.783714	0.92634845	40.727753	36.54182	22.071112	360000
91	-23.457905	0.9568013	23.288134	15.426833	214.09747	-95.77196	38.671185	3.90642	90.111015	1.0150303	22.262997	38.786404	0.93253344	40.727753	36.54182	22.073626	364000
92	-23.436333	0.9478108	23.268383	15.382776	214.09747	-95.77196	38.6762	3.8943841	90.111015	1.0150303	22.2639	38.787754	0.9313086	40.727753	36.54182	22.073914	368000
93	-23.41529	0.93878496	23.249128	15.3395	214.09747	-95.77196	38.681664	3.8753045	90.111015	1.0150303	22.264784	38.785286	0.93095344	40.727753	36.54182	22.072042	372000
94	-23.39476	0.9299091	23.23036	15.296992	214.09747	-95.77196	38.68668	3.8573768	90.111015	1.0150303	22.265648	38.784466	0.9303287	40.727753	36.54182	22.071276	376000
95	-23.374626	0.9211616	23.211866	15.255153	214.09747	-95.77196	38.689297	3.8396032	90.111015	1.0150303	22.26519	38.782524	0.93008125	40.727753	36.54182	22.069473	380000
96	-23.354656	0.91278046	23.193596	15.214244	214.09747	-95.77196	38.69425	3.8212717	90.111015	1.0150303	22.266033	38.77781	0.9347901	40.727753	36.54182	22.066668	384000
97	-23.335182	0.9044726	23.175753	15.173846	214.09747	-95.77196	38.698875	3.8033	90.111015	1.0150303	22.266857	38.776688	0.9326367	40.727753	36.54182	22.065979	388000
98	-23.316298	0.8962629	23.158424	15.134043	214.09747	-95.77196	38.703266	3.785486	90.111015	1.0150303	22.267666	38.77589	0.9338546	40.727753	36.54182	22.065306	392000
99	-23.297913	0.88825405	23.141603	15.094839	214.09747	-95.77196	38.705807	3.770346	90.111015	1.0150303	22.267206	38.767994	0.93509877	40.727753	36.54182	22.060606	396000
100	-23.279362	0.88040936	23.124601	15.056305	214.09747	-95.77196	38.707794	3.760663	90.111015	1.0150303	22.266756	38.769157	0.93581825	40.727753	36.54182	22.061	400000
101	-23.261295	0.8726532	23.108053	15.018476	214.09747	-95.77196	38.710396	3.7475784	90.111015	1.0150303	22.266314	38.770744	0.9353777	40.727753	36.54182	22.061386	404000
102	-23.243456	0.86491424	23.091677	14.981296	214.09747	-95.77196	38.714752	3.7313066	90.111015	1.0150303	22.267096	38.77344	0.9359492	40.727753	36.54182	22.062746	408000
103	-23.225515	0.8574156	23.075201	14.944748	214.09747	-95.77196	38.71913	3.714738	90.111015	1.0150303	22.267862	38.769928	0.9384823	40.727753	36.54182	22.061165	412000
104	-23.208626	0.8500165	23.059713	14.90879	214.09747	-95.77196	38.720848	3.7057552	90.111015	1.0150303	22.267424	38.769905	0.9368638	40.727753	36.54182	22.060577	416000
105	-23.192041	0.84284234	23.044537	14.873408	214.09747	-95.77196	38.725033	3.6896164	90.111015	1.0150303	22.268173	38.77015	0.93404466	40.727753	36.54182	22.060953	420000
106	-23.175425	0.83569103	23.029284	14.838684	214.09747	-95.77196	38.726997	3.678055	90.111015	1.0150303	22.267738	38.765247	0.93562937	40.727753	36.54182	22.05849	424000
107	-23.15931	0.8287151	23.0145	14.804153	214.09747	-95.77196	38.731228	3.6622295	90.111015	1.0150303	22.26847	38.765392	0.93696445	40.727753	36.54182	22.057943	428000
108	-23.143274	0.821982	22.99978	14.7704525	214.09747	-95.77196	38.733013	3.6518116	90.111015	1.0150303	22.268042	38.76818	0.9376796	40.727753	36.54182	22.05926	432000
109	-23.12737	0.8152247	22.985207	14.737167	214.09747	-95.77196	38.736504	3.6374738	90.111015	1.0150303	22.268757	38.77449	0.9394053	40.727753	36.54182	22.063303	436000
110	-23.112247	0.80852586	22.971373	14.704332	214.09747	-95.77196	38.738174	3.6293075	90.111015	1.0150303	22.268333	38.772778	0.9379908	40.727753	36.54182	22.062727	440000
111	-23.096973	0.80219644	22.957355	14.672159	214.09747	-95.77196	38.7418	3.6202233	90.111015	1.0150303	22.269033	38.77209	0.93632317	40.727753	36.54182	22.062162	444000
112	-23.082253	0.7959671	22.943878	14.640644	214.09747	-95.77196	38.745396	3.6072686	90.111015	1.0150303	22.269722	38.770348	0.9372302	40.727753	36.54182	22.061607	448000
113	-23.06759	0.7898254	22.930382	14.609523	214.09747	-95.77196	38.747128	3.6007614	90.111015	1.0150303	22.2693	38.77408	0.93716073	40.727753	36.54182	22.063717	452000
114	-23.05303	0.78365797	22.91699	14.578809	214.09747	-95.77196	38.748806	3.589758	90.111015	1.0150303	22.268887	38.768764	0.93768567	40.727753	36.54182	22.060526	456000
115	-23.038645	0.7775289	22.903776	14.548494	214.09747	-95.77196	38.752056	3.5760703	90.111015	1.0150303	22.269558	38.77205	0.9398126	40.727753	36.54182	22.062609	460000
116	-23.02468	0.7718314	22.890959	14.518773	214.09747	-95.77196	38.75373	3.5641594	90.111015	1.0150303	22.26915	38.766514	0.94477147	40.727753	36.54182	22.059483	464000
117	-23.010696	0.7659857	22.878124	14.489424	214.09747	-95.77196	38.757023	3.5503376	90.111015	1.0150303	22.269808	38.76545	0.944877	40.727753	36.54182	22.058975	468000
118	-22.997112	0.7602449	22.86567	14.460338	214.09747	-95.77196	38.75858	3.5422032	90.111015	1.0150303	22.269403	38.76574	0.94357276	40.727753	36.54182	22.058475	472000
119	-22.983545	0.7546186	22.85321	14.431753	214.09747	-95.77196	38.760063	3.5347116	90.111015	1.0150303	22.269007	38.764446	0.9407705	40.727753	36.54182	22.057142	476000
120	-22.970728	0.7491004	22.841492	14.403733	214.09747	-95.77196	38.761715	3.5306468	90.111015	1.0150303	22.268616	38.765102	0.9405978	40.727753	36.54182	22.0575	480000
121	-22.957954	0.7438711	22.829794	14.376258	214.09747	-95.77196	38.763145	3.5264976	90.111015	1.0150303	22.26823	38.76528	0.939729	40.727753	36.54182	22.057852	484000
122	-22.9454	0.73858684	22.818298	14.349027	214.09747	-95.77196	38.764927	3.5212924	90.111015	1.0150303	22.267853	38.76974	0.9404265	40.727753	36.54182	22.060656	488000
123	-22.932816	0.73337036	22.806774	14.322291	214.09747	-95.77196	38.768127	3.5083668	90.111015	1.0150303	22.26849	38.764957	0.94124186	40.727753	36.54182	22.057724	492000
124	-22.920938	0.72833556	22.79593	14.295847	214.09747	-95.77196	38.76975	3.5035033	90.111015	1.0150303	22.268116	38.76643	0.93977964	40.727753	36.54182	22.05887	496000
125	-22.90888	0.7233002	22.784878	14.269925	214.09747	-95.77196	38.77276	3.4951448	90.111015	1.0150303	22.26874	38.767277	0.9416132	40.727753	36.54182	22.0592	500000
126	-22.897196	0.718442	22.774204	14.244212	214.09747	-95.77196	38.774	3.4905374	90.111015	1.0150303	22.26837	38.76815	0.941698	40.727753	36.54182	22.059525	504000
127	-22.88584	0.7136057	22.763805	14.218955	214.09747	-95.77196	38.777172	3.4790854	90.111015	1.0150303	22.268982	38.77103	0.9405506	40.727753	36.54182	22.061417	508000
128	-22.87434	0.70883906	22.753265	14.194093	214.09747	-95.77196	38.77863	3.4689128	90.111015	1.0150303	22.268616	38.771244	0.9378494	40.727753	36.54182	22.061718	512000
129	-22.862902	0.704136	22.742807	14.169335	214.09747	-95.77196	38.781425	3.4615312	90.111015	1.0150303	22.269217	38.77067	0.93605906	40.727753	36.54182	22.061241	516000
130	-22.852028	0.6993753	22.732876	14.144992	214.09747	-95.77196	38.782482	3.4534817	90.111015	1.0150303	22.268854	38.767574	0.940731	40.727753	36.54182	22.05923	520000
131	-22.841122	0.69487566	22.722898	14.12108	214.09747	-95.77196	38.785393	3.4444714	90.111015	1.0150303	22.269444	38.773006	0.94210047	40.72996	36.54182	22.062595	524000
132	-22.830343	0.6905869	22.713015	14.097308	214.09747	-95.77196	38.78821	3.4334376	90.111015	1.0150303	22.270023	38.77245	0.94113344	40.72996	36.54182	22.06212	528000
133	-22.819452	0.68618584	22.70303	14.074091	214.09747	-95.77196	38.78922	3.42772	90.111015	1.0150303	22.269665	38.771957	0.93975127	40.72996	36.54182	22.061655	532000
134	-22.809097	0.6820686	22.693552	14.051084	214.09747	-95.77196	38.79019	3.4246697	90.111015	1.0150303	22.26931	38.773556	0.93750197	40.72996	36.54182	22.061941	536000
135	-22.798752	0.6777555	22.684076	14.028431	214.09747	-95.77196	38.79275	3.4168472	90.111015	1.0150303	22.269878	38.7686	0.9380684	40.72996	36.54182	22.05926	540000
136	-22.788574	0.67351514	22.674723	14.005843	214.09747	-95.77196	38.79534	3.4062777	90.111015	1.0150303	22.27044	38.767166	0.93791115	40.72996	36.54182	22.058088	544000
137	-22.778446	0.6692539	22.665434	13.983743	214.09747	-95.77196	38.796318	3.3978684	90.111015	1.0150303	22.270086	38.76592	0.9372674	40.72996	36.54182	22.056934	548000
138	-22.768616	0.66508776	22.656418	13.961849	214.09747	-95.77196	38.79907	3.3867807	90.111015	1.0150303	22.270638	38.765545	0.9398525	40.72996	36.54182	22.056522	552000
139	-22.759075	0.6609982	22.647688	13.940104	214.09747	-95.77196	38.801693	3.3755722	90.111015	1.0150303	22.27118	38.76434	0.93899256	40.72996	36.54182	22.056114	556000
140	-22.749512	0.6568011	22.638908	13.918582	214.09747	-95.77196	38.802795	3.372337	90.111015	1.0150303	22.270828	38.76235	0.9390996	40.72996	36.54182	22.055	560000
141	-22.739838	0.65271705	22.63002	13.897257	214.09747	-95.77196	38.80359	3.367893	90.111015	1.0150303	22.270483	38.764256	0.93924516	40.72996	36.54182	22.056028	564000
142	-22.730427	0.6488267	22.62139	13.876169	214.09747	-95.77196	38.80462	3.3635538	90.111015	1.0150303	22.270144	38.765335	0.9372255	40.72996	36.54182	22.056337	568000
143	-22.72109	0.6448688	22.612793	13.855425	214.09747	-95.77196	38.805424	3.355529	90.111015	1.0150303	22.269808	38.766968	0.9389434	40.72996	36.54182	22.057343	572000
144	-22.711853	0.64100856	22.60428	13.83487	214.09747	-95.77196	38.80778	3.3452766	90.111015	1.0150303	22.270338	38.76815	0.9382256	40.72996	36.54182	22.057638	576000
145	-22.702848	0.6370675	22.596	13.814569	214.09747	-95.77196	38.80994	3.3361812	90.111015	1.0150303	22.27086	38.769424	0.9367721	40.72996	36.54182	22.05862	580000
146	-22.694025	0.63338846	22.587906	13.794559	214.09747	-95.77196	38.812366	3.325789	90.111015	1.0150303	22.271376	38.77437	0.94237185	41.87368	36.54182	22.061644	584000
147	-22.6851	0.6296194	22.579704	13.774826	214.09747	-95.77196	38.81334	3.3225758	90.111015	1.0150303	22.27104	38.7709	0.942202	41.87368	36.54182	22.059183	588000
148	-22.676262	0.6258714	22.57161	13.755306	214.09747	-95.77196	38.815704	3.31236	90.111015	1.0150303	22.271547	38.768158	0.9411009	41.87368	36.54182	22.057432	592000
149	-22.66771	0.622056	22.563768	13.73589	214.09747	-95.77196	38.818027	3.3028648	90.111015	1.0150303	22.272047	38.77003	0.94034463	41.87368	36.54182	22.05839	596000
150	-22.65931	0.6184977	22.556067	13.716785	214.09747	-95.77196	38.81893	3.2953508	90.111015	1.0150303	22.271715	38.768375	0.94105697	41.87368	36.54182	22.058	600000
151	-22.65094	0.61503536	22.548397	13.697919	214.09747	-95.77196	38.81973	3.288565	90.111015	1.0150303	22.271387	38.77157	0.941436	41.87368	36.54182	22.060265	604000
152	-22.642733	0.61158085	22.54087	13.679296	214.09747	-95.77196	38.82204	3.2788098	90.111015	1.0150303	22.271877	38.772015	0.9414051	41.87368	36.54182	22.060526	608000
153	-22.634459	0.60815567	22.533278	13.6607685	214.09747	-95.77196	38.824234	3.2708025	90.111015	1.0150303	22.272364	38.77424	0.9397729	41.87368	36.54182	22.061438	612000
154	-22.62637	0.6047418	22.525846	13.642538	214.09747	-95.77196	38.824894	3.2671757	90.111015	1.0150303	22.272038	38.773407	0.9387633	41.87368	36.54182	22.061039	616000
155	-22.618296	0.6014047	22.518429	13.624501	214.09747	-95.77196	38.825703	3.2636888	90.111015	1.0150303	22.271715	38.774117	0.93673784	41.87368	36.54182	22.06129	620000
156	-22.610258	0.59804386	22.511057	13.6066265	214.09747	-95.77196	38.82657	3.2584078	90.111015	1.0150303	22.271397	38.773952	0.93550694	41.87368	36.54182	22.060898	624000
157	-22.602243	0.5946983	22.503704	13.588881	214.09747	-95.77196	38.827442	3.2546272	90.111015	1.0150303	22.271084	38.776184	0.9351478	41.87368	36.54182	22.06242	628000
158	-22.594528	0.5915482	22.496632	13.571314	214.09747	-95.77196	38.828102	3.2520747	90.111015	1.0150303	22.270773	38.77562	0.93514764	41.87368	36.54182	22.062025	632000
159	-22.586552	0.58823407	22.489288	13.554226	214.09747	-95.77196	38.828804	3.2486548	90.111015	1.0150303	22.270468	38.774433	0.933735	41.87368	36.54182	22.061007	636000
160	-22.579002	0.5850165	22.482363	13.537171	214.09747	-95.77196	38.830605	3.2411695	90.111015	1.0150303	22.27094	38.775204	0.9322362	41.87368	36.54182	22.06125	640000
161	-22.571619	0.58187026	22.475582	13.520273	214.09747	-95.77196	38.8312	3.236604	90.111015	1.0150303	22.270638	38.77942	0.9346677	41.87368	36.54182	22.063974	644000
162	-22.564283	0.57878697	22.468851	13.503609	214.09747	-95.77196	38.831974	3.234672	90.111015	1.0150303	22.270338	38.778873	0.9348631	41.87368	36.54182	22.06358	648000
163	-22.556671	0.57589424	22.46184	13.487231	214.09747	-95.77196	38.834053	3.2256742	90.111015	1.0150303	22.270802	38.77828	0.93404853	41.87368	36.54182	22.06319	652000
164	-22.54939	0.57297623	22.455168	13.471056	214.09747	-95.77196	38.83594	3.2171016	90.111015	1.0150303	22.271261	38.778347	0.9340656	41.87368	36.54182	22.063416	656000
165	-22.54238	0.57010317	22.44876	13.455087	214.09747	-95.77196	38.836647	3.2149227	90.111015	1.0150303	22.270964	38.779263	0.93288565	41.87368	36.54182	22.064243	660000
166	-22.535313	0.56720513	22.442282	13.439261	214.09747	-95.77196	38.83738	3.2086933	90.111015	1.0150303	22.27067	38.782562	0.9329512	41.87368	36.54182	22.066265	664000
167	-22.5284	0.5643772	22.43593	13.423626	214.09747	-95.77196	38.83809	3.2002063	90.111015	1.0150303	22.270378	38.787003	0.9336577	41.87368	36.54182	22.068863	668000
168	-22.52146	0.56151336	22.42955	13.408125	214.09747	-95.77196	38.838684	3.1982014	90.111015	1.0150303	22.270092	38.786182	0.9310989	41.87368	36.54182	22.068453	672000
169	-22.514603	0.55880165	22.42326	13.39268	214.09747	-95.77196	38.83935	3.1923783	90.111015	1.0150303	22.269808	38.78352	0.93028206	41.87368	36.54182	22.066864	676000
170	-22.507748	0.55610096	22.416956	13.377388	214.09747	-95.77196	38.84009	3.1903477	90.111015	1.0150303	22.269527	38.781715	0.9299407	41.87368	36.54182	22.065882	680000
171	-22.501213	0.5532343	22.41097	13.362204	214.09747	-95.77196	38.840706	3.1874685	90.111015	1.0150303	22.269249	38.78106	0.92921525	41.87368	36.54182	22.065496	684000
172	-22.49464	0.5505047	22.404943	13.347272	214.09747	-95.77196	38.84238	3.184984	90.111015	1.0150303	22.269697	38.78029	0.9272925	41.87368	36.54182	22.064535	688000
173	-22.488232	0.5477733	22.399073	13.33246	214.09747	-95.77196	38.842888	3.1784058	90.111015	1.0150303	22.26942	38.778767	0.92711586	41.87368	36.54182	22.063583	692000
174	-22.48184	0.54513544	22.393208	13.317806	214.09747	-95.77196	38.844864	3.1701837	90.111015	1.0150303	22.269861	38.777637	0.92849386	41.87368	36.54182	22.06322	696000
175	-22.47558	0.54260474	22.387482	13.303234	214.09747	-95.77196	38.846493	3.1622694	90.111015	1.0150303	22.270298	38.77453	0.92841065	41.87368	36.54182	22.061714	700000
176	-22.469213	0.5399641	22.38165	13.288842	214.09747	-95.77196	38.847103	3.1598108	90.111015	1.0150303	22.270023	38.774193	0.92750186	41.87368	36.54182	22.061363	704000
177	-22.462955	0.53736824	22.375898	13.274648	214.09747	-95.77196	38.848743	3.1531794	90.111015	1.0150303	22.270454	38.773735	0.92848974	41.87368	36.54182	22.061016	708000
178	-22.456913	0.5348487	22.370361	13.260547	214.09747	-95.77196	38.8504	3.1456618	90.111015	1.0150303	22.27088	38.773106	0.92765206	41.87368	36.54182	22.060675	712000
179	-22.45069	0.53229785	22.364645	13.246589	214.09747	-95.77196	38.85074	3.143973	90.111015	1.0150303	22.270607	38.771427	0.9257953	41.87368	36.54182	22.059776	716000
180	-22.444582	0.5297988	22.359045	13.232716	214.09747	-95.77196	38.851387	3.137811	90.111015	1.0150303	22.270338	38.773254	0.9269246	41.87368	36.54182	22.061111	720000
181	-22.438643	0.5272945	22.353607	13.219055	214.09747	-95.77196	38.8518	3.1356664	90.111015	1.0150303	22.270071	38.77305	0.9273216	41.87368	36.54182	22.060774	724000
182	-22.432709	0.52477837	22.348173	13.20549	214.09747	-95.77196	38.853424	3.128093	90.111015	1.0150303	22.270489	38.773315	0.92875075	42.01116	36.54182	22.06099	728000
183	-22.426487	0.5223975	22.34245	13.192044	214.09747	-95.77196	38.854992	3.1206033	90.111015	1.0150303	22.270903	38.772083	0.9284565	42.01116	36.54182	22.06011	732000
184	-22.420534	0.5199681	22.33698	13.17873	214.09747	-95.77196	38.855373	3.1187637	90.111015	1.0150303	22.270638	38.77455	0.92999804	42.01116	36.54182	22.061956	736000
185	-22.414694	0.5175305	22.33162	13.165541	214.09747	-95.77196	38.857193	3.111205	90.111015	1.0150303	22.271044	38.773304	0.9293095	42.01116	36.54182	22.06162	740000
186	-22.408903	0.5152602	22.326288	13.152479	214.09747	-95.77196	38.858643	3.105599	90.111015	1.0150303	22.271448	38.773163	0.9275833	42.01116	36.54182	22.061829	744000
187	-22.40323	0.51288843	22.321075	13.139579	214.09747	-95.77196	38.859093	3.0986583	90.111015	1.0150303	22.271185	38.775158	0.9267363	42.01116	36.54182	22.062567	748000
188	-22.397715	0.5107469	22.316051	13.126831	214.09747	-95.77196	38.85951	3.0960832	90.111015	1.0150303	22.270924	38.776524	0.9273554	42.01116	36.54182	22.063297	752000
189	-22.392319	0.5084729	22.311134	13.114171	214.09747	-95.77196	38.859924	3.094747	90.111015	1.0150303	22.270666	38.7754	0.9276751	42.01116	36.54182	22.062433	756000
190	-22.386806	0.50619715	22.306076	13.101702	214.09747	-95.77196	38.86149	3.0897362	90.111015	1.0150303	22.271063	38.775635	0.9259675	42.01116	36.54182	22.062632	760000
191	-22.381453	0.50401336	22.301157	13.089349	214.09747	-95.77196	38.863018	3.0834572	90.111015	1.0150303	22.271456	38.77831	0.92739725	42.01116	36.54182	22.064398	764000
192	-22.376013	0.5017448	22.29614	13.077016	214.09747	-95.77196	38.86327	3.0822318	90.111015	1.0150303	22.271198	38.77779	0.93099105	42.01116	36.54182	22.064062	768000
193	-22.370537	0.4994838	22.291103	13.064769	214.09747	-95.77196	38.863663	3.0779588	90.111015	1.0150303	22.270945	38.77557	0.9299821	42.01116	36.54182	22.062695	772000
194	-22.365229	0.49722174	22.286238	13.052499	214.09747	-95.77196	38.86515	3.0710495	90.111015	1.0150303	22.271332	38.77715	0.9291906	42.01116	36.54182	22.063402	776000
195	-22.359861	0.49503806	22.281303	13.040443	214.09747	-95.77196	38.86659	3.0642889	90.111015	1.0150303	22.271715	38.778812	0.93001145	42.01116	36.54182	22.064102	780000
196	-22.354733	0.4928044	22.276598	13.028459	214.09747	-95.77196	38.867172	3.0579789	90.111015	1.0150303	22.271461	38.779736	0.9281744	42.01116	36.54182	22.064285	784000
197	-22.349442	0.49062625	22.271732	13.016598	214.09747	-95.77196	38.86746	3.0534973	90.111015	1.0150303	22.271212	38.778854	0.9273223	42.01116	36.54182	22.06396	788000
198	-22.344275	0.4884801	22.266981	13.004879	214.09747	-95.77196	38.86897	3.0465164	90.111015	1.0150303	22.27159	38.77963	0.9273606	42.01116	36.54182	22.064646	792000
199	-22.339355	0.48632956	22.262465	12.993287	214.09747	-95.77196	38.8694	3.0408533	90.111015	1.0150303	22.271341	38.778778	0.92522085	42.01116	36.54182	22.064322	796000
200	-22.334074	0.48420885	22.257603	12.981729	214.09747	-95.77196	38.869724	3.0379384	90.111015	1.0150303	22.271095	38.780006	0.92687505	42.01116	36.54182	22.065	800000
201	-22.329008	0.48219678	22.252932	12.97032	214.09747	-95.77196	38.87106	3.0314693	90.111015	1.0150303	22.271467	38.779118	0.92677176	42.01116	36.54182	22.064178	804000
202	-22.324163	0.48009843	22.248487	12.958988	214.09747	-95.77196	38.871468	3.029571	90.111015	1.0150303	22.271223	38.779575	0.9264817	42.01116	36.54182	22.064356	808000
203	-22.319223	0.47807872	22.24394	12.9478245	214.09747	-95.77196	38.87086	3.0284061	90.111015	1.0150303	22.27037	38.77881	0.9273005	42.01116	36.54182	22.06404	812000
204	-22.314426	0.47610763	22.23954	12.936694	214.09747	-95.77196	38.872444	3.021878	90.111015	1.0150303	22.270742	38.778877	0.92694163	42.01116	36.54182	22.064217	816000
205	-22.30963	0.47406772	22.235136	12.925765	214.09747	-95.77196	38.87402	3.0154474	90.111015	1.0150303	22.27111	38.77773	0.92687404	42.01116	36.54182	22.063416	820000
206	-22.304817	0.47209588	22.23072	12.914746	214.09747	-95.77196	38.875282	3.008784	90.111015	1.0150303	22.271475	38.77629	0.92557794	42.01116	36.54182	22.062622	824000
207	-22.299953	0.47008297	22.226248	12.903867	214.09747	-95.77196	38.876476	3.0067513	90.111015	1.0150303	22.271835	38.77692	0.9253602	42.01116	36.54182	22.062801	828000
208	-22.295006	0.46812597	22.221697	12.893079	214.09747	-95.77196	38.87677	3.005595	90.111015	1.0150303	22.271595	38.77542	0.9245928	42.01116	36.54182	22.061539	832000
209	-22.290287	0.4662563	22.217361	12.88232	214.09747	-95.77196	38.87815	2.9991362	90.111015	1.0150303	22.271952	38.77666	0.92401063	42.01116	36.54182	22.06268	836000
210	-22.285753	0.4644086	22.213196	12.871719	214.09747	-95.77196	38.87932	2.993297	90.111015	1.0150303	22.272305	38.774647	0.92514455	42.01116	36.54182	22.061428	840000
211	-22.281374	0.462533	22.209179	12.861312	214.09747	-95.77196	38.879574	2.9907737	90.111015	1.0150303	22.272068	38.770866	0.92642283	42.01116	36.54182	22.059242	844000
212	-22.276918	0.46068823	22.205086	12.850969	214.09747	-95.77196	38.87983	2.990394	90.111015	1.0150303	22.271832	38.77094	0.925713	42.01116	36.54182	22.058962	848000
213	-22.272478	0.45889676	22.201008	12.840688	214.09747	-95.77196	38.880093	2.9889297	90.111015	1.0150303	22.271599	38.77087	0.9252783	42.01116	36.54182	22.058685	852000
214	-22.268126	0.45705256	22.197012	12.830461	214.09747	-95.77196	38.88025	2.9884775	90.111015	1.0150303	22.271368	38.771385	0.9252445	42.01116	36.54182	22.058878	856000
215	-22.26383	0.4552489	22.193075	12.820292	214.09747	-95.77196	38.88153	2.9824362	90.111015	1.0150303	22.271715	38.771526	0.9259499	42.01116	36.54182	22.05907	860000
216	-22.259413	0.45351508	22.18902	12.810274	214.09747	-95.77196	38.88188	2.9817376	90.111015	1.0150303	22.271484	38.77262	0.92604244	42.01116	36.54182	22.059723	864000
217	-22.255041	0.45180652	22.184996	12.800292	214.09747	-95.77196	38.88236	2.975993	90.111015	1.0150303	22.271257	38.775013	0.92603046	42.01116	36.54182	22.06083	868000
218	-22.250788	0.45004287	22.181084	12.790489	214.09747	-95.77196	38.8826	2.9734964	90.111015	1.0150303	22.271032	38.774178	0.9252023	42.01116	36.54182	22.06055	872000
219	-22.246685	0.44834492	22.177317	12.780653	214.09747	-95.77196	38.883656	2.9695833	90.111015	1.0150303	22.271376	38.77694	0.925665	42.01116	36.54182	22.062101	876000
220	-22.242493	0.4465691	22.173462	12.770922	214.09747	-95.77196	38.883976	2.9644027	90.111015	1.0150303	22.27115	38.777214	0.9243549	42.01116	36.54182	22.062273	880000
221	-22.238285	0.4448015	22.169586	12.76127	214.09747	-95.77196	38.885174	2.9590707	90.111015	1.0150303	22.27149	38.77587	0.9255187	42.01116	36.54182	22.061539	884000
222	-22.234102	0.44311386	22.165743	12.751741	214.09747	-95.77196	38.8864	2.953269	90.111015	1.0150303	22.271826	38.775997	0.92548263	42.01116	36.54182	22.061712	888000
223	-22.229939	0.4414702	22.161915	12.7421875	214.09747	-95.77196	38.886593	2.94868	90.111015	1.0150303	22.271605	38.777527	0.9248266	42.01116	36.54182	22.06278	892000
224	-22.225868	0.43981272	22.158173	12.732782	214.09747	-95.77196	38.887833	2.9428208	90.111015	1.0150303	22.271936	38.777554	0.92522055	42.01116	36.54182	22.062946	896000
225	-22.221878	0.43822047	22.1545	12.723493	214.09747	-95.77196	38.888134	2.9417682	90.111015	1.0150303	22.271715	38.778744	0.9251758	42.01116	36.54182	22.063555	900000
226	-22.218006	0.4366443	22.15093	12.714253	214.09747	-95.77196	38.8884	2.9408765	90.111015	1.0150303	22.271496	38.778896	0.9267545	42.01116	36.54182	22.063717	904000
227	-22.214241	0.43502358	22.147488	12.705072	214.09747	-95.77196	38.888657	2.9389985	90.111015	1.0150303	22.271278	38.7764	0.9270688	42.01116	36.54182	22.062115	908000
228	-22.210327	0.43345368	22.143904	12.695969	214.09747	-95.77196	38.888847	2.938804	90.111015	1.0150303	22.271063	38.776752	0.928517	42.01116	36.54182	22.06228	912000
229	-22.206505	0.43195683	22.1404	12.687049	214.09747	-95.77196	38.88988	2.9360273	90.111015	1.0150303	22.27139	38.776398	0.9304469	42.01116	36.54182	22.062008	916000
230	-22.202969	0.43045777	22.137148	12.678418	214.09747	-95.77196	38.890156	2.9351668	90.111015	1.0150303	22.271175	38.774734	0.93071103	42.01116	36.54182	22.06087	920000
231	-22.199402	0.428992	22.133871	12.669774	214.09747	-95.77196	38.89052	2.929838	90.111015	1.0150303	22.270964	38.776405	0.93138045	42.01116	36.54182	22.061905	924000
232	-22.196072	0.42744452	22.130825	12.66108	214.09747	-95.77196	38.89065	2.9264624	90.111015	1.0150303	22.270752	38.77612	0.9320558	42.01116	36.54182	22.061638	928000
233	-22.192446	0.42591453	22.127495	12.652405	214.09747	-95.77196	38.890907	2.9230793	90.111015	1.0150303	22.270544	38.776012	0.93199664	42.01116	36.54182	22.061802	932000
234	-22.188826	0.42430195	22.124168	12.643694	214.09747	-95.77196	38.891045	2.92148	90.111015	1.0150303	22.270338	38.77811	0.9320068	42.01116	36.54182	22.063248	936000
235	-22.185156	0.42272988	22.120794	12.635042	214.09747	-95.77196	38.89121	2.9207857	90.111015	1.0150303	22.270132	38.77629	0.93290955	42.01116	36.54182	22.062128	940000
236	-22.181534	0.42117405	22.11746	12.626419	214.09747	-95.77196	38.89217	2.9173255	90.111015	1.0150303	22.270454	38.776928	0.932322	42.01116	36.54182	22.062712	944000
237	-22.178154	0.41969734	22.114374	12.617907	214.09747	-95.77196	38.893288	2.911823	90.111015	1.0150303	22.270773	38.77806	0.9330386	42.01116	36.54182	22.063292	948000
238	-22.174604	0.41816473	22.111107	12.609457	214.09747	-95.77196	38.89345	2.9101837	90.111015	1.0150303	22.270569	38.77699	0.93173796	42.01116	36.54182	22.062605	952000
239	-22.17114	0.41664064	22.107922	12.601076	214.09747	-95.77196	38.893665	2.907532	90.111015	1.0150303	22.270367	38.777065	0.9314948	42.01116	36.54182	22.062761	956000
240	-22.167606	0.41509002	22.10466	12.5927105	214.09747	-95.77196	38.89377	2.9079206	90.111015	1.0150303	22.270164	38.776485	0.9308913	42.01116	36.54182	22.0625	960000
241	-22.164185	0.4136145	22.101517	12.58442	214.09747	-95.77196	38.894066	2.908261	90.111015	1.0150303	22.269966	38.77512	0.93194705	42.01116	36.54182	22.06141	964000
242	-22.160717	0.41212755	22.09833	12.576187	214.09747	-95.77196	38.89431	2.9064422	90.111015	1.0150303	22.269768	38.77369	0.93300277	42.01116	36.54182	22.060743	968000
243	-22.157213	0.41067562	22.095106	12.567995	214.09747	-95.77196	38.894543	2.9040701	90.111015	1.0150303	22.269571	38.772793	0.9332077	42.01116	36.54182	22.060081	972000
244	-22.153711	0.40925777	22.091879	12.559834	214.09747	-95.77196	38.89474	2.904452	90.111015	1.0150303	22.269377	38.77293	0.9317862	42.01116	36.54182	22.060246	976000
245	-22.15037	0.40784818	22.08882	12.551779	214.09747	-95.77196	38.89573	2.8994884	90.111015	1.0150303	22.26969	38.771797	0.9317731	42.01116	36.54182	22.059591	980000
246	-22.146996	0.40642613	22.085697	12.5437975	214.09747	-95.77196	38.896767	2.8957694	90.111015	1.0150303	22.27	38.77129	0.9324404	42.01116	36.54182	22.05935	984000
247	-22.143547	0.40498173	22.082527	12.535856	214.09747	-95.77196	38.897015	2.8921092	90.111015	1.0150303	22.269808	38.771282	0.93299764	42.01116	36.54182	22.059109	988000
248	-22.140013	0.403612	22.07926	12.52801	214.09747	-95.77196	38.89719	2.889932	90.111015	1.0150303	22.269615	38.771366	0.93373406	42.01116	36.54182	22.059275	992000
249	-22.136648	0.4022714	22.07616	12.520241	214.09747	-95.77196	38.897438	2.8897312	90.111015	1.0150303	22.269424	38.77226	0.93365353	42.01116	36.54182	22.059437	996000
250	-22.133331	0.40091547	22.073112	12.512549	214.09747	-95.77196	38.898598	2.884657	90.111015	1.0150303	22.269732	38.77143	0.93374443	42.01116	36.54182	22.0588	1000000
