epoch	pi-loss	q-loss	average-q1-values	std-q1-values	max-q1-values	min-q1-values	average-q2-values	std-q2-values	max-q2-values	min-q2-values	average-episode-return	std-episode-return	max-episode-return	min-episode-return	episode-length	average-test-episode-return	std-test-episode-return	max-test-episode-return	min-test-episode-return	test-episode-length	entropy-coeff	total-env-interacts	entropy-coeff-loss
1	-12.45206	1.507967	11.0025425	3.712363	28.887476	-0.24273312	11.002207	3.7154534	28.029268	-0.3995418	-234.98456	119.6433	-79.21087	-413.48093	1000.0	-436.79898	8.107952	-429.82578	-459.1948	1000.0	0.318149	4000	-10.514201
2	-19.856546	2.6320257	18.519293	8.748391	56.343292	-0.24273312	18.519316	8.747297	56.12809	-0.3995418	-234.40733	97.906906	-79.21087	-413.48093	1000.0	-418.48544	35.058346	-336.3458	-474.7909	1000.0	0.16334705	8000	-5.924984
3	-23.464249	3.1014001	22.42212	11.495919	76.936165	-0.24273312	22.422066	11.495676	76.28161	-0.3995418	-140.26434	249.8174	415.18848	-413.48093	1000.0	-77.11951	503.1599	939.1766	-474.7909	1000.0	0.10979993	12000	-4.048409
4	-26.282413	3.549948	25.432364	14.6993685	79.920456	-0.24273312	25.432184	14.699856	79.59531	-0.3995418	150.88422	552.1267	1168.4596	-413.48093	1000.0	260.4754	730.47015	1438.882	-474.7909	1000.0	0.08396876	16000	-2.9195695
5	-29.80721	3.8513246	29.06692	18.527655	91.95762	-0.3716237	29.066746	18.528326	92.20949	-0.50232935	448.31708	774.713	1810.5881	-413.48093	1000.0	583.56915	919.8131	2008.7113	-474.7909	1000.0	0.07022955	20000	-2.2517376
6	-34.11342	4.2134666	33.44243	23.211744	116.79104	-3.3578942	33.44227	23.21228	114.6714	-3.730441	671.8287	909.2486	2470.567	-413.48093	1000.0	869.24255	1075.4503	2659.653	-474.7909	1000.0	0.06274511	24000	-1.8428276
7	-39.155647	4.7394056	38.533653	28.775066	140.08995	-6.976657	38.53345	28.775465	141.91606	-6.6735516	953.1953	1094.0518	2996.0632	-413.48093	1000.0	1159.1278	1223.732	3146.4155	-474.7909	1000.0	0.058540985	28000	-1.5456501
8	-45.296352	5.3547444	44.709263	35.31953	170.26755	-8.705282	44.709076	35.319817	171.30598	-9.688555	1222.2493	1246.852	3182.301	-413.48093	1000.0	1421.5664	1339.2314	3452.466	-474.7909	1000.0	0.056906264	32000	-1.3351281
9	-52.061543	6.085757	51.49977	42.343285	195.62433	-11.03852	51.499596	42.34354	195.63992	-11.981381	1401.2675	1314.4944	3418.0974	-413.48093	1000.0	1624.952	1416.4196	3786.9988	-474.7909	1000.0	0.056240514	36000	-1.1781493
10	-59.53132	6.869398	58.990524	49.827007	222.34204	-13.60157	58.99039	49.827316	225.13852	-15.564802	1629.5033	1422.8241	3787.3713	-413.48093	1000.0	1855.9934	1513.7689	4097.004	-474.7909	1000.0	0.056598954	40000	-1.049052
11	-67.55285	7.66321	67.03349	57.423912	247.39452	-14.973157	67.033394	57.4242	245.674	-17.429594	1849.1086	1524.3848	4194.233	-413.48093	1000.0	2081.2705	1610.2693	4539.6577	-474.7909	1000.0	0.05804544	44000	-0.9463197
12	-75.9117	8.450077	75.41467	64.928764	271.29138	-17.22024	75.414665	64.92909	273.07874	-17.429594	2024.5638	1574.8091	4265.847	-413.48093	1000.0	2259.3386	1651.2031	4539.6577	-474.7909	1000.0	0.05984468	48000	-0.863726
13	-84.37736	9.278272	83.902084	72.15027	291.8468	-22.70435	83.90216	72.15061	291.58246	-18.332924	2220.9932	1659.0353	4637.572	-413.48093	1000.0	2410.6995	1671.7181	4539.6577	-474.7909	1000.0	0.061828688	52000	-0.79471564
14	-92.96	10.113906	92.50636	79.104355	316.54727	-22.70435	92.50652	79.104805	317.2325	-19.769989	2382.198	1701.9395	4637.572	-413.48093	1000.0	2570.7583	1711.6383	4949.255	-474.7909	1000.0	0.064143516	56000	-0.7346522
15	-101.51821	10.936105	101.08596	85.67712	331.63443	-22.70435	101.086205	85.67765	335.5819	-24.058783	2534.512	1741.5254	4861.731	-413.48093	1000.0	2724.158	1750.9796	5027.6587	-474.7909	1000.0	0.06651298	60000	-0.68357515
16	-110.02702	11.695365	109.61632	91.863846	346.15518	-22.70435	109.616615	91.86434	346.17856	-24.058783	2676.6287	1773.8364	4861.9297	-413.48093	1000.0	2862.73	1779.0306	5314.951	-474.7909	1000.0	0.06903265	64000	-0.63857245
17	-118.42341	12.465945	118.03459	97.6381	361.40308	-98.29654	118.034935	97.63854	362.12292	-67.22553	2810.0295	1801.8518	5102.312	-413.48093	1000.0	2991.1252	1801.0548	5314.951	-474.7909	1000.0	0.071638644	68000	-0.5998854
18	-126.675934	13.166415	126.30894	103.03806	372.34204	-98.29654	126.3093	103.03851	374.70642	-67.22553	2943.7449	1836.2175	5359.205	-413.48093	1000.0	3115.5693	1824.0741	5351.0513	-474.7909	1000.0	0.07413107	72000	-0.5657688
19	-134.78394	13.84045	134.43674	108.0936	387.61313	-98.29654	134.43716	108.09409	386.6467	-67.22553	3065.466	1860.5795	5371.7065	-413.48093	1000.0	3220.414	1830.4309	5351.0513	-474.7909	1000.0	0.076598026	76000	-0.5344776
20	-142.69966	14.471888	142.37318	112.79979	397.74817	-98.29654	142.37361	112.80021	398.01102	-67.22553	3182.2986	1883.7062	5473.042	-413.48093	1000.0	3336.5042	1854.5336	5635.5835	-474.7909	1000.0	0.079086885	80000	-0.507359
21	-150.39993	15.089623	150.09392	117.15923	410.55286	-98.29654	150.09444	117.159676	414.34247	-67.22553	3294.831	1906.1672	5769.9556	-413.48093	1000.0	3443.9888	1872.8787	5758.012	-474.7909	1000.0	0.08149832	84000	-0.48226652
22	-157.89456	15.639859	157.6083	121.20775	421.25443	-98.29654	157.60883	121.2082	419.5649	-67.22553	3397.7686	1921.2794	5769.9556	-413.48093	1000.0	3523.1348	1884.8693	5758.012	-474.7909	1000.0	0.08372734	88000	-0.4601135
23	-165.13258	16.191643	164.86594	124.95289	426.37106	-98.29654	164.86646	124.95331	427.64886	-67.22553	3475.756	1920.6555	5769.9556	-413.48093	1000.0	3602.5386	1905.2135	5985.77	-474.7909	1000.0	0.08590284	92000	-0.43973988
24	-172.11322	16.760773	171.86641	128.41219	435.2705	-98.29654	171.86702	128.41273	436.12555	-67.22553	3536.6797	1925.0615	5864.3696	-413.48093	1000.0	3690.6235	1912.5604	5985.77	-474.7909	1000.0	0.08794956	96000	-0.4205645
25	-178.82594	17.345629	178.59824	131.62007	445.05228	-98.29654	178.59883	131.62056	443.58438	-67.22553	3623.7947	1934.0162	5864.3696	-413.48093	1000.0	3758.0935	1910.6211	5985.77	-474.7909	1000.0	0.08992217	100000	-0.40352082
26	-185.31923	18.043142	185.1105	134.5782	452.89893	-98.29654	185.11111	134.57867	452.2261	-97.12387	3706.4116	1940.9377	5864.3696	-413.48093	1000.0	3836.6995	1914.3633	5985.77	-474.7909	1000.0	0.09181616	104000	-0.38769928
27	-191.60486	18.622103	191.41374	137.30888	457.91293	-98.29654	191.41437	137.30939	459.06644	-97.12387	3789.21	1950.9382	6054.8486	-413.48093	1000.0	3911.955	1917.6792	6231.8003	-474.7909	1000.0	0.09364523	108000	-0.37308925
28	-197.70543	19.092178	197.53123	139.84528	469.86694	-98.29654	197.53183	139.84576	469.46695	-97.12387	3860.2249	1951.0546	6054.8486	-413.48093	1000.0	3985.6375	1921.7593	6231.8003	-474.7909	1000.0	0.09532563	112000	-0.35997295
29	-203.62564	19.531263	203.46744	142.20917	474.58878	-98.29654	203.46811	142.2096	476.2949	-97.12387	3933.2913	1955.8236	6080.943	-413.48093	1000.0	4055.9458	1924.7058	6231.8003	-474.7909	1000.0	0.09692853	116000	-0.34720054
30	-209.37451	19.939714	209.23152	144.42354	483.09152	-98.29654	209.2322	144.4239	481.3508	-97.12387	3999.2573	1955.5942	6080.943	-413.48093	1000.0	4114.7485	1919.7449	6231.8003	-474.7909	1000.0	0.09843996	120000	-0.33520198
31	-214.97032	20.330744	214.84323	146.48965	484.54807	-98.29654	214.84387	146.48996	482.3745	-97.12387	4063.8877	1956.137	6100.085	-413.48093	1000.0	4181.374	1923.5127	6342.9175	-474.7909	1000.0	0.10001564	124000	-0.32423824
32	-220.39716	20.677652	220.28548	148.40129	487.23123	-98.29654	220.2861	148.40167	488.744	-97.12387	4128.105	1958.3037	6246.222	-413.48093	1000.0	4233.279	1918.9125	6342.9175	-474.7909	1000.0	0.10152453	128000	-0.31372353
33	-225.66869	20.998297	225.57188	150.19542	495.3625	-98.29654	225.57243	150.19557	496.0589	-97.12387	4192.88	1963.016	6366.0337	-413.48093	1000.0	4296.7036	1923.4403	6522.0425	-474.7909	1000.0	0.102961734	132000	-0.30423617
34	-230.7915	21.291428	230.70912	151.86852	497.45218	-98.29654	230.70964	151.86868	497.4146	-97.12387	4255.0625	1966.6759	6400.777	-413.48093	1000.0	4355.422	1924.7826	6522.0425	-474.7909	1000.0	0.1044031	136000	-0.29505324
35	-235.78685	21.59089	235.71844	153.44809	503.10388	-98.29654	235.71896	153.4483	503.0265	-97.12387	4314.85	1969.5023	6402.611	-413.48093	1000.0	4411.6743	1925.3628	6522.0425	-474.7909	1000.0	0.10579734	140000	-0.28640476
36	-240.64708	21.865522	240.59253	154.93484	507.98184	-98.29654	240.59305	154.93507	510.70575	-97.12387	4373.7617	1973.0026	6516.062	-413.48093	1000.0	4465.83	1925.3969	6544.4746	-474.7909	1000.0	0.10718857	144000	-0.27849647
37	-245.38359	22.086767	245.34193	156.33376	511.8433	-98.29654	245.34239	156.33379	513.5981	-97.12387	4429.189	1974.3822	6516.062	-413.48093	1000.0	4521.871	1928.7843	6682.8354	-474.7909	1000.0	0.10852795	148000	-0.2706146
38	-249.99683	22.314651	249.9684	157.65121	518.44196	-98.29654	249.96889	157.65146	522.2147	-97.12387	4484.8926	1977.5238	6613.2783	-413.48093	1000.0	4577.0215	1932.6276	6791.231	-474.7909	1000.0	0.10983404	152000	-0.26342443
39	-254.50368	22.538374	254.48778	158.90013	526.6248	-98.29654	254.48828	158.9003	525.11285	-97.12387	4539.1895	1980.709	6910.6626	-413.48093	1000.0	4628.191	1933.7076	6791.231	-474.7909	1000.0	0.11113931	156000	-0.256817
40	-258.9059	22.785666	258.90216	160.08746	530.84393	-98.29654	258.90268	160.0874	531.75336	-97.12387	4592.9414	1984.5358	6941.833	-413.48093	1000.0	4678.9614	1935.6022	6862.927	-474.7909	1000.0	0.112409964	160000	-0.2501502
41	-263.20346	22.987411	263.21185	161.21312	535.1832	-98.29654	263.21237	161.2131	538.2686	-97.12387	4640.4487	1983.2659	6941.833	-413.48093	1000.0	4730.0806	1939.0262	6905.2354	-474.7909	1000.0	0.1136702	164000	-0.2439168
42	-267.40195	23.21186	267.42233	162.27908	539.8712	-98.29654	267.4229	162.27905	539.4936	-97.12387	4689.408	1984.5905	6941.833	-413.48093	1000.0	4772.333	1934.9268	6905.2354	-474.7909	1000.0	0.11491277	168000	-0.23784086
43	-271.50858	23.409716	271.5403	163.29008	541.8579	-98.29654	271.54095	163.29016	543.3047	-97.12387	4735.9155	1984.4196	6941.833	-413.48093	1000.0	4817.054	1934.2733	6921.651	-474.7909	1000.0	0.11612445	172000	-0.23235232
44	-275.52216	23.594206	275.56473	164.2475	551.66455	-98.29654	275.5654	164.24765	549.1549	-97.12387	4784.3623	1987.3022	6941.833	-413.48093	1000.0	4862.441	1935.1967	6921.651	-474.7909	1000.0	0.11730691	176000	-0.2271998
45	-279.45093	23.77094	279.50452	165.16551	551.66455	-98.29654	279.50528	165.16548	556.055	-97.12387	4829.3647	1987.6505	6941.833	-413.48093	1000.0	4901.5044	1931.081	6921.651	-474.7909	1000.0	0.118427925	180000	-0.2220751
46	-283.2948	23.934204	283.35916	166.04361	558.90485	-98.29654	283.35992	166.0435	557.7011	-97.12387	4874.6567	1989.3065	7052.081	-413.48093	1000.0	4943.9263	1931.1146	7049.831	-474.7909	1000.0	0.119579785	184000	-0.21687827
47	-287.04834	24.134413	287.12424	166.86815	564.48315	-98.29654	287.125	166.86818	561.2861	-97.12387	4915.903	1987.937	7064.6323	-413.48093	1000.0	4985.232	1930.9376	7049.831	-474.7909	1000.0	0.12078567	188000	-0.2121826
48	-290.70782	24.304316	290.7945	167.63509	564.48315	-98.29654	290.79523	167.63503	563.4595	-97.12387	4956.749	1987.0057	7064.6323	-413.48093	1000.0	5027.104	1932.2582	7189.71	-474.7909	1000.0	0.12199337	192000	-0.20764983
49	-294.28726	24.46267	294.38443	168.36028	564.60486	-98.29654	294.38513	168.36003	565.3807	-97.12387	4998.815	1988.1069	7064.6323	-413.48093	1000.0	5066.296	1931.7837	7189.71	-474.7909	1000.0	0.123193964	196000	-0.20326641
50	-297.79276	24.626556	297.90073	169.04124	569.0987	-98.29654	297.90137	169.04128	571.12646	-97.12387	5040.132	1989.3079	7197.9653	-413.48093	1000.0	5107.329	1933.9025	7250.445	-474.7909	1000.0	0.12436543	200000	-0.19924271
51	-301.20953	24.785717	301.32764	169.6801	572.8033	-98.29654	301.32834	169.67996	574.6185	-97.12387	5066.5503	1986.8026	7197.9653	-413.48093	1000.0	5141.2524	1929.9338	7250.445	-474.7909	1000.0	0.12549014	204000	-0.19523343
52	-304.5364	24.99048	304.66513	170.2868	579.48895	-98.29654	304.6658	170.28654	580.70435	-97.12387	5106.831	1988.6941	7399.896	-413.48093	1000.0	5180.323	1931.5922	7298.911	-474.7909	1000.0	0.12660423	208000	-0.19146727
53	-307.7856	25.207134	307.92422	170.86261	581.0745	-114.20523	307.925	170.86247	581.642	-127.085075	5113.86	2005.0177	7399.896	-413.48093	1000.0	5216.4375	1931.1351	7346.099	-474.7909	1000.0	0.12768637	212000	-0.1878556
54	-310.94278	25.464653	311.0912	171.4161	586.0364	-142.44026	311.09204	171.41603	586.7323	-174.96863	5151.3394	2005.097	7399.896	-413.48093	1000.0	5249.5234	1929.2919	7468.0947	-474.7909	1000.0	0.12874794	216000	-0.18435974
55	-314.03232	25.716629	314.1903	171.94292	588.0402	-151.21916	314.19122	171.94261	588.32697	-174.96863	5189.8794	2006.888	7399.896	-413.48093	1000.0	5286.4683	1930.9839	7468.0947	-474.7909	1000.0	0.1298253	220000	-0.18068929
56	-317.06354	25.942007	317.2313	172.44223	589.79504	-152.64772	317.23227	172.442	589.0434	-178.72711	5227.0522	2007.9338	7399.896	-413.48093	1000.0	5326.2515	1936.313	7637.565	-474.7909	1000.0	0.13092312	224000	-0.17739335
57	-320.03467	26.149532	320.21204	172.91016	595.5635	-152.64772	320.21304	172.90987	595.99713	-178.72711	5263.702	2009.1475	7525.2534	-413.48093	1000.0	5362.799	1938.7279	7667.489	-474.7909	1000.0	0.1320301	228000	-0.1744264
58	-322.9484	26.324043	323.1346	173.35907	598.9718	-152.64772	323.13562	173.3589	598.0217	-178.72711	5300.334	2010.8834	7525.2534	-413.48093	1000.0	5394.851	1937.2094	7667.489	-474.7909	1000.0	0.1330691	232000	-0.17126459
59	-325.8105	26.502167	326.0062	173.78616	601.2906	-152.64772	326.0071	173.78598	602.9523	-178.72711	5336.254	2012.5398	7645.7124	-413.48093	1000.0	5432.21	1941.7484	7858.7246	-474.7909	1000.0	0.1341469	236000	-0.16832726
60	-328.6145	26.697401	328.81952	174.18661	606.00946	-152.64772	328.82047	174.18633	606.3015	-178.72711	5370.8584	2013.3438	7645.7124	-413.48093	1000.0	5469.9043	1947.2355	7960.4463	-474.7909	1000.0	0.13522762	240000	-0.1654224
61	-331.36896	26.886675	331.583	174.56294	610.12164	-152.64772	331.58392	174.56256	608.4783	-178.72711	5407.121	2016.4744	7684.421	-413.48093	1000.0	5503.731	1948.978	7960.4463	-474.7909	1000.0	0.13634142	244000	-0.16271704
62	-334.0701	27.06913	334.2932	174.92227	611.0423	-152.64772	334.29416	174.922	611.27655	-178.72711	5440.792	2017.3833	7684.421	-413.48093	1000.0	5533.5195	1947.2395	7960.4463	-474.7909	1000.0	0.13739985	248000	-0.16003071
63	-336.7338	27.218191	336.9655	175.27069	616.4123	-152.64772	336.96646	175.27046	615.8134	-178.72711	5474.4814	2018.8347	7684.421	-413.48093	1000.0	5565.4585	1948.2627	8020.062	-474.7909	1000.0	0.13844335	252000	-0.15745334
64	-339.35193	27.375534	339.5925	175.6092	617.1593	-152.64772	339.59338	175.60876	618.9969	-178.72711	5507.4507	2020.2076	7890.365	-413.48093	1000.0	5585.8384	1952.8947	8083.183	-474.7909	1000.0	0.13953274	256000	-0.1549356
65	-341.92676	27.547668	342.1759	175.92735	622.4408	-152.64772	342.1769	175.92712	620.75653	-178.72711	5538.983	2020.5917	7890.365	-413.48093	1000.0	5618.9683	1955.9283	8083.183	-474.7909	1000.0	0.14062104	260000	-0.15260822
66	-344.46027	27.675594	344.71786	176.23582	626.73047	-152.64772	344.71887	176.23552	625.1119	-178.72711	5572.464	2023.3761	7890.365	-413.48093	1000.0	5649.1167	1956.3083	8083.183	-474.7909	1000.0	0.14162776	264000	-0.15023677
67	-346.96353	27.79598	347.22888	176.53416	632.9706	-152.64772	347.22995	176.53368	630.39185	-178.72711	5604.6313	2025.2811	7999.2827	-413.48093	1000.0	5684.144	1962.4731	8229.402	-474.7909	1000.0	0.14260295	268000	-0.14796421
68	-349.4242	27.94549	349.69794	176.82506	634.881	-152.64772	349.69904	176.82472	633.6679	-178.72711	5636.229	2027.0056	7999.2827	-413.48093	1000.0	5713.1836	1962.4794	8229.402	-474.7909	1000.0	0.14363731	272000	-0.14572136
69	-351.85034	28.103317	352.13214	177.109	634.881	-152.64772	352.1333	177.10878	635.2403	-178.72711	5665.6494	2026.9519	7999.2827	-413.48093	1000.0	5745.276	1966.1897	8323.011	-474.7909	1000.0	0.14461343	276000	-0.14352433
70	-354.23645	28.266169	354.52704	177.37679	635.5162	-152.64772	354.5281	177.37645	637.4899	-178.72711	5695.7607	2027.9136	7999.2827	-413.48093	1000.0	5778.0293	1970.9974	8323.011	-474.7909	1000.0	0.14566702	280000	-0.1414541
71	-356.58096	28.417831	356.87985	177.62364	639.9038	-152.64772	356.88092	177.62344	638.1415	-178.72711	5725.6733	2029.1123	7999.2827	-413.48093	1000.0	5809.807	1975.2227	8336.775	-474.7909	1000.0	0.14667779	284000	-0.13942511
72	-358.892	28.563944	359.19876	177.86235	640.8553	-152.64772	359.19986	177.86195	641.88257	-178.72711	5755.5347	2030.6357	7999.2827	-413.48093	1000.0	5842.321	1980.5454	8336.775	-474.7909	1000.0	0.14767992	288000	-0.13749425
73	-361.16885	28.706015	361.48386	178.09032	640.8553	-152.64772	361.48486	178.09021	641.88257	-178.72711	5785.624	2032.79	8047.9604	-413.48093	1000.0	5869.4985	1980.4496	8336.775	-474.7909	1000.0	0.148718	292000	-0.13551033
74	-363.41043	28.84547	363.73355	178.30965	641.47406	-152.64772	363.7346	178.30943	644.2741	-178.72711	5814.0347	2033.5685	8047.9604	-413.48093	1000.0	5897.627	1981.6945	8336.775	-474.7909	1000.0	0.14970912	296000	-0.13370186
75	-365.62033	28.992466	365.9513	178.52094	644.40466	-152.64772	365.95224	178.52072	644.34125	-178.72711	5842.322	2034.6045	8056.634	-413.48093	1000.0	5919.19	1987.1184	8336.775	-474.7909	1000.0	0.15068127	300000	-0.13192892
76	-367.80023	29.1615	368.1391	178.7304	648.55646	-152.64772	368.14005	178.72997	648.8875	-178.72711	5870.4556	2035.874	8162.634	-413.48093	1000.0	5946.813	1988.5228	8336.775	-474.7909	1000.0	0.15163003	304000	-0.13012919
77	-369.9531	29.30114	370.29947	178.93205	649.8402	-152.64772	370.30045	178.93172	651.0707	-178.72711	5899.2896	2038.1888	8207.2705	-413.48093	1000.0	5972.965	1988.7697	8336.775	-474.7909	1000.0	0.15259917	308000	-0.12843128
78	-372.0698	29.448273	372.42355	179.12668	661.28174	-152.64772	372.4246	179.12622	659.40674	-178.72711	5914.961	2041.0516	8403.8125	-413.48093	1000.0	5999.8066	1990.0743	8336.775	-474.7909	1000.0	0.15354769	312000	-0.12681146
79	-374.15323	29.638828	374.51425	179.32271	665.50757	-152.64772	374.51535	179.32227	666.16785	-178.72711	5941.23	2041.3654	8403.8125	-413.48093	1000.0	6025.9385	1990.9099	8336.775	-474.7909	1000.0	0.15448336	316000	-0.12518145
80	-376.21854	29.78863	376.58655	179.51636	666.94055	-152.64772	376.58768	179.51596	666.16785	-178.72711	5968.6045	2043.1141	8403.8125	-413.48093	1000.0	6045.083	1993.4424	8545.802	-474.7909	1000.0	0.15535061	320000	-0.123538285
81	-378.25537	29.972757	378.6309	179.70169	666.94055	-152.64772	378.63208	179.70137	666.5748	-178.72711	5995.2275	2044.4135	8403.8125	-413.48093	1000.0	6055.546	2005.7714	8545.802	-474.7909	1000.0	0.15630406	324000	-0.1218949
82	-380.2444	30.23094	380.6282	179.88971	669.16156	-772.5054	380.62924	179.88942	668.8445	-729.5058	6002.19	2058.0469	8403.8125	-413.48093	1000.0	6082.7524	2008.583	8577.006	-474.7909	1000.0	0.15724769	328000	-0.12048531
83	-382.19162	30.478752	382.58282	180.07127	670.6408	-772.5054	382.58392	180.07089	670.83514	-787.7137	6028.0674	2059.0107	8403.8125	-413.48093	1000.0	6106.423	2007.9884	8577.006	-474.7909	1000.0	0.15816748	332000	-0.1190105
84	-384.10693	30.708725	384.50604	180.24391	670.6408	-772.5054	384.5072	180.24333	670.83514	-787.7137	6052.4976	2058.9731	8403.8125	-413.48093	1000.0	6132.6895	2010.3529	8577.006	-474.7909	1000.0	0.15911397	336000	-0.11766953
85	-385.9972	30.893488	386.4037	180.40872	670.8232	-772.5054	386.40472	180.40813	672.94354	-787.7137	6078.7866	2060.999	8410.77	-413.48093	1000.0	6157.679	2011.6058	8577.006	-474.7909	1000.0	0.1599822	340000	-0.116205744
86	-387.8614	31.078836	388.27515	180.5653	672.8376	-772.5054	388.27618	180.56494	674.6158	-787.7137	6105.36	2063.628	8569.357	-413.48093	1000.0	6174.345	2011.0658	8577.006	-474.7909	1000.0	0.16082598	344000	-0.11485294
87	-389.705	31.25509	390.1256	180.72374	676.8996	-772.5054	390.12665	180.7233	674.6158	-787.7137	6129.4907	2063.941	8569.357	-413.48093	1000.0	6201.022	2014.7854	8710.363	-474.7909	1000.0	0.1616511	348000	-0.113484494
88	-391.5352	31.439875	391.96283	180.88023	677.2927	-772.5054	391.96393	180.87997	674.7968	-787.7137	6153.486	2064.3674	8569.357	-413.48093	1000.0	6224.147	2015.019	8710.363	-474.7909	1000.0	0.16248156	352000	-0.11214397
89	-393.34827	31.619223	393.78235	181.03183	679.256	-772.5054	393.78345	181.03145	678.3564	-787.7137	6179.563	2067.3242	8651.73	-413.48093	1000.0	6248.5234	2016.7278	8710.363	-474.7909	1000.0	0.16326973	356000	-0.11096429
90	-395.1498	31.790192	395.5902	181.18568	682.61163	-772.5054	395.59137	181.1853	682.0697	-787.7137	6204.415	2069.274	8700.337	-413.48093	1000.0	6270.8687	2016.6027	8710.363	-474.7909	1000.0	0.16407105	360000	-0.10966613
91	-396.93112	31.965593	397.37817	181.3361	682.61163	-772.5054	397.3793	181.33572	682.0697	-787.7137	6229.517	2071.6392	8700.337	-413.48093	1000.0	6293.8076	2017.2806	8710.363	-474.7909	1000.0	0.16486831	364000	-0.10845707
92	-398.69684	32.120464	399.15054	181.48396	686.00525	-772.5054	399.15164	181.48352	684.16516	-787.7137	6255.363	2075.1172	8818.885	-413.48093	1000.0	6315.904	2017.4122	8710.363	-474.7909	1000.0	0.16566984	368000	-0.10716898
93	-400.4438	32.273006	400.90417	181.62488	686.00525	-772.5054	400.90527	181.6244	685.37396	-787.7137	6277.4263	2074.8064	8818.885	-413.48093	1000.0	6338.557	2018.343	8761.558	-474.7909	1000.0	0.16647084	372000	-0.10604797
94	-402.16672	32.414326	402.63336	181.7604	689.2642	-772.5054	402.63446	181.76009	687.8397	-787.7137	6302.6514	2078.0945	8818.885	-413.48093	1000.0	6360.9478	2019.2676	8847.28	-474.7909	1000.0	0.16723596	376000	-0.1049779
95	-403.88342	32.551235	404.35605	181.89455	703.0581	-772.5054	404.3572	181.89398	705.08417	-787.7137	6326.1895	2079.791	8818.885	-413.48093	1000.0	6383.096	2020.1431	8901.062	-474.7909	1000.0	0.16796781	380000	-0.10385867
96	-405.58057	32.700672	406.05972	182.0271	703.0581	-772.5054	406.0609	182.02673	705.08417	-787.7137	6348.65	2080.7874	8955.783	-413.48093	1000.0	6405.8105	2021.7883	8901.062	-474.7909	1000.0	0.16875656	384000	-0.102733776
97	-407.25824	32.846283	407.7439	182.15445	703.0581	-772.5054	407.74506	182.15407	705.08417	-787.7137	6372.3594	2083.0618	8955.783	-413.48093	1000.0	6421.419	2028.5626	8901.062	-474.7909	1000.0	0.16951846	388000	-0.1016597
98	-408.9195	32.97705	409.41132	182.27852	703.0581	-772.5054	409.41245	182.27786	705.08417	-787.7137	6394.842	2084.317	8955.783	-413.48093	1000.0	6440.3564	2032.2048	8961.193	-474.7909	1000.0	0.17026861	392000	-0.10061119
99	-410.56607	33.125225	411.06378	182.40355	703.0581	-772.5054	411.06488	182.4034	707.4897	-787.7137	6417.8887	2086.2822	8955.783	-413.48093	1000.0	6463.2915	2034.6556	8961.193	-474.7909	1000.0	0.17098866	396000	-0.09961162
100	-412.19745	33.28983	412.7012	182.52853	705.71826	-772.5054	412.7024	182.52826	708.44196	-787.7137	6440.424	2087.933	8955.783	-413.48093	1000.0	6483.18	2034.1548	8961.193	-474.7909	1000.0	0.17173077	400000	-0.09858942
101	-413.81744	33.42707	414.32693	182.65054	709.43774	-772.5054	414.328	182.65005	711.4449	-787.7137	6461.6177	2088.4753	8955.783	-413.48093	1000.0	6503.821	2034.595	8961.193	-474.7909	1000.0	0.1724289	404000	-0.097663075
102	-415.4269	33.56854	415.94238	182.77863	711.0385	-772.5054	415.94348	182.77856	711.4449	-787.7137	6482.556	2088.845	8955.783	-413.48093	1000.0	6525.7344	2036.568	8961.193	-474.7909	1000.0	0.1731426	408000	-0.09657394
103	-417.0183	33.694305	417.53967	182.90314	713.5817	-772.5054	417.54077	182.90259	713.97363	-787.7137	6504.278	2090.361	9052.6875	-413.48093	1000.0	6542.798	2037.9054	9052.101	-474.7909	1000.0	0.17387997	412000	-0.09572806
104	-418.59567	33.86281	419.12308	183.02466	714.2921	-772.5054	419.12424	183.02388	713.97363	-787.7137	6526.4087	2092.388	9052.6875	-413.48093	1000.0	6560.438	2038.3949	9078.922	-474.7909	1000.0	0.17460409	416000	-0.09471911
105	-420.1606	33.996822	420.69376	183.14586	714.2921	-772.5054	420.69482	183.1457	717.27673	-787.7137	6549.45	2095.6274	9052.6875	-413.48093	1000.0	6580.9507	2039.4694	9078.922	-474.7909	1000.0	0.17528686	420000	-0.09384692
106	-421.7194	34.107513	422.25797	183.27222	717.86316	-772.5054	422.25916	183.2719	717.6576	-787.7137	6570.0493	2096.4312	9052.6875	-413.48093	1000.0	6601.6274	2040.9662	9120.418	-474.7909	1000.0	0.17593403	424000	-0.092901826
107	-423.26816	34.21124	423.8119	183.40437	722.1506	-772.5054	423.81314	183.40399	720.9324	-787.7137	6581.256	2098.535	9053.377	-413.48093	1000.0	6623.4785	2043.89	9266.554	-474.7909	1000.0	0.17659812	428000	-0.09210491
108	-424.7976	34.356464	425.34677	183.54022	723.0264	-772.5054	425.348	183.53981	720.9324	-787.7137	6602.223	2100.0298	9053.377	-413.48093	1000.0	6644.9204	2046.4867	9266.554	-474.7909	1000.0	0.17726278	432000	-0.09118578
109	-426.31628	34.497124	426.8706	183.67215	723.0458	-772.5054	426.8719	183.67201	721.89026	-787.7137	6622.719	2101.1995	9053.377	-413.48093	1000.0	6666.416	2049.342	9266.554	-474.7909	1000.0	0.17790598	436000	-0.09037293
110	-427.82263	34.634315	428.38235	183.80794	726.7489	-772.5054	428.38382	183.80745	726.12415	-787.7137	6642.5933	2101.899	9053.377	-413.48093	1000.0	6682.8027	2050.142	9325.327	-474.7909	1000.0	0.17856044	440000	-0.08955476
111	-429.31653	34.78409	429.8815	183.94128	726.7489	-772.5054	429.88284	183.94104	727.1603	-787.7137	6661.907	2102.2285	9053.377	-413.48093	1000.0	6702.883	2051.7947	9325.327	-474.7909	1000.0	0.17918149	444000	-0.08872031
112	-430.80045	34.90682	431.37064	184.07158	728.9962	-772.5054	431.372	184.07137	727.1603	-787.7137	6682.1313	2103.6782	9108.093	-413.48093	1000.0	6723.916	2054.6865	9433.066	-474.7909	1000.0	0.17985784	448000	-0.08793334
113	-432.26804	35.02838	432.8435	184.19981	728.9962	-772.5054	432.8449	184.19954	729.2743	-787.7137	6701.9116	2104.8586	9108.093	-413.48093	1000.0	6745.0	2057.7405	9433.066	-474.7909	1000.0	0.18049632	452000	-0.08711169
114	-433.7284	35.148968	434.30887	184.32918	736.7361	-772.5054	434.31024	184.32916	729.6595	-787.7137	6720.6187	2105.0566	9108.093	-413.48093	1000.0	6763.7114	2058.5562	9433.066	-474.7909	1000.0	0.18111712	456000	-0.086310074
115	-435.17874	35.273052	435.76456	184.45883	736.7361	-772.5054	435.7659	184.4587	732.0732	-787.7137	6740.342	2106.4849	9212.249	-413.48093	1000.0	6783.8076	2060.813	9433.066	-474.7909	1000.0	0.18176323	460000	-0.085516244
116	-436.6175	35.37388	437.20822	184.5845	739.19556	-772.5054	437.2096	184.5839	736.2625	-787.7137	6760.167	2108.208	9296.564	-413.48093	1000.0	6800.1416	2059.422	9433.066	-474.7909	1000.0	0.18238534	464000	-0.08489585
117	-438.05182	35.483616	438.6473	184.71642	740.7122	-772.5054	438.64868	184.71606	740.9862	-787.7137	6778.1035	2108.0703	9296.564	-413.48093	1000.0	6819.4434	2061.1548	9433.066	-474.7909	1000.0	0.182976	468000	-0.0841094
118	-439.47165	35.601994	440.07205	184.84909	742.75415	-772.5054	440.07343	184.8489	742.91425	-787.7137	6796.596	2108.6543	9296.564	-413.48093	1000.0	6835.494	2059.783	9433.066	-474.7909	1000.0	0.18355533	472000	-0.08337485
119	-440.88528	35.71228	441.4904	184.97977	744.93866	-772.5054	441.49173	184.97935	749.68463	-787.7137	6813.7427	2108.0845	9296.564	-413.48093	1000.0	6853.4	2060.3652	9433.066	-474.7909	1000.0	0.1841337	476000	-0.08268283
120	-442.288	35.83754	442.8979	185.11038	744.93866	-772.5054	442.89926	185.1101	749.68463	-787.7137	6831.359	2108.1226	9296.564	-413.48093	1000.0	6872.141	2061.9814	9433.066	-474.7909	1000.0	0.18470556	480000	-0.08201081
121	-443.67825	35.96966	444.29327	185.23871	748.94586	-772.5054	444.2945	185.23831	751.0141	-787.7137	6849.4863	2108.834	9296.564	-413.48093	1000.0	6876.097	2072.9265	9433.066	-474.7909	1000.0	0.18531	484000	-0.081297874
122	-445.0542	36.080853	445.67416	185.36357	750.3229	-772.5054	445.67538	185.36331	752.22925	-787.7137	6867.945	2109.9941	9296.564	-413.48093	1000.0	6895.21	2075.1782	9497.215	-474.7909	1000.0	0.18592961	488000	-0.080592595
123	-446.41336	36.1976	447.038	185.4801	750.3229	-772.5054	447.03918	185.47977	752.22925	-787.7137	6884.913	2109.8384	9296.564	-413.48093	1000.0	6913.304	2076.4285	9497.215	-474.7909	1000.0	0.186528	492000	-0.079913355
124	-447.76086	36.312584	448.3903	185.59416	750.3229	-772.5054	448.39154	185.59395	752.22925	-787.7137	6902.967	2110.9001	9407.464	-413.48093	1000.0	6925.741	2077.1272	9497.215	-474.7909	1000.0	0.18709786	496000	-0.07931296
125	-449.093	36.433464	449.7272	185.70532	750.3229	-772.5054	449.72852	185.70462	752.22925	-787.7137	6920.472	2111.5554	9425.037	-413.48093	1000.0	6943.904	2078.7346	9502.321	-474.7909	1000.0	0.18766817	500000	-0.07867176
126	-450.4135	36.567284	451.0526	185.80739	751.1396	-772.5054	451.05392	185.80731	752.22925	-787.7137	6937.599	2111.8696	9425.037	-413.48093	1000.0	6960.735	2079.0127	9502.321	-474.7909	1000.0	0.188274	504000	-0.077984735
127	-451.7167	36.677658	452.36066	185.9067	751.1396	-772.5054	452.36197	185.9065	752.22925	-787.7137	6956.253	2113.9668	9465.197	-413.48093	1000.0	6976.055	2077.9646	9502.321	-474.7909	1000.0	0.18887202	508000	-0.07739618
128	-453.0108	36.79679	453.6595	186.00328	755.55225	-772.5054	453.66077	186.00291	752.4591	-787.7137	6974.093	2115.2898	9465.197	-413.48093	1000.0	6994.447	2080.2188	9571.813	-474.7909	1000.0	0.1894856	512000	-0.07678425
129	-454.29688	36.908302	454.94998	186.099	755.55225	-772.5054	454.95135	186.09843	752.6237	-787.7137	6991.492	2116.3472	9552.777	-413.48093	1000.0	7012.2827	2081.967	9571.813	-474.7909	1000.0	0.19004278	516000	-0.07620442
130	-455.5754	37.025837	456.23285	186.19691	755.55225	-772.5054	456.2342	186.19652	752.6237	-787.7137	7008.9307	2117.5044	9552.777	-413.48093	1000.0	7029.9507	2083.6719	9572.665	-474.7909	1000.0	0.19059458	520000	-0.075580314
131	-456.84918	37.13653	457.51074	186.29779	755.55225	-772.5054	457.5121	186.29744	755.1198	-787.7137	7025.365	2117.739	9552.777	-413.48093	1000.0	7048.3604	2086.3257	9639.272	-474.7909	1000.0	0.19115165	524000	-0.075003035
132	-458.11642	37.238335	458.78204	186.39975	762.52686	-772.5054	458.78336	186.39955	759.6793	-787.7137	7042.284	2118.601	9552.777	-413.48093	1000.0	7066.0786	2088.2957	9639.272	-474.7909	1000.0	0.19169213	528000	-0.07443351
133	-459.38022	37.345467	460.05	186.50504	762.52686	-772.5054	460.05136	186.5049	759.77527	-787.7137	7058.8457	2119.247	9554.312	-413.48093	1000.0	7081.872	2088.3652	9639.272	-474.7909	1000.0	0.19222373	532000	-0.07390547
134	-460.6389	37.432236	461.3128	186.61156	762.52686	-772.5054	461.31406	186.61165	760.8045	-787.7137	7076.4424	2121.0588	9554.312	-413.48093	1000.0	7096.2314	2087.2524	9639.272	-474.7909	1000.0	0.19276525	536000	-0.07331817
135	-461.88354	37.54599	462.56174	186.72534	767.5727	-772.5054	462.56293	186.72508	765.19354	-787.7137	7079.627	2129.6465	9554.312	-413.48093	1000.0	7110.042	2085.6697	9639.272	-474.7909	1000.0	0.19329914	540000	-0.07279609
136	-463.1201	37.646175	463.80206	186.84097	767.5727	-772.5054	463.80334	186.8406	765.19354	-787.7137	7096.137	2130.5786	9651.617	-413.48093	1000.0	7126.0874	2086.3823	9639.272	-474.7909	1000.0	0.19380575	544000	-0.072239086
137	-464.34814	37.769463	465.03433	186.95726	768.41394	-772.5054	465.03564	186.95695	766.11035	-787.7137	7112.416	2131.3184	9651.617	-413.48093	1000.0	7141.773	2086.8108	9639.272	-474.7909	1000.0	0.19435118	548000	-0.071645215
138	-465.57126	37.888206	466.26138	187.07306	768.41394	-772.5054	466.26263	187.07274	769.3657	-787.7137	7128.938	2132.4336	9651.617	-413.48093	1000.0	7157.72	2087.6157	9639.272	-474.7909	1000.0	0.19486646	552000	-0.07114041
139	-466.78568	37.99571	467.48	187.18935	768.41394	-772.5054	467.48126	187.18904	771.01575	-787.7137	7145.191	2133.3533	9651.617	-413.48093	1000.0	7172.662	2087.5134	9639.272	-474.7909	1000.0	0.19541864	556000	-0.07062806
140	-467.9995	38.08338	468.69724	187.30968	770.7701	-772.5054	468.6986	187.3095	772.84033	-787.7137	7161.89	2134.8223	9651.617	-413.48093	1000.0	7190.0723	2090.224	9938.216	-474.7909	1000.0	0.19590482	560000	-0.07017857
141	-469.20868	38.194653	469.9102	187.43555	775.065	-772.5054	469.9116	187.43549	775.06946	-787.7137	7174.4175	2133.7188	9651.617	-413.48093	1000.0	7205.1787	2090.4724	9938.216	-474.7909	1000.0	0.19641978	564000	-0.06960184
142	-470.4138	38.31895	471.11874	187.56221	777.48914	-772.5054	471.12015	187.56158	778.9687	-787.7137	7189.4453	2133.7166	9651.617	-413.48093	1000.0	7217.71	2090.682	9938.216	-474.7909	1000.0	0.19692066	568000	-0.06914496
143	-471.61594	38.451218	472.32455	187.69576	784.8682	-772.5054	472.32596	187.6953	784.88086	-787.7137	7201.834	2131.9387	9651.617	-413.48093	1000.0	7231.322	2089.7087	9938.216	-474.7909	1000.0	0.19740191	572000	-0.06865578
144	-472.8118	38.572575	473.52405	187.83083	784.8682	-772.5054	473.5254	187.8303	785.1576	-787.7137	7216.1025	2131.4868	9651.617	-413.48093	1000.0	7247.466	2091.3918	9938.216	-474.7909	1000.0	0.19790216	576000	-0.06815305
145	-473.9992	38.707993	474.7153	187.96645	784.8682	-772.5054	474.7167	187.96625	785.1576	-787.7137	7231.982	2132.6624	9651.617	-413.48093	1000.0	7263.5557	2093.1426	9938.216	-474.7909	1000.0	0.19840916	580000	-0.06766252
146	-475.17715	38.838142	475.8969	188.09898	784.8682	-772.5054	475.89835	188.09871	785.1576	-787.7137	7246.5034	2132.5603	9651.617	-413.48093	1000.0	7274.4365	2094.8247	9938.216	-474.7909	1000.0	0.19893046	584000	-0.06720156
147	-476.34903	38.964176	477.07248	188.23062	784.8682	-772.5054	477.0738	188.23036	787.44183	-787.7137	7260.7466	2132.3464	9651.617	-413.48093	1000.0	7288.8325	2094.9421	9938.216	-474.7909	1000.0	0.19940369	588000	-0.066741824
148	-477.50778	39.115875	478.23505	188.35748	791.1627	-772.5054	478.2363	188.35704	789.83624	-787.7137	7275.821	2132.9753	9651.617	-413.48093	1000.0	7304.1147	2096.0728	9938.216	-474.7909	1000.0	0.19992246	592000	-0.06632436
149	-478.6613	39.23757	479.39175	188.48215	791.1627	-772.5054	479.39304	188.48189	789.83624	-787.7137	7291.062	2133.9185	9655.537	-413.48093	1000.0	7317.341	2095.245	9938.216	-474.7909	1000.0	0.20039466	596000	-0.0658754
150	-479.81113	39.340427	480.54504	188.61075	794.14026	-772.5054	480.54626	188.61052	792.64923	-787.7137	7306.0024	2134.6184	9669.692	-413.48093	1000.0	7332.376	2096.325	9938.216	-474.7909	1000.0	0.20086451	600000	-0.06539426
151	-480.95297	39.46026	481.69055	188.73827	797.3566	-772.5054	481.6916	188.73785	795.3413	-787.7137	7319.417	2134.0122	9782.083	-413.48093	1000.0	7344.526	2094.7065	9938.216	-474.7909	1000.0	0.2013573	604000	-0.064977266
152	-482.08896	39.599854	482.83023	188.86484	797.3566	-772.5054	482.83136	188.86479	796.94904	-787.7137	7334.079	2134.598	9782.083	-413.48093	1000.0	7359.6973	2096.1638	9938.216	-474.7909	1000.0	0.20183347	608000	-0.06455329
153	-483.21744	39.746212	483.9621	188.99109	799.00653	-772.5054	483.96317	188.99075	798.7431	-787.7137	7348.8203	2135.3967	9782.083	-413.48093	1000.0	7373.7334	2096.6511	9938.216	-474.7909	1000.0	0.20230393	612000	-0.06409723
154	-484.34244	39.868008	485.09036	189.11906	800.0574	-772.5054	485.09146	189.11893	801.3557	-787.7137	7362.691	2135.377	9782.083	-413.48093	1000.0	7388.7	2098.0352	9938.216	-474.7909	1000.0	0.20274812	616000	-0.06371589
155	-485.46335	39.985847	486.2144	189.2491	801.5019	-772.5054	486.21545	189.24919	802.0874	-787.7137	7376.2847	2135.1638	9782.083	-413.48093	1000.0	7403.0557	2098.877	9938.216	-474.7909	1000.0	0.20319197	620000	-0.06327837
156	-486.58212	40.11395	487.3363	189.38182	808.7343	-772.5054	487.3373	189.38138	804.57935	-787.7137	7390.08	2135.234	9782.083	-413.48093	1000.0	7417.5815	2099.956	9938.216	-474.7909	1000.0	0.20364101	624000	-0.06286482
157	-487.69693	40.23031	488.4544	189.51524	808.7343	-772.5054	488.45538	189.5153	807.1572	-787.7137	7404.3027	2135.8665	9844.798	-413.48093	1000.0	7431.0757	2100.0986	9938.216	-474.7909	1000.0	0.20412481	628000	-0.06244488
158	-488.8024	40.35403	489.56326	189.64594	808.7343	-772.5054	489.56424	189.64566	807.1572	-787.7137	7417.755	2135.7598	9844.798	-413.48093	1000.0	7445.1724	2100.911	9938.216	-474.7909	1000.0	0.20459805	632000	-0.062049553
159	-489.89865	40.479	490.6629	189.77281	808.7343	-772.5054	490.66385	189.77292	807.1572	-787.7137	7431.6665	2136.222	9844.798	-413.48093	1000.0	7458.6055	2101.1328	9938.216	-474.7909	1000.0	0.20508859	636000	-0.061630044
160	-490.98785	40.58256	491.7554	189.89793	811.7348	-772.5054	491.75626	189.89763	810.96405	-787.7137	7445.1025	2136.276	9844.798	-413.48093	1000.0	7472.811	2102.2156	9938.216	-474.7909	1000.0	0.20555913	640000	-0.061262775
161	-492.06845	40.706337	492.83917	190.0203	811.7348	-772.5054	492.84003	190.0202	811.90643	-787.7137	7459.2236	2137.13	9887.479	-413.48093	1000.0	7484.0166	2100.48	9938.216	-474.7909	1000.0	0.2060197	644000	-0.060853943
162	-493.1448	40.814796	493.9186	190.14026	818.7288	-772.5054	493.9194	190.13988	817.06415	-787.7137	7473.294	2138.0	9887.479	-413.48093	1000.0	7495.0913	2098.7168	9938.216	-474.7909	1000.0	0.20645173	648000	-0.06046665
163	-494.21713	40.92779	494.99384	190.26523	818.7288	-772.5054	494.99466	190.26494	817.06415	-787.7137	7486.8027	2138.3958	9888.463	-413.48093	1000.0	7509.172	2099.9578	10019.626	-474.7909	1000.0	0.20690228	652000	-0.06012193
164	-495.28604	41.05672	496.0656	190.39136	818.7288	-772.5054	496.06644	190.39091	819.0187	-787.7137	7499.988	2138.5415	9888.463	-413.48093	1000.0	7517.878	2096.5276	10019.626	-474.7909	1000.0	0.20733558	656000	-0.05970963
165	-496.3493	41.15582	497.1319	190.51585	818.7288	-772.5054	497.13278	190.5158	819.0187	-787.7137	7513.016	2138.6282	9888.463	-413.48093	1000.0	7531.5083	2097.473	10023.682	-474.7909	1000.0	0.2077807	660000	-0.059370343
166	-497.40533	41.27165	498.1912	190.63593	826.4205	-772.5054	498.19202	190.63612	823.75024	-787.7137	7526.565	2139.359	10139.506	-413.48093	1000.0	7546.188	2099.6829	10195.687	-474.7909	1000.0	0.20822567	664000	-0.05905022
167	-498.45944	41.381786	499.24826	190.75864	826.4205	-772.5054	499.24915	190.75813	823.75024	-787.7137	7539.6616	2139.666	10139.506	-413.48093	1000.0	7554.4575	2100.347	10195.687	-474.7909	1000.0	0.20865056	668000	-0.058644604
168	-499.50516	41.509827	500.2971	190.88193	829.6698	-772.5054	500.29782	190.8815	829.395	-787.7137	7552.4805	2139.7458	10139.506	-413.48093	1000.0	7567.991	2101.385	10195.687	-474.7909	1000.0	0.20908394	672000	-0.058315728
169	-500.55124	41.59805	501.34583	191.00647	829.6698	-772.5054	501.3465	191.00606	829.395	-787.7137	7566.1655	2140.8044	10139.506	-413.48093	1000.0	7582.2036	2103.2642	10195.687	-474.7909	1000.0	0.20949295	676000	-0.05797484
170	-501.59525	41.722935	502.39307	191.13252	829.6698	-772.5054	502.39368	191.13222	829.395	-787.7137	7578.9146	2140.9412	10139.506	-413.48093	1000.0	7593.555	2102.2869	10195.687	-474.7909	1000.0	0.20993897	680000	-0.057616252
171	-502.62662	41.819523	503.42734	191.25305	830.17615	-772.5054	503.42795	191.25284	830.9106	-787.7137	7592.0938	2141.5923	10139.506	-413.48093	1000.0	7606.947	2103.4326	10195.687	-474.7909	1000.0	0.21036406	684000	-0.05725348
172	-503.6493	41.91497	504.45312	191.37054	830.17615	-772.5054	504.4537	191.37045	830.9106	-787.7137	7603.426	2140.5354	10139.506	-413.48093	1000.0	7618.9517	2103.199	10195.687	-474.7909	1000.0	0.21080723	688000	-0.0569486
173	-504.66998	41.998028	505.47638	191.48892	832.478	-772.5054	505.47693	191.4882	830.9106	-787.7137	7616.6895	2141.4255	10139.506	-413.48093	1000.0	7633.3784	2105.6545	10271.527	-474.7909	1000.0	0.21120374	692000	-0.056647226
174	-505.6901	42.089645	506.49927	191.61055	835.4018	-772.5054	506.49985	191.61032	831.86115	-787.7137	7629.0215	2141.486	10139.506	-413.48093	1000.0	7646.178	2106.3806	10271.527	-474.7909	1000.0	0.2116273	696000	-0.056257244
175	-506.70242	42.183155	507.51447	191.72899	835.5944	-772.5054	507.51498	191.72838	834.73724	-787.7137	7641.534	2141.736	10139.506	-413.48093	1000.0	7657.7188	2105.8936	10271.527	-474.7909	1000.0	0.21206841	700000	-0.055931035
176	-507.70972	42.271786	508.52423	191.84633	835.5944	-772.5054	508.52475	191.84604	834.73724	-787.7137	7653.5854	2141.6057	10139.506	-413.48093	1000.0	7668.7544	2104.9902	10271.527	-474.7909	1000.0	0.21248455	704000	-0.05562776
177	-508.71115	42.360092	509.52832	191.96371	836.5652	-772.5054	509.5289	191.96341	835.85944	-787.7137	7665.6	2141.4966	10139.506	-413.48093	1000.0	7677.1855	2106.0525	10271.527	-474.7909	1000.0	0.21288438	708000	-0.055308223
178	-509.7083	42.45581	510.5284	192.0792	836.5652	-772.5054	510.529	192.07892	835.9785	-787.7137	7675.853	2140.4807	10139.506	-413.48093	1000.0	7689.3867	2106.4624	10271.527	-474.7909	1000.0	0.21332291	712000	-0.054987974
179	-510.69745	42.547928	511.52014	192.1945	837.66003	-772.5054	511.52066	192.19437	835.9785	-787.7137	7688.6733	2141.348	10139.506	-413.48093	1000.0	7702.0005	2107.3396	10271.527	-474.7909	1000.0	0.21373121	716000	-0.05466702
180	-511.68234	42.63636	512.5079	192.31096	840.21875	-772.5054	512.50836	192.31018	841.5577	-787.7137	7701.3936	2142.237	10169.007	-413.48093	1000.0	7715.182	2108.8853	10288.12	-474.7909	1000.0	0.21414551	720000	-0.054364298
181	-512.6662	42.746216	513.4947	192.43019	842.95483	-772.5054	513.4951	192.4299	841.5577	-787.7137	7713.5015	2142.6792	10289.04	-413.48093	1000.0	7727.0386	2109.1025	10288.12	-474.7909	1000.0	0.2145375	724000	-0.05407801
182	-513.645	42.854446	514.47595	192.55064	842.95483	-772.5054	514.47644	192.55083	841.5577	-787.7137	7725.8896	2143.288	10289.04	-413.48093	1000.0	7739.674	2110.2012	10312.841	-474.7909	1000.0	0.21492785	728000	-0.05375718
183	-514.62244	42.952698	515.4561	192.67044	842.95483	-772.5054	515.45654	192.67009	841.83356	-787.7137	7737.711	2143.4324	10289.04	-413.48093	1000.0	7752.069	2111.0837	10312.841	-474.7909	1000.0	0.21534151	732000	-0.053456903
184	-515.59186	43.054066	516.4283	192.7868	842.95483	-772.5054	516.4287	192.78676	841.83356	-787.7137	7750.1475	2144.2222	10289.04	-413.48093	1000.0	7762.2314	2109.8616	10312.841	-474.7909	1000.0	0.21573284	736000	-0.053184126
185	-516.5577	43.148872	517.39685	192.9039	842.95483	-772.5054	517.3974	192.90367	841.86255	-787.7137	7762.134	2144.6416	10289.04	-413.48093	1000.0	7773.1504	2109.3694	10312.841	-474.7909	1000.0	0.21612887	740000	-0.052859668
186	-517.5139	43.234634	518.3558	193.01642	845.3664	-772.5054	518.3562	193.01616	845.17303	-787.7137	7773.191	2144.2131	10289.04	-413.48093	1000.0	7786.3374	2111.3523	10522.456	-474.7909	1000.0	0.21653236	744000	-0.052606672
187	-518.4653	43.336292	519.3096	193.1276	845.66504	-772.5054	519.3101	193.12752	848.1256	-787.7137	7784.509	2144.0547	10289.04	-413.48093	1000.0	7793.7188	2108.284	10522.456	-474.7909	1000.0	0.21692283	748000	-0.052290328
188	-519.41003	43.42144	520.2569	193.23915	847.5266	-772.5054	520.2575	193.23834	848.1256	-787.7137	7796.546	2144.6907	10289.04	-413.48093	1000.0	7804.2837	2107.636	10522.456	-474.7909	1000.0	0.21730848	752000	-0.052048035
189	-520.35297	43.508007	521.2023	193.35011	848.47534	-772.5054	521.20294	193.34958	848.59564	-787.7137	7808.1206	2144.942	10289.04	-413.48093	1000.0	7813.2007	2110.7544	10522.456	-474.7909	1000.0	0.2176966	756000	-0.051760785
190	-521.2927	43.59233	522.14465	193.46136	848.47534	-772.5054	522.1454	193.4609	848.59564	-787.7137	7818.933	2144.5872	10289.04	-413.48093	1000.0	7824.798	2111.2913	10522.456	-474.7909	1000.0	0.21808492	760000	-0.051475268
191	-522.2299	43.67469	523.08435	193.57326	850.60736	-772.5054	523.085	193.57301	851.1005	-787.7137	7830.6313	2145.0437	10289.04	-413.48093	1000.0	7836.99	2112.4648	10522.456	-474.7909	1000.0	0.21847212	764000	-0.051202063
192	-523.16095	43.760433	524.0181	193.68324	850.60736	-772.5054	524.0188	193.6829	851.9378	-787.7137	7842.3535	2145.5874	10289.04	-413.48093	1000.0	7849.4185	2113.9727	10522.456	-474.7909	1000.0	0.21884766	768000	-0.05092669
193	-524.0901	43.852436	524.94946	193.79367	851.7751	-772.5054	524.95013	193.79324	852.74805	-787.7137	7853.7437	2145.8413	10289.04	-413.48093	1000.0	7860.732	2114.3213	10522.456	-474.7909	1000.0	0.21922326	772000	-0.05066193
194	-525.01324	43.95373	525.87524	193.8995	857.80566	-772.5054	525.87585	193.89943	860.7349	-787.7137	7864.772	2145.8228	10289.04	-413.48093	1000.0	7872.2134	2114.9092	10522.456	-474.7909	1000.0	0.21959247	776000	-0.050413497
195	-525.9316	44.0449	526.7961	194.00581	857.80566	-772.5054	526.79663	194.00558	860.7349	-787.7137	7875.9424	2146.177	10309.814	-413.48093	1000.0	7882.9663	2114.8484	10522.456	-474.7909	1000.0	0.21996868	780000	-0.050153237
196	-526.846	44.130154	527.7127	194.11665	862.01337	-772.5054	527.71326	194.1165	860.7349	-787.7137	7887.356	2146.6396	10329.237	-413.48093	1000.0	7894.177	2115.3008	10522.456	-474.7909	1000.0	0.2203194	784000	-0.049872916
197	-527.7593	44.220062	528.62854	194.22343	862.01337	-772.5054	528.629	194.22313	860.7349	-787.7137	7898.209	2146.5828	10329.237	-413.48093	1000.0	7903.188	2113.7546	10522.456	-474.7909	1000.0	0.22070912	788000	-0.04963626
198	-528.66907	44.294296	529.54047	194.3325	862.01337	-772.5054	529.54095	194.33218	860.7349	-787.7137	7909.356	2146.8904	10329.237	-413.48093	1000.0	7914.173	2114.0554	10522.456	-474.7909	1000.0	0.22106388	792000	-0.049388915
199	-529.57806	44.371483	530.45154	194.4442	862.01337	-772.5054	530.45215	194.4441	860.7349	-787.7137	7920.846	2147.5908	10329.237	-413.48093	1000.0	7925.398	2114.6897	10522.456	-474.7909	1000.0	0.2213983	796000	-0.049132552
200	-530.4799	44.46655	531.3559	194.55984	862.01337	-772.5054	531.35657	194.55952	860.7349	-787.7137	7923.384	2151.3787	10329.237	-413.48093	1000.0	7937.024	2115.7908	10522.456	-474.7909	1000.0	0.22175054	800000	-0.048898086
201	-531.37915	44.56308	532.2573	194.6775	862.1427	-772.5054	532.25793	194.67706	861.63367	-787.7137	7934.723	2152.0088	10329.237	-413.48093	1000.0	7947.8037	2116.1267	10522.456	-474.7909	1000.0	0.22211242	804000	-0.048623253
202	-532.273	44.654385	533.15356	194.79056	865.52264	-772.5054	533.1542	194.79015	866.04456	-787.7137	7945.1045	2151.781	10329.237	-413.48093	1000.0	7958.81	2116.6558	10522.456	-474.7909	1000.0	0.2224743	808000	-0.048391253
203	-533.16254	44.73287	534.0452	194.90405	865.52264	-772.5054	534.0459	194.90408	866.04456	-787.7137	7956.1147	2152.187	10329.237	-413.48093	1000.0	7969.0425	2116.493	10522.456	-474.7909	1000.0	0.2228089	812000	-0.048145324
204	-534.0489	44.824135	534.9338	195.01672	876.7487	-772.5054	534.93445	195.01613	875.48486	-787.7137	7967.0073	2152.5154	10329.237	-413.48093	1000.0	7980.284	2117.3818	10522.456	-474.7909	1000.0	0.22315888	816000	-0.047912356
205	-534.9278	44.913906	535.81494	195.12778	876.7487	-772.5054	535.8157	195.12753	875.48486	-787.7137	7977.0435	2152.0396	10329.237	-413.48093	1000.0	7991.8594	2118.7224	10575.189	-474.7909	1000.0	0.22351122	820000	-0.04767301
206	-535.8027	45.02184	536.69214	195.23656	876.7487	-772.5054	536.6929	195.23631	875.48486	-787.7137	7988.0825	2152.637	10380.286	-413.48093	1000.0	8003.335	2119.9695	10642.753	-474.7909	1000.0	0.22387724	824000	-0.047420304
207	-536.6737	45.11758	537.56525	195.34413	876.7487	-772.5054	537.56604	195.34404	875.70435	-787.7137	7998.645	2152.79	10380.286	-413.48093	1000.0	8013.4717	2119.859	10642.753	-474.7909	1000.0	0.22422639	828000	-0.047199838
208	-537.5393	45.19621	538.4331	195.45003	876.7487	-772.5054	538.4339	195.44984	875.70435	-787.7137	8009.0034	2152.7788	10380.286	-413.48093	1000.0	8021.0693	2117.9	10642.753	-474.7909	1000.0	0.2245711	832000	-0.046972685
209	-538.4015	45.260227	539.29736	195.55774	876.7487	-772.5054	539.2981	195.55766	878.5034	-787.7137	8019.285	2152.764	10397.209	-413.48093	1000.0	8032.1846	2118.9316	10642.753	-474.7909	1000.0	0.22489958	836000	-0.046742838
210	-539.26447	45.341003	540.1626	195.66614	876.7487	-772.5054	540.1633	195.66566	878.8535	-787.7137	8029.372	2152.5906	10397.209	-413.48093	1000.0	8043.958	2120.739	10735.894	-474.7909	1000.0	0.22524218	840000	-0.046536855
211	-540.122	45.424507	541.0221	195.77377	879.6124	-772.5054	541.0228	195.77365	878.8535	-787.7137	8039.5225	2152.5242	10397.209	-413.48093	1000.0	8055.4766	2122.285	10735.894	-474.7909	1000.0	0.22554673	844000	-0.046295945
212	-540.9788	45.498985	541.88104	195.88402	885.9287	-772.5054	541.8819	195.88376	882.99756	-787.7137	8050.171	2153.0134	10449.857	-413.48093	1000.0	8065.3115	2122.1072	10735.894	-474.7909	1000.0	0.2258815	848000	-0.046104554
213	-541.83105	45.59173	542.7353	195.99341	885.9287	-772.5054	542.73615	195.99332	882.99756	-787.7137	8059.904	2152.681	10492.964	-413.48093	1000.0	8074.785	2121.6335	10735.894	-474.7909	1000.0	0.22620632	852000	-0.04585061
214	-542.68164	45.666878	543.58777	196.10278	885.9287	-772.5054	543.58856	196.10242	882.99756	-787.7137	8069.623	2152.3687	10492.964	-413.48093	1000.0	8083.185	2120.2732	10735.894	-474.7909	1000.0	0.2265245	856000	-0.04562064
215	-543.52905	45.738655	544.4372	196.21152	885.9287	-772.5054	544.4379	196.21155	883.72705	-787.7137	8079.55	2152.3135	10492.964	-413.48093	1000.0	8092.1304	2119.9104	10770.731	-474.7909	1000.0	0.22685774	860000	-0.04541305
216	-544.3718	45.811737	545.28204	196.3203	885.9287	-772.5054	545.2828	196.3199	883.72705	-787.7137	8089.704	2152.5037	10492.964	-413.48093	1000.0	8103.097	2121.1194	10770.731	-474.7909	1000.0	0.22717628	864000	-0.045215487
217	-545.2138	45.872566	546.1261	196.4307	885.9287	-772.5054	546.12683	196.43086	884.24493	-787.7137	8099.9478	2152.816	10492.964	-413.48093	1000.0	8114.5493	2122.913	10770.731	-474.7909	1000.0	0.22747183	868000	-0.045003653
218	-546.0534	45.963608	546.9675	196.54146	888.2584	-772.5054	546.96826	196.54094	885.95776	-787.7137	8110.0596	2153.074	10584.044	-413.48093	1000.0	8125.078	2123.7205	10770.731	-474.7909	1000.0	0.22777277	872000	-0.044791967
219	-546.8902	46.05284	547.80664	196.65068	888.2584	-772.5054	547.8074	196.65025	885.95776	-787.7137	8119.3047	2152.63	10650.956	-413.48093	1000.0	8135.715	2124.6875	10770.731	-474.7909	1000.0	0.22809179	876000	-0.044557102
220	-547.7179	46.164474	548.6368	196.75284	888.2584	-772.5054	548.6375	196.75235	885.95776	-787.7137	8129.4697	2153.0083	10650.956	-413.48093	1000.0	8143.9966	2123.41	10770.731	-474.7909	1000.0	0.22844304	880000	-0.04437947
221	-548.5395	46.2693	549.46014	196.85066	888.2584	-772.5054	549.4609	196.85011	889.12006	-787.7137	8140.2563	2154.1025	10700.388	-413.48093	1000.0	8152.0522	2122.0256	10770.731	-474.7909	1000.0	0.2287469	884000	-0.0441528
222	-549.3578	46.342144	550.2803	196.94951	888.2584	-772.5054	550.281	196.9493	889.12006	-787.7137	8150.304	2154.53	10700.388	-413.48093	1000.0	8162.345	2122.7773	10770.731	-474.7909	1000.0	0.22905068	888000	-0.043969754
223	-550.173	46.42069	551.09735	197.04837	897.2234	-772.5054	551.09814	197.04816	894.2765	-787.7137	8159.772	2154.3394	10700.388	-413.48093	1000.0	8169.82	2123.6755	10770.731	-474.7909	1000.0	0.22933692	892000	-0.04378252
224	-550.9858	46.494404	551.9123	197.1461	901.3717	-772.5054	551.9131	197.14598	899.5418	-787.7137	8169.8325	2154.7715	10700.388	-413.48093	1000.0	8177.25	2121.8828	10770.731	-474.7909	1000.0	0.22964557	896000	-0.043599244
225	-551.7967	46.574375	552.7252	197.2442	901.3975	-772.5054	552.7261	197.24364	899.5418	-787.7137	8180.0635	2155.4592	10708.731	-413.48093	1000.0	8187.56	2122.8118	10840.363	-474.7909	1000.0	0.22994687	900000	-0.043373056
226	-552.6034	46.64377	553.53406	197.33995	901.3975	-772.5054	553.53485	197.33978	899.5418	-787.7137	8189.5986	2155.4387	10708.731	-413.48093	1000.0	8195.588	2121.5928	10840.363	-474.7909	1000.0	0.23023626	904000	-0.043190558
227	-553.40594	46.716297	554.3384	197.43715	901.3975	-772.5054	554.3392	197.43675	899.5418	-787.7137	8199.611	2155.9697	10708.731	-413.48093	1000.0	8205.392	2122.056	10840.363	-474.7909	1000.0	0.23053332	908000	-0.04298535
228	-554.2052	46.79741	555.1396	197.53401	903.9462	-772.5054	555.14044	197.53378	904.4086	-787.7137	8209.855	2156.7805	10734.6875	-413.48093	1000.0	8215.163	2122.52	10840.363	-474.7909	1000.0	0.23082693	912000	-0.042806
229	-555.00586	46.85731	555.942	197.63222	903.9462	-772.5054	555.94293	197.63228	904.4086	-787.7137	8219.3	2156.8044	10734.6875	-413.48093	1000.0	8225.136	2123.2405	10840.363	-474.7909	1000.0	0.23110577	916000	-0.04260872
230	-555.8034	46.930645	556.74164	197.73128	904.3426	-772.5054	556.7424	197.73137	904.4086	-787.7137	8228.709	2156.8303	10734.6875	-413.48093	1000.0	8234.098	2123.313	10840.363	-474.7909	1000.0	0.2313939	920000	-0.042426284
231	-556.5955	47.000744	557.5357	197.828	905.71564	-772.5054	557.53656	197.82803	904.4086	-787.7137	8238.628	2157.4087	10734.6875	-413.48093	1000.0	8244.599	2124.704	10861.308	-474.7909	1000.0	0.23168597	924000	-0.042233083
232	-557.3874	47.072746	558.3292	197.92786	905.71564	-772.5054	558.33	197.92746	904.4086	-787.7137	8248.542	2158.0405	10734.6875	-413.48093	1000.0	8250.411	2125.0874	10861.308	-474.7909	1000.0	0.23194954	928000	-0.04204566
233	-558.17633	47.14408	559.12	198.02985	910.2899	-772.5054	559.1208	198.02942	909.6156	-787.7137	8253.67	2157.2288	10734.6875	-413.48093	1000.0	8260.327	2125.9016	10861.308	-474.7909	1000.0	0.23223437	932000	-0.04187243
234	-558.9616	47.223286	559.90686	198.13216	910.2899	-772.5054	559.90765	198.13159	909.6156	-787.7137	8263.079	2157.4497	10759.254	-413.48093	1000.0	8270.53	2127.0837	10896.034	-474.7909	1000.0	0.2325067	936000	-0.041691888
235	-559.74475	47.29833	560.69183	198.23361	913.2548	-772.5054	560.6926	198.23344	910.25574	-787.7137	8272.094	2157.272	10759.254	-413.48093	1000.0	8280.497	2128.035	10896.034	-474.7909	1000.0	0.23278287	940000	-0.04152079
236	-560.5263	47.374157	561.47516	198.33444	913.2548	-772.5054	561.47595	198.3344	910.25574	-787.7137	8281.315	2157.369	10759.254	-413.48093	1000.0	8289.718	2128.2563	10978.606	-474.7909	1000.0	0.23307253	944000	-0.041327797
237	-561.3056	47.43286	562.256	198.43536	913.2548	-772.5054	562.2568	198.43501	910.25574	-787.7137	8291.078	2158.0383	10759.254	-413.48093	1000.0	8299.085	2128.6436	10978.606	-474.7909	1000.0	0.23333967	948000	-0.041165486
238	-562.0833	47.496223	563.03546	198.538	913.2548	-772.5054	563.0362	198.53831	912.489	-787.7137	8300.034	2157.9348	10759.254	-413.48093	1000.0	8309.061	2129.77	11024.529	-474.7909	1000.0	0.23358957	952000	-0.040993966
239	-562.8587	47.597347	563.81287	198.63925	915.72186	-772.5054	563.8136	198.63882	913.1029	-787.7137	8309.561	2158.4275	10759.254	-413.48093	1000.0	8317.757	2129.582	11024.529	-474.7909	1000.0	0.23387724	956000	-0.04078433
240	-563.627	47.689953	564.583	198.7368	916.77527	-772.5054	564.5837	198.73657	914.6952	-787.7137	8318.993	2158.88	10759.254	-413.48093	1000.0	8327.485	2130.4739	11024.529	-474.7909	1000.0	0.23418112	960000	-0.040623773
241	-564.3932	47.750107	565.35095	198.83263	916.77527	-772.5054	565.3516	198.8323	914.6952	-787.7137	8327.463	2158.3987	10759.254	-413.48093	1000.0	8337.24	2131.4382	11024.529	-474.7909	1000.0	0.23446359	964000	-0.040467445
242	-565.1541	47.822464	566.1136	198.92854	916.77527	-772.5054	566.1143	198.9284	914.6952	-787.7137	8328.34	2166.0894	10759.254	-413.48093	1000.0	8347.01	2132.441	11024.529	-474.7909	1000.0	0.23474067	968000	-0.04031032
243	-565.91125	47.897377	566.87244	199.02539	916.77527	-772.5054	566.87317	199.02487	916.7939	-787.7137	8337.86	2166.7256	10776.026	-413.48093	1000.0	8356.5205	2133.224	11024.529	-474.7909	1000.0	0.2349991	972000	-0.0401274
244	-566.6673	47.95958	567.6301	199.122	916.77527	-772.5054	567.6308	199.12148	916.7939	-787.7137	8347.413	2167.415	10794.316	-413.48093	1000.0	8364.641	2132.6636	11024.529	-474.7909	1000.0	0.2352662	976000	-0.0399721
245	-567.42035	48.03641	568.38477	199.21971	916.96295	-772.5054	568.3855	199.21922	917.5824	-787.7137	8356.806	2167.973	10865.988	-413.48093	1000.0	8372.217	2133.133	11024.529	-474.7909	1000.0	0.2355311	980000	-0.039805364
246	-568.17126	48.115242	569.1372	199.31686	916.96295	-772.5054	569.13806	199.31644	917.5824	-787.7137	8365.674	2168.01	10865.988	-413.48093	1000.0	8381.804	2134.0896	11024.529	-474.7909	1000.0	0.23577893	984000	-0.039639857
247	-568.9179	48.206642	569.88574	199.41269	916.96295	-772.5054	569.8866	199.41255	917.5824	-787.7137	8374.182	2167.7822	10865.988	-413.48093	1000.0	8391.012	2134.6685	11024.529	-474.7909	1000.0	0.2360452	988000	-0.039476667
248	-569.661	48.290718	570.6305	199.50748	918.0987	-772.5054	570.6315	199.50725	918.03674	-787.7137	8383.492	2168.3665	10865.988	-413.48093	1000.0	8399.681	2134.728	11024.529	-474.7909	1000.0	0.23632173	992000	-0.03929818
249	-570.39966	48.377567	571.3709	199.5998	921.20166	-772.5054	571.3718	199.5994	918.03674	-787.7137	8392.318	2168.469	10865.988	-413.48093	1000.0	8405.412	2134.4321	11024.529	-474.7909	1000.0	0.23658682	996000	-0.03912789
250	-571.1359	48.441525	572.1088	199.69362	921.20166	-772.5054	572.1099	199.69339	918.53894	-787.7137	8400.622	2168.13	10865.988	-413.48093	1000.0	8413.872	2134.3423	11024.529	-474.7909	1000.0	0.23684107	1000000	-0.03898696
