epoch	pi-loss	q-loss	average-q-values	std-q-values	max-q-values	min-q-values	average-episode-return	std-episode-return	max-episode-return	min-episode-return	episode-length	average-test-episode-return	std-test-episode-return	max-test-episode-return	min-test-episode-return	test-episode-length	total-env-interacts
1	-15.207038	1.6336076	12.733054	11.227871	79.6485	-53.039215	17.203897	13.787671	117.7094	3.7090483	21.621622	38.94216	0.6614134	40.272232	38.208126	22.2	4000
2	-79.17332	46.62729	70.05857	67.75917	270.00775	-118.70824	27.029816	35.99721	196.52434	3.7090483	25.723473	101.12999	62.2045	166.6243	38.208126	52.65	8000
3	-136.82808	110.36745	126.205246	99.030655	383.51245	-181.85197	32.43882	51.560764	196.52434	-2.006285	28.985508	66.78679	70.27465	166.6243	-2.2517705	41.366665	12000
4	-181.82439	158.51355	169.97461	119.775734	456.14713	-181.85197	42.44498	80.29761	646.4095	-2.1683226	35.164837	142.37988	147.44975	428.75055	-2.2517705	82.875	16000
5	-220.42218	199.88693	207.96669	136.33592	522.7843	-240.94241	53.23663	94.44301	646.4095	-2.1683226	41.58004	191.1179	178.23978	707.6769	-2.2517705	115.44	20000
6	-254.92838	251.30852	241.99469	151.66493	623.7013	-273.60745	64.85003	114.67912	806.5365	-2.1683226	47.71372	227.41685	183.04988	707.6769	-2.2517705	130.26666	24000
7	-286.71927	300.85468	273.41943	166.17189	656.3329	-390.15405	72.166	125.41771	806.5365	-2.1683226	52.930058	270.5519	202.88928	767.8513	-2.2517705	165.04286	28000
8	-315.8832	334.94513	302.3298	178.47746	696.3465	-390.15405	81.31711	138.73814	808.7404	-2.1683226	58.82353	269.1186	206.21051	767.8513	-2.2517705	209.0625	32000
9	-341.30814	362.99326	327.6881	187.88011	707.8778	-401.92142	84.12143	139.13197	808.7404	-2.1683226	62.827225	253.27383	201.23035	767.8513	-2.2517705	217.94444	36000
10	-363.7997	386.13156	350.11746	195.5667	736.7059	-401.92142	91.31968	148.26834	936.90356	-2.1683226	67.91171	298.41364	262.6616	1064.809	-2.2517705	261.3	40000
11	-384.3253	406.22955	370.59454	202.66217	765.42554	-432.56226	97.67542	159.7636	1015.9656	-2.1683226	73.21131	296.49246	250.80977	1064.809	-2.2517705	249.0091	44000
12	-402.51013	419.09048	388.79626	208.47679	771.67676	-432.56226	103.12792	159.4275	1015.9656	-2.1683226	75.829384	274.2565	251.221	1064.809	-2.2517705	233.68333	48000
13	-418.3922	432.1143	404.74014	213.04405	795.4889	-432.56226	107.37132	162.62001	1015.9656	-2.1683226	78.90743	265.56403	244.57344	1064.809	-2.2517705	222.7	52000
14	-432.07803	440.62585	418.47958	216.57301	827.5456	-486.34726	115.82304	171.7717	1015.9656	-2.1683226	82.84024	284.59598	247.65726	1064.809	-2.2517705	226.99286	56000
15	-444.37576	446.62653	430.83054	219.58409	836.8289	-546.9276	124.11686	183.47855	1276.1426	-2.1683226	86.95652	272.03625	244.00508	1064.809	-2.2517705	218.32666	60000
16	-455.51596	448.9659	442.05685	221.82881	836.8289	-546.9276	130.38756	196.4151	1276.1426	-2.1683226	91.8221	320.24982	301.41495	1081.0383	-2.2517705	266.0875	64000
17	-465.1671	448.31512	451.84622	223.05254	836.8289	-546.9276	136.08604	209.80925	1276.1426	-2.1683226	97.00428	353.4079	334.4573	1282.7842	-2.2517705	292.82352	68000
18	-473.0386	445.06955	459.88278	223.00578	836.8289	-546.9276	141.2413	216.04785	1276.1426	-2.1683226	101.40845	379.72	350.4617	1282.7842	-2.2517705	314.25555	72000
19	-479.13168	440.85785	466.17938	221.82715	836.8289	-546.9276	147.92305	223.30959	1276.1426	-2.1683226	105.40916	393.3517	352.68683	1282.7842	-2.2517705	322.84738	76000
20	-483.41565	435.26898	470.68817	219.85892	836.8289	-546.9276	152.68639	227.04836	1276.1426	-2.1683226	107.96221	390.34305	344.68707	1282.7842	-2.2517705	314.5	80000
21	-485.8476	429.40784	473.37247	217.42676	836.8289	-546.9276	158.4796	228.95435	1276.1426	-2.1683226	110.09174	395.60986	342.17493	1282.7842	-2.2517705	321.68094	84000
22	-486.77377	422.36493	474.54977	214.79219	836.8289	-546.9276	164.26869	239.60435	1678.6948	-2.1683226	114.28571	410.09415	345.2394	1317.4122	-2.2517705	325.5182	88000
23	-486.65027	415.02444	474.66214	212.14148	836.8289	-546.9276	171.11256	243.7352	1678.6948	-2.1683226	116.16161	413.43036	338.59857	1317.4122	-2.2517705	318.9739	92000
24	-485.71298	407.04788	473.95044	209.61545	836.8289	-546.9276	176.98802	242.87288	1678.6948	-2.1683226	117.21612	411.71207	332.0548	1317.4122	-2.2517705	312.85	96000
25	-484.0851	398.79095	472.5532	207.2634	836.8289	-546.9276	183.2148	248.61137	1678.6948	-2.1683226	119.904076	409.67978	325.7602	1317.4122	-2.2517705	307.248	100000
26	-481.83585	390.0655	470.54028	205.01494	836.8289	-546.9276	187.0482	254.36333	1678.6948	-2.1683226	122.93144	431.37854	348.1124	1568.822	-2.2517705	317.69617	104000
27	-479.06802	381.35742	468.00323	202.88734	836.8289	-546.9276	192.33876	261.6568	1678.6948	-2.1683226	126.16822	425.70166	343.6543	1568.822	-2.2517705	311.06296	108000
28	-475.9333	372.37292	465.09735	200.93791	836.8289	-546.9276	197.27356	270.55276	1678.6948	-2.1683226	129.18109	426.68625	346.962	1568.822	-2.2517705	309.0357	112000
29	-472.48038	364.21555	461.86264	199.16515	836.8289	-546.9276	202.77124	276.19952	1678.6948	-2.1683226	131.81818	426.5654	341.19135	1568.822	-2.2517705	304.8793	116000
30	-468.79288	355.96893	458.3892	197.54747	836.8289	-546.9276	207.1975	274.73828	1678.6948	-2.1683226	132.59668	425.39883	335.7643	1568.822	-2.2517705	299.89334	120000
31	-464.94434	348.2734	454.74188	196.12169	836.8289	-546.9276	210.75362	273.7249	1678.6948	-2.1683226	133.6207	419.07474	332.1341	1568.822	-2.2517705	294.0742	124000
32	-461.19318	340.9664	451.18243	194.7335	836.8289	-546.9276	212.03519	270.02606	1678.6948	-2.1683226	133.89122	412.21973	329.12943	1568.822	-2.2517705	288.75626	128000
33	-457.5207	333.9025	447.6934	193.3867	836.8289	-546.9276	217.31279	277.48544	1678.6948	-2.1683226	136.64597	423.53732	342.9816	1754.5297	-2.2517705	292.6394	132000
34	-453.9245	327.32953	444.27182	192.0921	836.8289	-546.9276	222.98198	287.62277	1831.804	-2.1683226	139.20164	437.52725	355.99667	1798.2856	-2.2517705	297.49118	136000
35	-450.38882	321.02332	440.90274	190.8582	836.8289	-546.9276	228.394	289.74182	1831.804	-2.1683226	140.42126	435.39148	351.93173	1798.2856	-2.2517705	293.76572	140000
36	-447.03708	315.06995	437.70126	189.6307	836.8289	-546.9276	235.33449	298.06244	2154.631	-2.1683226	142.43323	474.21793	417.87637	2060.9604	-2.2517705	311.14722	144000
37	-443.96692	309.2385	434.77808	188.34012	836.8289	-546.9276	242.8273	320.50745	2293.1787	-2.1683226	145.8128	505.81522	468.39493	2248.456	-2.2517705	322.83243	148000
38	-441.11166	303.8282	432.06604	187.02286	836.8289	-546.9276	249.95752	335.74237	2444.0564	-2.1683226	148.5826	546.2633	530.7055	2664.5674	-2.2517705	333.64737	152000
39	-438.4179	298.52307	429.50772	185.72293	836.8289	-546.9276	257.8327	355.23358	2444.0564	-2.1683226	151.75098	587.62177	585.7519	2664.5674	-2.2517705	349.0487	156000
40	-435.9075	293.6855	427.12274	184.4315	836.8289	-546.9276	257.68802	351.02417	2444.0564	-2.1683226	149.67259	580.8779	579.9986	2664.5674	-2.2517705	343.53	160000
41	-433.60516	289.11798	424.93723	183.16306	836.8289	-546.9276	261.4029	349.42795	2444.0564	-2.1683226	149.9086	571.99133	575.854	2664.5674	-2.2517705	337.52927	164000
42	-431.4923	284.921	422.93488	181.92897	836.8289	-546.9276	265.51675	348.74158	2444.0564	-2.1683226	150.26834	565.925	570.2842	2664.5674	-2.2517705	332.5476	168000
43	-429.5734	280.97693	421.1218	180.71527	836.8289	-546.9276	271.4458	350.93732	2444.0564	-2.1683226	151.40845	556.99896	566.61487	2664.5674	-2.2517705	327.11627	172000
44	-427.8525	277.13153	419.4978	179.5176	836.8289	-546.9276	276.02264	355.09842	2444.0564	-2.1683226	151.85504	561.6647	561.9944	2664.5674	-2.2517705	325.77274	176000
45	-426.3295	273.57404	418.0691	178.33377	836.8289	-546.9276	282.604	361.15372	2444.0564	-2.1683226	153.71477	559.54254	559.27124	2664.5674	-2.2517705	322.90445	180000
46	-424.92252	270.1179	416.755	177.17151	836.8289	-546.9276	289.29663	374.82968	2505.271	-2.1683226	156.19695	564.89294	556.33777	2664.5674	-2.2517705	323.34348	184000
47	-423.60037	266.81168	415.52475	176.03069	836.8289	-546.9276	295.8421	386.76562	2505.271	-2.1683226	158.24916	556.89453	553.0577	2664.5674	-2.2517705	318.46594	188000
48	-422.31763	263.62054	414.33066	174.94386	836.8289	-546.9276	302.34653	396.77267	2505.271	-2.1683226	160.2671	566.4882	556.9802	2664.5674	-2.2517705	320.39166	192000
49	-421.1605	260.48502	413.25507	173.88548	836.8289	-546.9276	308.54242	405.61005	2568.49	-2.1683226	162.25166	563.3718	554.9277	2664.5674	-2.2517705	317.51633	196000
50	-420.1279	257.48212	412.29822	172.8283	836.8289	-546.9276	315.03305	414.78967	2568.49	-2.1683226	164.20361	575.8243	564.2404	2664.5674	-2.2517705	320.26	200000
51	-419.30087	254.8246	411.53168	171.77475	836.8289	-546.9276	317.10703	420.12332	2568.49	-2.1683226	165.31604	587.7759	581.2635	2664.5674	-2.2517705	324.1549	204000
52	-418.83032	252.39702	411.11578	170.75166	836.8289	-546.9276	319.37796	420.56958	2568.49	-2.1683226	167.47182	596.166	578.7575	2664.5674	-2.2517705	337.15192	208000
53	-418.4357	250.18153	410.7866	169.71025	836.8289	-546.9276	322.7099	424.82944	2568.49	-2.1683226	169.8718	600.8193	578.3357	2664.5674	-2.2517705	340.96225	212000
54	-417.93674	247.88268	410.35806	168.67053	836.8289	-546.9276	327.68546	429.279	2568.49	-2.1683226	171.56473	595.7642	574.141	2664.5674	-2.2517705	337.33517	216000
55	-417.3681	245.5739	409.85852	167.65628	836.8289	-546.9276	333.7743	437.52933	2620.9019	-2.1683226	173.50157	596.274	570.5492	2664.5674	-2.2517705	335.84546	220000
56	-416.78482	243.1842	409.34106	166.67122	836.8289	-546.9276	339.02505	441.17334	2620.9019	-2.1683226	175.0	611.95856	580.62695	2664.5674	-2.2517705	338.98392	224000
57	-416.21524	240.84897	408.83267	165.7349	836.8289	-546.9276	343.2053	442.66196	2620.9019	-2.1683226	175.79028	603.68396	578.8328	2664.5674	-2.2517705	334.2842	228000
58	-415.70782	238.77428	408.38495	164.83191	836.8289	-546.9276	348.32587	446.06415	2620.9019	-2.1683226	177.09924	607.4431	579.6807	2664.5674	-2.2517705	333.71036	232000
59	-415.2028	236.66328	407.9384	163.96535	836.8289	-546.9276	353.68625	452.6455	2620.9019	-2.1683226	178.38246	620.8724	592.8143	2820.34	-2.2517705	336.39493	236000
60	-414.7596	234.7412	407.55157	163.11726	836.8289	-546.9276	358.9925	457.87354	2620.9019	-2.1683226	179.64072	638.1141	606.0003	2820.34	-2.2517705	339.61166	240000
61	-414.28625	232.77077	407.13806	162.29086	836.8289	-546.9276	364.39954	465.93512	2854.6812	-2.1683226	181.27786	642.4756	607.37854	2820.34	-2.2517705	339.22787	244000
62	-413.78937	230.82317	406.69843	161.47668	836.8289	-546.9276	370.59988	470.92706	2854.6812	-2.1683226	182.89085	650.8324	611.2237	2820.34	-2.2517705	340.09354	248000
63	-413.28296	228.93123	406.24716	160.6772	836.8289	-546.9276	377.01282	477.85278	3013.183	-2.1683226	184.34528	656.6784	608.41034	2820.34	-2.2517705	339.59207	252000
64	-412.7253	226.87341	405.74744	159.90364	836.8289	-546.9276	383.18304	484.9178	3013.183	-2.1683226	185.9114	649.8958	607.5771	2820.34	-2.2517705	335.72968	256000
65	-412.14273	225.01498	405.2214	159.13704	836.8289	-546.9276	389.2265	490.804	3013.183	-2.1683226	187.5902	651.4621	606.5726	2820.34	-2.2517705	335.08923	260000
66	-411.53595	223.11798	404.67117	158.38783	836.8289	-546.9276	394.07874	496.18756	3013.183	-2.1683226	188.57143	658.6472	606.1673	2820.34	-2.2517705	335.45605	264000
67	-410.92096	221.28223	404.1095	157.66704	836.8289	-546.9276	398.7275	499.43573	3013.183	-2.1683226	189.39929	659.8733	601.79114	2820.34	-2.2517705	333.85223	268000
68	-410.34048	219.50606	403.57938	156.96227	836.8289	-546.9276	403.20773	499.41476	3013.183	-2.1683226	190.07687	677.5085	617.0362	2820.34	-2.2517705	337.30734	272000
69	-409.79974	217.84656	403.08832	156.26784	836.8289	-546.9276	408.87787	504.38208	3013.183	-2.1683226	191.53366	686.04205	625.4243	2872.7659	-2.2517705	339.0377	276000
70	-409.2794	216.15816	402.6166	155.58066	836.8289	-546.9276	413.47223	506.93384	3013.183	-2.1683226	192.83746	708.46545	652.9787	2872.7659	-2.2517705	345.80573	280000
71	-408.75055	214.57857	402.13824	154.90134	836.8289	-546.9276	419.40198	516.5343	3013.183	-2.1683226	194.65387	719.27203	658.5217	3090.665	-2.2517705	347.4366	284000
72	-408.20508	212.947	401.64188	154.24153	836.8289	-546.9276	424.99124	524.5051	3013.183	-2.1683226	196.05174	725.98334	656.8679	3090.665	-2.2517705	347.71945	288000
73	-407.66428	211.37238	401.1478	153.60124	836.8289	-546.9276	429.402	525.73474	3013.183	-2.1683226	196.89818	732.3505	654.72253	3090.665	-2.2517705	347.97397	292000
74	-407.12854	209.89185	400.65897	152.97797	836.8289	-546.9276	435.42392	533.7793	3013.183	-2.1683226	198.39142	748.246	670.5632	3349.7908	-2.2517705	350.8527	296000
75	-406.5986	208.2401	400.1745	152.37285	836.8289	-546.9276	441.70782	541.3312	3013.183	-2.1683226	200.0	762.67365	684.93774	3349.7908	-2.2517705	354.14932	300000
76	-406.09076	206.67401	399.71182	151.7739	836.8289	-546.9276	447.09317	545.90814	3013.183	-2.1683226	201.32451	760.2425	681.11346	3349.7908	-2.2517705	352.16315	304000
77	-405.58017	205.13965	399.246	151.18773	836.8289	-546.9276	452.86465	552.38434	3013.183	-2.1683226	202.89854	779.1911	699.2209	3349.7908	-2.2517705	356.9	308000
78	-405.10065	203.64845	398.8077	150.60956	836.8289	-546.9276	458.17972	557.5979	3013.183	-2.1683226	204.18848	789.32196	704.4697	3349.7908	-2.2517705	358.59103	312000
79	-404.65353	202.19649	398.40106	150.04443	836.8289	-546.9276	463.94095	563.3225	3145.6997	-2.1683226	205.59532	806.6415	718.769	3349.7908	-2.2517705	362.119	316000
80	-404.24057	200.7801	398.0278	149.48613	836.8289	-546.9276	469.15683	567.9373	3145.6997	-2.1683226	206.85197	812.9043	718.4893	3349.7908	-2.2517705	362.83374	320000
81	-403.87247	199.35599	397.69775	148.93842	836.8289	-546.9276	474.6336	572.4876	3145.6997	-2.1683226	208.22623	821.98645	720.58075	3349.7908	-2.2517705	364.68024	324000
82	-403.50677	198.07356	397.37112	148.40616	836.8289	-546.9276	480.01556	578.58276	3145.6997	-2.1683226	209.85284	830.9182	725.10864	3349.7908	-2.2517705	367.39267	328000
83	-403.139	196.70996	397.04285	147.8871	836.8289	-546.9276	483.94006	578.3263	3145.6997	-2.1683226	210.6599	836.844	723.7383	3349.7908	-2.2517705	368.02048	332000
84	-402.75546	195.40205	396.69888	147.38084	836.8289	-546.9276	489.01425	582.0786	3145.6997	-2.1683226	211.85371	841.99225	722.83167	3349.7908	-2.2517705	368.25714	336000
85	-402.36166	194.13728	396.34344	146.89265	836.8289	-546.9276	494.00095	585.87695	3145.6997	-2.1683226	213.03258	845.1639	721.5166	3349.7908	-2.2517705	368.03293	340000
86	-401.97522	192.8342	395.99417	146.41551	836.8289	-546.9276	499.86008	592.7301	3145.6997	-2.1683226	214.59763	847.2408	730.2491	3349.7908	-2.2517705	367.67325	344000
87	-401.606	191.58926	395.66132	145.943	836.8289	-546.9276	504.38977	598.5993	3145.6997	-2.1683226	215.74706	845.11066	732.9652	3349.7908	-2.2517705	366.04254	348000
88	-401.23373	190.30875	395.3259	145.47487	836.8289	-546.9276	509.31912	602.4571	3145.6997	-2.1683226	217.01604	846.6485	734.6816	3349.7908	-2.2517705	365.3932	352000
89	-400.85864	189.07451	394.9869	145.00862	836.8289	-546.9276	511.5718	603.31274	3145.6997	-2.1683226	217.20561	844.05743	736.08356	3349.7908	-2.2517705	363.69888	356000
90	-400.49084	187.86476	394.65366	144.54807	836.8289	-546.9276	514.7645	603.21246	3145.6997	-2.1683226	217.78584	847.7342	735.72144	3349.7908	-2.2517705	363.5778	360000
91	-400.13446	186.72572	394.3312	144.0984	836.8289	-546.9276	518.72876	607.0114	3145.6997	-2.1683226	218.4874	860.0959	744.40247	3482.6013	-2.2517705	365.83517	364000
92	-399.79483	185.56909	394.0246	143.6512	836.8289	-546.9276	522.8831	609.0961	3145.6997	-2.1683226	219.43947	865.1007	745.7419	3482.6013	-2.2517705	366.63586	368000
93	-399.5039	184.47226	393.76413	143.1982	836.8289	-546.9276	527.6519	614.1572	3180.3625	-2.1683226	220.64056	858.9682	744.05133	3482.6013	-2.2517705	364.02365	372000
94	-399.3559	183.59724	393.6276	142.78981	836.8289	-546.9276	528.1436	615.16095	3180.3625	-2.1683226	220.26949	850.242	744.85205	3482.6013	-2.2517705	360.46384	376000
95	-399.78088	183.381	394.0487	142.65282	836.8289	-546.9276	527.17535	616.27814	3180.3625	-2.1683226	220.28986	850.5855	741.8723	3482.6013	-2.2517705	365.38315	380000
96	-400.6433	183.4407	394.90817	142.82219	836.8289	-546.9276	527.74457	615.58014	3180.3625	-2.1683226	221.709	847.3802	740.67365	3482.6013	-2.2517705	366.2531	384000
97	-401.62125	183.41765	395.89886	143.09416	836.8289	-546.9276	531.3634	619.49744	3180.3625	-2.1683226	223.2451	867.47064	762.6909	3482.6013	-2.2517705	372.7866	388000
98	-402.52267	183.24693	396.81747	143.25845	836.8289	-546.9276	535.3768	624.0792	3180.3625	-2.1683226	224.64183	882.1944	775.4552	3482.6013	-2.2517705	378.31735	392000
99	-403.34827	183.14218	397.6594	143.32652	836.8289	-546.9276	536.5892	624.38354	3180.3625	-2.1683226	225.12791	893.79254	782.75073	3482.6013	-2.2517705	382.22324	396000
100	-404.06113	182.8959	398.39206	143.29399	836.8289	-546.9276	540.3072	627.32434	3180.3625	-2.1683226	226.37238	892.9951	778.97235	3482.6013	-2.2517705	381.279	400000
101	-404.63937	182.463	398.99274	143.1731	836.8289	-546.9276	542.7022	626.1253	3180.3625	-2.1683226	226.83885	888.602	776.77106	3482.6013	-2.2517705	379.35843	404000
102	-405.1081	181.97784	399.48257	143.01328	836.8289	-546.9276	544.3761	625.6021	3180.3625	-2.1683226	227.1715	881.19025	776.58997	3482.6013	-2.2517705	376.4647	408000
103	-405.5172	181.52502	399.9109	142.82875	836.8289	-546.9276	544.07776	624.27075	3180.3625	-2.1683226	227.37306	876.7141	774.16174	3482.6013	-2.2517705	374.81845	412000
104	-405.90686	181.11703	400.31873	142.63744	836.8289	-546.9276	546.0797	625.2137	3180.3625	-2.1683226	228.07018	884.18695	786.40076	3482.6013	-2.2517705	376.63367	416000
105	-406.24377	180.65747	400.67648	142.40811	836.8289	-546.9276	550.55084	631.2098	3180.3625	-2.1683226	229.63368	878.9654	784.585	3482.6013	-2.2517705	374.45523	420000
106	-406.50244	180.15086	400.95792	142.14575	836.8289	-546.9276	553.7419	632.7465	3180.3625	-2.1683226	230.81111	893.5585	797.68506	3482.6013	-2.2517705	379.2104	424000
107	-406.69876	179.55795	401.17734	141.86508	836.8289	-546.9276	556.9733	638.6092	3180.3625	-2.1683226	231.72713	890.3952	798.5423	3482.6013	-2.2517705	377.71774	428000
108	-406.83392	178.93457	401.33636	141.571	836.8289	-546.9276	561.6477	646.6276	3180.3625	-2.1683226	233.13545	896.9462	803.9322	3482.6013	-2.2517705	379.59073	432000
109	-406.92923	178.30055	401.4545	141.26025	836.8289	-546.9276	566.2445	653.1412	3180.3625	-2.1683226	234.5347	896.40594	800.9733	3482.6013	-2.2517705	378.7624	436000
110	-406.99658	177.72115	401.5439	140.949	836.8289	-546.9276	570.5379	657.89923	3180.3625	-2.1683226	235.6722	897.02783	798.10266	3482.6013	-2.2517705	378.14728	440000
111	-407.05786	177.11998	401.62686	140.63127	836.8289	-546.9276	574.16437	659.7947	3180.3625	-2.1683226	236.67377	905.5497	801.53436	3482.6013	-2.2517705	380.13153	444000
112	-407.09613	176.48814	401.68808	140.30153	836.8289	-546.9276	577.75684	664.6654	3186.9365	-2.1683226	237.53976	909.94354	802.7232	3482.6013	-2.2517705	380.79285	448000
113	-407.10165	175.94131	401.71503	139.96732	836.8289	-546.9276	581.2263	666.54144	3186.9365	-2.1683226	238.39662	909.416	801.02454	3482.6013	-2.2517705	379.8823	452000
114	-407.10056	175.37787	401.73502	139.63463	836.8289	-546.9276	584.091	668.1971	3187.6165	-2.1683226	238.99371	906.33997	799.2488	3482.6013	-2.2517705	378.20175	456000
115	-407.08597	174.79147	401.74225	139.3085	836.8289	-546.9276	588.22205	671.99774	3187.6165	-2.1683226	239.95827	906.6813	796.93176	3482.6013	-2.2517705	377.67566	460000
116	-407.0552	174.17982	401.7326	138.98787	836.8289	-546.9276	590.4423	671.33154	3187.6165	-2.1683226	240.4145	904.76874	794.08026	3482.6013	-2.2517705	376.58707	464000
117	-407.03384	173.58113	401.73117	138.66838	836.8289	-546.9276	594.1655	677.2225	3187.6165	-2.1683226	241.48607	905.75964	794.07715	3482.6013	-2.2517705	376.3051	468000
118	-407.0245	173.02232	401.7415	138.35078	836.8289	-546.9276	597.51807	679.6634	3187.6165	-2.1683226	242.29979	910.3	793.1415	3482.6013	-2.2517705	376.77118	472000
119	-407.0345	172.48396	401.77133	138.02637	836.8289	-546.9276	602.0188	683.6966	3187.6165	-2.1683226	243.47826	918.301	798.15607	3482.6013	-2.2517705	378.30673	476000
120	-407.0475	171.89685	401.80365	137.70377	836.8289	-546.9276	606.79565	689.6913	3205.769	-2.1683226	244.77307	923.5875	798.45667	3482.6013	-2.2517705	379.39334	480000
121	-407.0493	171.3266	401.82532	137.37993	836.8289	-546.9276	610.458	691.7649	3205.769	-2.1683226	245.68527	925.53864	801.2405	3482.6013	-2.2517705	379.32562	484000
122	-407.03015	170.77017	401.8276	137.05252	836.8289	-546.9276	613.748	692.4357	3205.769	-2.1683226	246.46465	929.06555	799.33295	3482.6013	-2.2517705	379.47214	488000
123	-406.97144	170.15921	401.79025	136.72644	836.8289	-546.9276	615.8022	690.74365	3205.769	-2.1683226	246.74022	933.37317	800.6781	3482.6013	-2.2517705	379.7691	492000
124	-406.88733	169.5764	401.72662	136.40277	836.8289	-546.9276	618.7483	692.1729	3205.769	-2.1683226	247.38155	942.79486	808.99664	3482.6013	-2.2517705	381.87985	496000
125	-406.79492	168.9197	401.65488	136.07545	836.8289	-546.9276	621.22845	692.1574	3205.769	-2.1683226	247.89291	948.4251	809.9722	3482.6013	-2.2517705	382.7968	500000
126	-406.69427	168.32108	401.57336	135.753	836.8289	-546.9276	621.3379	689.7566	3205.769	-2.1683226	247.66585	944.8241	808.7945	3482.6013	-2.2517705	381.2262	504000
127	-406.58972	167.76009	401.48846	135.44305	836.8289	-546.9276	622.0181	687.85205	3205.769	-2.1683226	247.56335	943.5313	807.1797	3482.6013	-2.2517705	380.25827	508000
128	-406.47644	167.21693	401.3949	135.14252	836.8289	-546.9276	620.6769	685.7974	3205.769	-2.1683226	246.747	943.4574	804.2118	3482.6013	-2.2517705	379.57343	512000
129	-406.3435	166.69217	401.2817	134.85234	836.8289	-546.9276	624.47986	688.41504	3231.2942	-2.1683226	247.71964	953.1265	814.5045	3499.2947	-2.2517705	381.67752	516000
130	-406.19955	166.14375	401.15704	134.56439	836.8289	-546.9276	626.9798	687.9978	3231.2942	-2.1683226	248.21002	954.2664	813.86914	3499.2947	-2.2517705	381.45306	520000
131	-406.033	165.56075	401.01144	134.28279	836.8289	-546.9276	631.2572	693.952	3525.1714	-2.1683226	249.28639	962.3502	817.33136	3499.2947	-2.2517705	382.99695	524000
132	-405.8546	164.92133	400.85306	134.01172	836.8289	-546.9276	635.2176	697.5131	3525.1714	-2.1683226	250.23697	972.1353	825.9446	3680.9758	-2.2517705	384.87198	528000
133	-405.67703	164.34305	400.69513	133.74565	836.8289	-546.9276	638.9488	700.6305	3525.1714	-2.1683226	251.06183	986.2751	840.7679	3680.9758	-2.2517705	388.00375	532000
134	-405.51514	163.78604	400.55103	133.47763	836.8289	-546.9276	642.29944	701.1106	3525.1714	-2.1683226	251.76138	1001.65656	860.6073	3680.9758	-2.2517705	391.53732	536000
135	-405.35388	163.2533	400.4091	133.2079	836.8289	-546.9276	646.9253	707.0229	3525.1714	-2.1683226	252.9274	1008.1499	863.30334	3680.9758	-2.2517705	392.89334	540000
136	-405.18396	162.73665	400.25757	132.9443	836.8289	-546.9276	649.9088	707.6078	3525.1714	-2.1683226	253.49487	1010.5272	863.39545	3680.9758	-2.2517705	393.01102	544000
137	-405.02332	162.2392	400.1148	132.68423	836.8289	-554.44336	653.70026	710.4573	3525.1714	-2.1683226	254.29234	1008.29755	861.31824	3680.9758	-2.2517705	391.7584	548000
138	-404.8598	161.69423	399.96933	132.43182	836.8289	-554.44336	654.8493	708.61975	3525.1714	-2.1683226	254.26071	1011.9222	860.23505	3680.9758	-2.2517705	392.03552	552000
139	-404.70874	161.16124	399.83588	132.18413	836.8289	-554.44336	657.9016	708.4972	3525.1714	-2.1683226	254.8121	1014.54346	859.38025	3680.9758	-2.2517705	392.07843	556000
140	-404.55814	160.62663	399.70316	131.94153	836.8289	-554.44336	660.50275	707.8161	3525.1714	-2.1683226	255.24156	1011.7509	857.5068	3680.9758	-2.2517705	390.74286	560000
141	-404.41248	160.1145	399.57416	131.70744	836.8289	-554.44336	663.75275	708.896	3525.1714	-2.1683226	255.89836	1020.8438	863.9497	3680.9758	-2.2517705	392.53546	564000
142	-404.27515	159.60007	399.45413	131.4726	836.8289	-554.44336	666.8488	711.1837	3525.1714	-2.1683226	256.54922	1023.7544	862.085	3680.9758	-2.2517705	392.6648	568000
143	-404.14307	159.12308	399.3389	131.23608	836.8289	-554.44336	668.735	711.56335	3525.1714	-2.1683226	256.84778	1026.3206	860.33105	3680.9758	-2.2517705	392.6937	572000
144	-404.01758	158.67038	399.22995	131.0012	836.8289	-554.44336	672.19073	715.271	3525.1714	-2.1683226	257.60287	1037.4878	871.845	3680.9758	-2.2517705	395.1104	576000
145	-403.89648	158.15605	399.12506	130.76768	836.8289	-554.44336	675.4358	718.0395	3525.1714	-2.1683226	258.23688	1041.5452	872.2814	3680.9758	-2.2517705	395.4655	580000
146	-403.79596	157.69174	399.0396	130.53029	836.8289	-554.44336	678.36176	719.4343	3525.1714	-2.1683226	258.75055	1055.1216	885.5307	3680.9758	-2.2517705	399.25067	584000
147	-403.69067	157.20634	398.95087	130.29129	836.8289	-554.44336	681.97504	721.9249	3525.1714	-2.1683226	259.60266	1054.8766	882.60754	3680.9758	-2.2517705	398.41632	588000
148	-403.57538	156.73262	398.85202	130.0588	836.8289	-554.44336	684.07715	722.3078	3525.1714	-2.1683226	259.87708	1050.9777	881.08276	3680.9758	-2.2517705	396.7277	592000
149	-403.44608	156.25674	398.73978	129.83437	836.8289	-554.44336	687.6998	726.4281	3525.1714	-2.1683226	260.7174	1056.4453	884.0318	3680.9758	-2.2517705	397.52283	596000
150	-403.30084	155.75102	398.61078	129.62065	836.8289	-554.44336	692.0632	733.5638	3525.1714	-2.1683226	261.89438	1059.0712	885.3758	3680.9758	-2.2517705	397.66333	600000
151	-403.15857	155.27728	398.48444	129.40565	836.8289	-554.44336	695.6578	737.1486	3525.1714	-2.1683226	262.72293	1073.1221	900.06525	3680.9758	-2.2517705	401.08344	604000
152	-403.01404	154.75528	398.35608	129.19257	836.8289	-554.44336	699.22723	740.168	3525.1714	-2.1683226	263.54572	1076.918	901.979	3680.9758	-2.2517705	401.5704	608000
153	-402.869	154.26703	398.2269	128.98492	836.8289	-554.44336	702.2039	741.36115	3525.1714	-2.1683226	264.13464	1077.499	903.28046	3680.9758	-2.2517705	401.29935	612000
154	-402.73752	153.81546	398.11035	128.7795	836.8289	-554.44336	701.53656	740.5216	3525.1714	-2.1683226	263.5858	1077.5197	902.7714	3680.9758	-2.2517705	400.82468	616000
155	-402.61966	153.38617	398.00684	128.58398	836.8289	-554.44336	703.5308	740.90155	3525.1714	-2.1683226	263.82977	1079.6562	901.8558	3680.9758	-2.2517705	400.89355	620000
156	-402.52167	152.94002	397.9229	128.39317	836.8289	-554.44336	705.72815	740.17633	3525.1714	-2.1683226	264.1829	1081.731	899.48047	3680.9758	-2.2517705	400.8186	624000
157	-402.436	152.46031	397.85156	128.20749	836.8289	-554.44336	708.19366	739.6522	3525.1714	-2.1683226	264.53244	1090.732	908.724	3734.6929	-2.2517705	402.69937	628000
158	-402.35806	152.06238	397.7875	128.01996	836.8289	-554.44336	710.52045	739.1241	3525.1714	-2.1683226	264.87845	1101.8573	919.52264	3734.6929	-2.2517705	405.3671	632000
159	-402.28094	151.63608	397.7245	127.83644	836.8289	-554.44336	712.9	740.7591	3525.1714	-2.1683226	265.221	1113.3219	930.4133	3734.6929	-2.2517705	407.88678	636000
160	-402.20422	151.23216	397.66168	127.659325	836.8289	-554.44336	715.82996	741.80096	3525.1714	-2.1683226	265.78073	1124.4578	939.82874	3734.6929	-2.2517705	410.52374	640000
161	-402.1288	150.84776	397.5999	127.48653	836.8289	-554.44336	719.8264	746.7646	3525.1714	-2.1683226	266.77713	1124.2512	936.9317	3734.6929	-2.2517705	409.79877	644000
162	-402.06467	150.40266	397.5489	127.31565	836.8289	-554.44336	723.3205	750.8474	3575.882	-2.1683226	267.5475	1126.5741	934.63336	3734.6929	-2.2517705	409.77716	648000
163	-402.0076	149.96169	397.50537	127.14662	836.8289	-554.44336	725.5641	750.44476	3575.882	-2.1683226	267.87183	1134.585	939.359	3734.6929	-2.2517705	411.50552	652000
164	-401.9477	149.53554	397.45865	126.98182	836.8289	-554.44336	727.43	749.5581	3575.882	-2.1683226	268.08337	1144.4546	946.8054	3734.6929	-2.2517705	413.5823	656000
165	-401.88687	149.12653	397.4113	126.817924	836.8289	-554.44336	730.56683	750.7562	3575.882	-2.1683226	268.72964	1150.7441	948.89154	3734.6929	-2.2517705	414.84726	660000
166	-401.82556	148.7234	397.36316	126.66015	836.8289	-554.44336	733.98364	755.1235	3682.0762	-2.1683226	269.48053	1159.4658	957.00714	3734.6929	-2.2517705	416.80722	664000
167	-401.77087	148.33395	397.32108	126.50448	836.8289	-554.44336	737.25555	757.68164	3682.0762	-2.1683226	270.22653	1170.6205	966.16046	3734.6929	-2.2517705	419.44373	668000
168	-401.71136	147.9675	397.27505	126.34837	836.8289	-554.44336	739.74457	759.6802	3682.0762	-2.1683226	270.7494	1168.5317	965.7651	3734.6929	-2.2517705	418.41846	672000
169	-401.6404	147.58794	397.21744	126.189705	836.8289	-554.44336	742.41064	760.4076	3682.0762	-2.1683226	271.26807	1170.0079	970.0113	3734.6929	-2.2517705	418.4	676000
170	-401.5596	147.2055	397.1499	126.02526	836.8289	-554.44336	745.7977	763.6852	3682.0762	-2.1683226	272.10886	1182.6323	981.3039	3734.6929	-2.2517705	421.5394	680000
171	-401.47287	146.82506	397.07663	125.8606	836.8289	-554.44336	747.76044	765.9107	3682.0762	-2.1683226	272.40143	1187.4451	982.03876	3734.6929	-2.2517705	422.3813	684000
172	-401.38336	146.41553	396.99982	125.69947	836.8289	-554.44336	750.93896	768.9138	3682.0762	-2.1683226	273.12427	1186.9365	979.2057	3734.6929	-2.2517705	421.68896	688000
173	-401.28897	146.01547	396.9186	125.54111	836.8289	-554.44336	753.8267	770.3818	3682.0762	-2.1683226	273.7342	1190.0571	979.42926	3734.6929	-2.2517705	422.03296	692000
174	-401.19293	145.62273	396.83557	125.38336	836.8289	-554.44336	756.978	772.754	3682.0762	-2.1683226	274.44794	1202.9587	992.26465	3734.6929	-2.2517705	425.04196	696000
175	-401.09494	145.2451	396.75076	125.22444	836.8289	-554.44336	760.2081	776.3838	3682.0762	-2.1683226	275.15723	1204.1643	990.12964	3734.6929	-2.2517705	424.93884	700000
176	-400.98343	144.87265	396.65244	125.06764	836.8289	-554.44336	763.3595	778.8789	3682.0762	-2.1683226	275.86206	1213.4521	998.0541	3752.3572	-2.2517705	426.9665	704000
177	-400.86493	144.5118	396.54684	124.9123	836.8289	-554.44336	765.8219	781.68524	3682.0762	-2.1683226	276.34662	1213.4098	995.5224	3752.3572	-2.2517705	426.40396	708000
178	-400.74432	144.11752	396.4389	124.7595	836.8289	-554.44336	767.25037	780.65564	3682.0762	-2.1683226	276.50485	1221.226	999.7074	3752.3572	-2.2517705	428.0298	712000
179	-400.62787	143.73549	396.335	124.60818	836.8289	-554.44336	770.07404	781.2809	3682.0762	-2.1683226	277.08978	1226.7483	1003.22876	3752.3572	-2.2517705	429.01675	716000
180	-400.51834	143.34378	396.2373	124.45952	836.8289	-554.44336	773.19196	784.27155	3682.0762	-2.1683226	277.77777	1230.0178	1004.0232	3752.3572	-2.2517705	429.3339	720000
181	-400.41904	142.9449	396.15012	124.31178	836.8289	-554.44336	775.81195	787.4158	3682.0762	-2.1683226	278.2475	1230.7035	1003.45154	3752.3572	-2.2517705	428.9359	724000
182	-400.32605	142.54977	396.0694	124.16726	836.8289	-554.44336	776.341	787.94586	3752.7659	-2.1683226	278.07486	1236.1884	1007.16956	3752.3572	-2.2517705	429.9022	728000
183	-400.2343	142.17445	395.98978	124.02261	836.8289	-554.44336	778.38434	788.88513	3752.7659	-2.1683226	278.327	1239.0227	1007.82916	3752.3572	-2.2517705	430.2896	732000
184	-400.14343	141.83443	395.91083	123.87953	836.8289	-554.44336	780.30945	788.3655	3752.7659	-2.1683226	278.57684	1246.1709	1013.45276	3752.3572	-2.2517705	431.74185	736000
185	-400.05768	141.47394	395.8365	123.740074	836.8289	-554.44336	783.03394	790.0564	3752.7659	-2.1683226	279.13995	1247.7073	1011.5355	3752.3572	-2.2517705	431.55676	740000
186	-399.9822	141.10379	395.77203	123.60451	836.8289	-554.44336	785.62354	790.6959	3752.7659	-2.1683226	279.59415	1260.0475	1022.73016	3752.3572	-2.2517705	434.54678	744000
187	-399.91403	140.72456	395.71512	123.47364	836.8289	-554.44336	789.0991	793.8551	3754.0986	-2.1683226	280.35983	1267.9419	1027.8851	3752.3572	-2.2517705	436.3417	748000
188	-399.84918	140.39116	395.6617	123.3406	836.8289	-554.44336	792.6145	798.8596	3754.0986	-2.1683226	281.22662	1276.4703	1037.0295	3752.3572	-2.2517705	438.2899	752000
189	-399.77948	140.04439	395.60376	123.20814	836.8289	-554.44336	795.87384	802.3559	3754.0986	-2.1683226	281.98434	1283.5183	1041.604	3752.3572	-2.2517705	439.96613	756000
190	-399.70126	139.69785	395.53708	123.07741	836.8289	-554.44336	799.63776	807.7573	3754.0986	-2.1683226	282.9486	1289.2842	1043.7391	3752.3572	-2.2517705	441.15106	760000
191	-399.61685	139.34746	395.46402	122.94721	836.8289	-554.44336	803.38947	812.5418	3754.0986	-2.1683226	283.90933	1294.5316	1046.0454	3752.3572	-2.2517705	442.14136	764000
192	-399.53458	139.00137	395.39264	122.815956	836.8289	-554.44336	805.7953	812.761	3754.0986	-2.1683226	284.33914	1300.2909	1048.3044	3752.3572	-2.2517705	443.3094	768000
193	-399.4604	138.63235	395.32928	122.69183	836.8289	-554.44336	809.55035	817.4082	3754.0986	-2.1683226	285.29193	1302.2708	1047.3315	3752.3572	-2.2517705	443.4948	772000
194	-399.40033	138.29518	395.27942	122.566414	836.8289	-554.44336	812.1723	819.22107	3754.0986	-2.1683226	285.81952	1313.6925	1056.6741	3752.3572	-2.2517705	446.24484	776000
195	-399.34427	137.98328	395.23407	122.44192	836.8289	-554.44336	815.3304	822.24725	3754.0986	-2.1683226	286.55402	1319.8496	1059.6493	3752.3572	-2.2517705	447.62668	780000
196	-399.2898	137.66385	395.1898	122.317	836.8289	-554.44336	817.3798	821.78217	3754.0986	-2.1683226	286.86426	1320.6089	1058.1956	3752.3572	-2.2517705	447.3709	784000
197	-399.24097	137.34106	395.15125	122.19092	836.8289	-554.44336	819.3687	823.04126	3754.0986	-2.1683226	287.172	1324.2046	1059.2615	3752.3572	-2.2517705	447.91675	788000
198	-399.19373	137.03497	395.11398	122.063416	836.8289	-554.44336	822.0456	824.49695	3754.0986	-2.1683226	287.68616	1323.5028	1057.8746	3752.3572	-2.2517705	447.3515	792000
199	-399.14346	136.7437	395.074	121.939926	836.8289	-554.44336	824.6536	824.8947	3754.0986	-2.1683226	288.19696	1328.1382	1060.6266	3752.3572	-2.2517705	448.24976	796000
200	-399.101	136.40825	395.04062	121.82399	836.8289	-554.44336	824.35474	822.869	3754.0986	-2.1683226	287.76978	1332.6818	1062.7148	3752.3572	-2.2517705	449.006	800000
201	-399.06723	136.1121	395.01654	121.712555	836.8289	-554.44336	826.6371	822.84125	3754.0986	-2.1683226	288.17206	1340.5676	1067.9081	3752.3572	-2.2517705	450.73233	804000
202	-399.04062	135.80733	394.9997	121.60408	836.8289	-554.44336	830.0784	826.30774	3754.0986	-2.1683226	288.98425	1350.7141	1075.4628	3752.3572	-2.2517705	453.10446	808000
203	-399.01086	135.5236	394.9799	121.493126	836.8289	-554.44336	832.6786	827.3015	3754.0986	-2.1683226	289.48306	1360.3389	1082.5615	3752.3572	-2.2517705	455.32806	812000
204	-398.9735	135.24318	394.95245	121.38388	836.8289	-554.44336	836.03156	830.6215	3754.0986	-2.1683226	290.28815	1363.3574	1082.2548	3752.3572	-2.2517705	455.76617	816000
205	-398.93457	134.92542	394.92337	121.27743	836.8289	-554.44336	838.81244	833.3086	3754.0986	-2.1683226	290.9865	1367.9806	1084.4583	3752.3572	-2.2517705	456.63513	820000
206	-398.89694	134.62599	394.8953	121.173416	836.8289	-554.44336	841.7649	836.9942	3754.0986	-2.1683226	291.68143	1377.4358	1091.0615	3752.3572	-2.2517705	458.983	824000
207	-398.8715	134.31456	394.87863	121.07087	836.8289	-554.44336	844.3133	839.1079	3754.0986	-2.1683226	292.26968	1384.052	1095.1202	3752.3572	-2.2517705	460.4918	828000
208	-398.85788	134.04688	394.87442	120.96496	836.8289	-554.44336	846.4046	840.9741	3754.0986	-2.1683226	292.64862	1393.889	1102.9109	3752.3572	-2.2517705	462.75192	832000
209	-398.84174	133.76619	394.86768	120.86109	836.8289	-554.44336	849.0843	842.9802	3754.0986	-2.1683226	293.23044	1395.7214	1101.6758	3752.3572	-2.2517705	462.77655	836000
210	-398.82596	133.47783	394.8609	120.75836	836.8289	-554.44336	850.3115	842.30145	3754.0986	-2.1683226	293.29608	1398.0906	1102.3362	3752.3572	-2.2517705	463.06	840000
211	-398.81482	133.21898	394.85873	120.65762	836.8289	-554.44336	852.97473	844.1735	3754.0986	-2.1683226	293.87186	1399.4496	1101.7925	3752.3572	-2.2517705	463.1564	844000
212	-398.79935	132.93764	394.85275	120.55406	836.8289	-554.44336	854.84644	844.2693	3754.0986	-2.1683226	294.2401	1399.1422	1100.5615	3752.3572	-2.2517705	462.7434	848000
213	-398.7842	132.64632	394.8466	120.45009	836.8289	-554.44336	857.96124	848.18353	3754.0986	-2.1683226	295.01385	1408.5752	1107.0587	3752.3572	-2.2517705	464.9446	852000
214	-398.7918	132.3829	394.86136	120.35327	836.8289	-554.44336	859.20337	847.42535	3754.0986	-2.1683226	295.17242	1405.7369	1106.4954	3752.3572	-2.2517705	463.93506	856000
215	-398.8244	132.13454	394.90164	120.25895	836.8289	-554.44336	860.9445	847.01135	3754.0986	-2.1683226	295.43112	1403.8618	1104.3668	3752.3572	-2.2517705	463.1279	860000
216	-398.85156	131.89037	394.93732	120.16661	836.8289	-554.44336	861.95483	845.9924	3754.0986	-2.1683226	295.58673	1405.5137	1103.8358	3752.3572	-2.2517705	463.5565	864000
217	-398.88013	131.63885	394.9741	120.07827	836.8289	-554.44336	864.2672	847.3255	3754.0986	-2.1683226	296.24573	1408.7903	1105.6365	3752.3572	-2.2517705	464.3387	868000
218	-398.90652	131.41805	395.00873	119.990875	836.8289	-554.44336	865.9806	847.7796	3754.0986	-2.1683226	296.59863	1413.864	1108.7241	3752.3572	-2.2517705	465.47247	872000
219	-398.92856	131.16869	395.03897	119.903854	836.8289	-554.44336	868.51917	849.7254	3754.0986	-2.1683226	297.1506	1418.3762	1109.195	3752.3572	-2.2517705	466.40503	876000
220	-398.95294	130.89412	395.07135	119.817085	836.8289	-554.44336	871.767	854.1812	3754.0986	-2.1683226	298.00204	1424.3082	1113.5775	3752.3572	-2.2517705	467.71863	880000
221	-398.98044	130.64125	395.10703	119.73115	836.8289	-554.44336	872.19507	855.3395	3754.0986	-2.1683226	297.94406	1421.3335	1112.306	3752.3572	-2.2517705	466.69955	884000
222	-399.00546	130.3984	395.14005	119.64328	836.8289	-554.44336	872.6674	854.6283	3754.0986	-2.1683226	297.88663	1418.5426	1110.6234	3752.3572	-2.2517705	465.67883	888000
223	-399.02917	130.1872	395.1711	119.55979	836.8289	-554.44336	873.7607	854.4636	3754.0986	-2.1683226	298.12836	1420.1975	1109.5752	3752.3572	-2.2517705	465.77444	892000
224	-399.06308	129.96004	395.2123	119.48305	836.8289	-554.44336	876.47156	856.42993	3754.0986	-2.1683226	298.76627	1424.5762	1111.1777	3752.3572	-2.2517705	466.93213	896000
225	-399.09604	129.73029	395.2528	119.40544	836.8289	-554.44336	878.57764	859.8775	3754.0986	-2.1683226	299.30164	1421.591	1112.2749	3752.3572	-2.2517705	465.88577	900000
226	-399.1221	129.51717	395.2871	119.32623	836.8289	-554.44336	877.35895	861.33405	3754.0986	-2.1683226	298.7442	1419.965	1113.2906	3752.3572	-2.2517705	465.23584	904000
227	-399.13794	129.28677	395.3114	119.24534	836.8289	-554.44336	879.6083	864.3957	3754.0986	-2.1683226	299.27487	1421.2842	1112.611	3752.3572	-2.2517705	465.3683	908000
228	-399.14932	129.0578	395.3306	119.159935	836.8289	-554.44336	880.63116	863.75903	3754.0986	-2.1683226	299.40906	1424.6226	1112.7488	3752.3572	-2.2517705	465.86273	912000
229	-399.16202	128.86067	395.35083	119.074104	836.8289	-554.44336	883.0033	864.91144	3754.0986	-2.1683226	299.9345	1434.3024	1119.8958	3752.3572	-2.2517705	468.17554	916000
230	-399.17172	128.63147	395.36865	118.99327	836.8289	-554.44336	885.83185	867.0971	3754.0986	-2.1683226	300.6536	1441.9707	1123.8909	3752.3572	-2.2517705	470.08914	920000
231	-399.1776	128.42151	395.38245	118.90981	836.8289	-554.44336	887.2968	869.25793	3754.0986	-2.1683226	300.87918	1447.8804	1127.5659	3752.3572	-2.2517705	471.47318	924000
232	-399.1876	128.19151	395.39993	118.82794	836.8289	-554.44336	889.69415	871.30334	3754.0986	-2.1683226	301.39655	1449.7662	1125.7491	3752.3572	-2.2517705	471.61768	928000
233	-399.19034	127.98858	395.41086	118.744835	836.8289	-554.44336	891.90485	872.69104	3754.0986	-2.1683226	301.91125	1449.8815	1123.6648	3752.3572	-2.2517705	471.34894	932000
234	-399.18634	127.76649	395.41455	118.65995	836.8289	-554.44336	891.2127	871.7457	3754.0986	-2.1683226	301.44928	1445.1361	1124.4305	3752.3572	-2.2517705	469.75598	936000
235	-399.18573	127.57005	395.4213	118.57744	836.8289	-554.44336	893.2561	871.86426	3754.0986	-2.1683226	301.86255	1447.6882	1124.4637	3752.3572	-2.2517705	470.20468	940000
236	-399.18558	127.350395	395.42865	118.498886	836.8289	-554.44336	895.9976	873.6773	3754.0986	-2.1683226	302.56412	1454.4989	1128.1068	3752.3572	-2.2517705	471.86484	944000
237	-399.19525	127.142235	395.44498	118.41941	836.8289	-554.44336	897.7485	876.2947	3754.0986	-2.1683226	302.9722	1457.1399	1130.1729	3752.3572	-2.2517705	472.38947	948000
238	-399.21823	126.92019	395.4748	118.33985	836.8289	-554.44336	900.4056	879.29877	3754.0986	-2.1683226	303.66827	1461.8176	1131.101	3752.3572	-2.2517705	473.33444	952000
239	-399.2354	126.7172	395.4993	118.26118	836.8289	-554.44336	902.62836	879.483	3754.0986	-2.1683226	304.168	1464.0446	1129.9037	3752.3572	-2.2517705	473.7837	956000
240	-399.24594	126.50786	395.51755	118.180664	836.8289	-554.44336	902.3457	878.17737	3754.0986	-2.1683226	303.89365	1462.5054	1127.9254	3752.3572	-2.2517705	473.13376	960000
241	-399.2465	126.29202	395.52573	118.10136	836.8289	-554.44336	903.6315	877.77405	3754.0986	-2.1683226	304.10095	1462.4926	1126.6495	3752.3572	-2.2517705	472.88132	964000
242	-399.2397	126.06625	395.52643	118.023026	836.8289	-554.44336	904.67224	876.6415	3754.0986	-2.1683226	304.21118	1468.8804	1129.1428	3752.3572	-2.2517705	474.5599	968000
243	-399.2306	125.85452	395.52457	117.943726	836.8289	-554.44336	907.2377	878.73175	3754.0986	-2.1683226	304.79773	1475.6339	1133.2158	3789.3433	-2.2517705	476.17368	972000
244	-399.2235	125.657585	395.52457	117.863266	836.8289	-554.44336	909.2836	878.97034	3754.0986	-2.1683226	305.19073	1476.4844	1131.8578	3789.3433	-2.2517705	476.14386	976000
245	-399.21683	125.44697	395.5252	117.78258	836.8289	-554.44336	910.5639	878.68994	3754.0986	-2.1683226	305.39108	1477.5464	1129.9329	3789.3433	-2.2517705	476.09958	980000
246	-399.20782	125.264915	395.52347	117.70012	836.8289	-554.44336	911.46924	877.53357	3754.0986	-2.1683226	305.49518	1477.0106	1127.7345	3789.3433	-2.2517705	475.65814	984000
247	-399.19577	125.09204	395.51862	117.61868	836.8289	-554.44336	912.51294	876.9714	3754.0986	-2.1683226	305.5985	1478.2246	1126.4426	3789.3433	-2.2517705	475.6834	988000
248	-399.17746	124.88493	395.50763	117.53908	836.8289	-554.44336	913.35065	876.5653	3754.0986	-2.1683226	305.6069	1472.3129	1128.0018	3789.3433	-2.2517705	473.82703	992000
249	-399.15955	124.708206	395.49667	117.46028	836.8289	-554.44336	914.21423	877.66846	3754.0986	-2.1683226	305.61523	1474.0068	1127.4413	3789.3433	-2.2517705	473.95383	996000
250	-399.14633	124.503006	395.49014	117.381775	836.8289	-554.44336	915.87463	878.057	3754.0986	-2.1683226	305.90396	1475.2875	1126.87	3789.3433	-2.2517705	473.9748	1000000
