epoch	pi-loss	v-loss	average-v-values	std-v-values	max-v-values	min-v-values	kl	average-episode-return	std-episode-return	max-episode-return	min-episode-return	episode-length	total-env-interacts
1	-0.0142899025	1027.98	4.64076	0.49155724	5.0110536	-0.5994312	0.015929721	42.908096	37.424477	191.77574	7.782551	41.934784	4000
2	-0.01404721	1499.2808	6.7107987	2.099656	8.832575	-0.5994312	0.015675694	54.68625	46.22757	217.73706	7.782551	48.326923	8000
3	-0.015150963	1843.8976	8.5981865	3.1723435	12.385188	-0.5994312	0.013296568	67.81514	51.472675	217.73706	7.782551	52.311928	12000
4	-0.014945327	2161.6316	10.399535	4.1572113	15.808227	-0.5994312	0.0117000835	79.114265	56.031445	235.53017	7.782551	55.92674	16000
5	-0.015161306	2463.5022	12.145926	5.1015162	19.134254	-0.5994312	0.010939088	88.77107	60.52863	243.4083	7.782551	58.833847	20000
6	-0.015579979	2849.0515	13.895788	6.0825944	22.646679	-0.5994312	0.01036399	99.218666	66.483536	246.32906	7.782551	62.377716	24000
7	-0.015538569	3104.346	15.614186	7.0306416	25.925564	-0.5994312	0.009914434	108.262764	69.92128	246.32906	7.782551	65.22927	28000
8	-0.015570455	3291.4678	17.289936	7.9314637	29.020885	-0.5994312	0.009599039	115.92054	72.611565	251.34502	7.782551	67.711754	32000
9	-0.01554163	3417.3472	18.913898	8.7759	31.906345	-0.5994312	0.009206964	122.33897	74.308556	257.7873	7.782551	69.633606	36000
10	-0.015340807	3542.9329	20.511265	9.606197	34.888176	-0.5994312	0.008963235	128.82088	75.611824	257.7873	7.782551	71.57036	40000
11	-0.015434965	3627.049	22.078123	10.413472	37.747124	-0.5994312	0.008853454	134.83847	76.506454	257.7873	7.782551	73.40734	44000
12	-0.015497078	3649.2012	23.599018	11.173544	40.32932	-0.5994312	0.008793599	139.62715	76.64904	257.7873	7.782551	74.867645	48000
13	-0.015378698	3675.937	25.085974	11.907004	42.929783	-0.5994312	0.008676297	144.5243	76.73303	257.7873	7.782551	76.32669	52000
14	-0.015599919	3673.062	26.535984	12.608836	45.38641	-0.5994312	0.008681568	148.21274	76.441864	257.7873	7.782551	77.42258	56000
15	-0.01567795	3670.5603	27.954277	13.28705	47.810677	-0.5994312	0.0085752765	152.09026	76.29021	272.3988	7.782551	78.5863	60000
16	-0.015639279	3665.4575	29.347298	13.950595	50.242813	-0.5994312	0.008437932	155.51169	76.00416	272.3988	7.782551	79.60756	64000
17	-0.015746871	3639.6533	30.709126	14.58918	52.49864	-0.5994312	0.008403152	158.64172	75.57318	272.3988	7.782551	80.521095	68000
18	-0.015947925	3602.4067	32.038506	15.200751	54.638237	-0.5994312	0.008358151	161.45784	74.946075	272.3988	7.782551	81.35503	72000
19	-0.01591268	3563.018	33.33655	15.787026	56.701572	-0.5994312	0.008365887	163.96996	74.27339	272.3988	7.782551	82.05989	76000
20	-0.015898114	3530.0437	34.609524	16.35718	58.796177	-0.5994312	0.008254806	166.43372	73.645775	272.3988	7.782551	82.762985	80000
21	-0.015851732	3490.0403	35.855274	16.90723	60.770493	-0.5994312	0.008199389	168.57684	73.02979	272.3988	7.782551	83.40187	84000
22	-0.015738172	3444.5625	37.073044	17.435694	62.64643	-0.5994312	0.008086152	170.648	72.30885	272.3988	7.782551	83.98604	88000
23	-0.015854847	3403.9966	38.267258	17.948845	64.54009	-0.5994312	0.00803478	172.63753	71.67891	272.3988	7.782551	84.576775	92000
24	-0.015938954	3365.752	39.441353	18.451096	66.44557	-0.5994312	0.008055529	174.46036	71.06827	272.3988	7.782551	85.09722	96000
25	-0.01599256	3324.0461	40.592777	18.937902	68.22718	-0.5994312	0.008010459	176.22127	70.44242	272.3988	7.782551	85.61394	100000
26	-0.01604047	3283.1848	41.722973	19.410906	69.977806	-0.5994312	0.008001605	177.77733	69.86779	272.3988	7.782551	86.09083	104000
27	-0.0161781	3230.3281	42.59715	19.680922	71.50031	-0.5994312	0.007976899	179.08098	69.28407	272.3988	7.782551	86.50251	108000
28	-0.016216429	3177.1692	43.394302	20.048233	73.59226	-1.5399865	0.0079728495	180.52827	68.838806	272.3988	7.782551	86.96107	112000
29	-0.016254118	3124.3774	44.190147	20.445477	75.808716	-2.385016	0.007952031	181.91702	68.37139	272.3988	7.782551	87.36643	116000
30	-0.016284132	3076.2202	45.000626	20.879908	78.06064	-2.4200153	0.007935641	183.49458	68.15281	296.23035	7.782551	87.84215	120000
31	-0.016325865	3031.3953	45.82234	21.328936	80.26216	-2.4200153	0.007942275	185.05063	68.07354	299.41425	7.782551	88.31767	124000
32	-0.016416436	2990.332	46.64287	21.795767	82.53475	-2.4200153	0.00797226	186.78389	68.11213	299.41425	7.782551	88.848946	128000
33	-0.01655296	2952.0212	47.477173	22.271935	84.80092	-6.4115057	0.008005451	188.47377	68.23525	309.1848	7.782551	89.38102	132000
34	-0.016645327	2907.8516	48.31609	22.748352	86.632324	-6.4115057	0.008021547	189.60117	68.18161	329.63684	7.782551	89.72464	136000
35	-0.016810402	2874.2964	49.166977	23.246061	88.9214	-6.4115057	0.008080901	191.3066	68.49369	329.63684	7.782551	90.24494	140000
36	-0.01689552	2846.0066	50.037434	23.795687	91.42013	-6.4115057	0.008119706	193.16663	69.028786	329.63684	7.782551	90.80911	144000
37	-0.016982198	2816.3914	50.904755	24.355408	93.83657	-6.4115057	0.008173931	194.99446	69.60523	342.27914	7.782551	91.370636	148000
38	-0.017064998	2788.7258	51.779163	24.922155	96.25182	-6.4115057	0.008210623	196.90364	70.28217	343.71683	7.782551	91.960075	152000
39	-0.017220147	2761.3542	52.65029	25.500322	98.67413	-6.4115057	0.00827238	198.77817	70.92825	358.75018	7.782551	92.51056	156000
40	-0.017256772	2734.98	53.54715	26.097418	100.89356	-6.4115057	0.008266313	200.44821	71.5628	358.75018	7.782551	92.97991	160000
41	-0.017420018	2714.026	54.444847	26.713951	103.42738	-6.4115057	0.008339228	202.37392	72.463455	364.0421	7.782551	93.540344	164000
42	-0.017579079	2697.1719	55.35486	27.334778	105.821014	-6.4115057	0.008380599	204.17462	73.484665	364.0421	7.782551	94.05399	168000
43	-0.017665677	2677.2473	56.270435	27.981035	108.489334	-6.4115057	0.008395852	206.1764	74.56777	364.0421	7.782551	94.647804	172000
44	-0.017752685	2655.5017	57.1821	28.629549	111.010895	-6.4115057	0.008429176	208.04012	75.49303	364.0421	7.782551	95.191475	176000
45	-0.01783858	2634.307	58.102707	29.298056	113.614944	-6.4115057	0.008464276	209.98262	76.50748	371.88766	7.782551	95.743286	180000
46	-0.01794248	2614.647	59.0357	29.980005	116.26431	-6.4115057	0.008497584	212.0347	77.69165	371.88766	7.782551	96.30672	184000
47	-0.017947627	2591.1423	59.967903	30.653248	118.64569	-6.4115057	0.008478666	213.8874	78.60434	371.88766	7.782551	96.82592	188000
48	-0.017976373	2569.489	60.898895	31.324497	120.99859	-6.4115057	0.00850758	215.78206	79.63656	390.92514	7.782551	97.347755	192000
49	-0.017996036	2548.6028	61.847923	32.007103	123.37904	-6.4115057	0.008509616	217.66599	80.64014	390.92514	7.782551	97.84684	196000
50	-0.018088035	2525.8362	62.7888	32.677128	125.37077	-6.4115057	0.008558159	219.29776	81.39975	390.92514	7.782551	98.29565	200000
51	-0.01813106	2502.7605	63.70568	33.320034	127.34189	-6.4115057	0.008633695	220.99652	82.23308	390.92514	7.782551	98.77812	204000
52	-0.01815775	2478.068	64.60773	33.96659	129.57092	-6.4115057	0.008650855	222.90933	83.23798	392.29266	7.782551	99.302925	208000
53	-0.018213127	2455.855	65.51846	34.619015	131.93803	-6.4115057	0.008702631	224.91588	84.387245	393.69745	7.782551	99.83946	212000
54	-0.018269805	2427.4924	66.39696	35.249916	133.95557	-6.4115057	0.008740754	226.67613	85.15111	397.16876	7.782551	100.33726	216000
55	-0.01802333	2409.837	67.315094	35.880703	135.80043	-6.4115057	0.0088740755	228.30725	85.99975	400.4251	7.782551	100.75737	220000
56	-0.018095506	2387.568	68.20544	36.50629	137.83493	-6.4115057	0.0088937	230.10493	86.94599	400.4251	7.782551	101.24368	224000
57	-0.01811086	2363.1792	69.09136	37.120415	139.7437	-6.4115057	0.008895401	231.73315	87.63719	400.4251	7.782551	101.66776	228000
58	-0.018112415	2337.38	69.95111	37.725796	141.77052	-6.4115057	0.008910039	233.42465	88.400345	401.29837	7.782551	102.11617	232000
59	-0.018118378	2315.6375	70.82349	38.3399	143.8966	-6.4115057	0.008935094	235.23488	89.33972	407.07916	7.782551	102.580734	236000
60	-0.01816793	2291.087	71.694016	38.950203	145.97784	-6.4115057	0.008948939	236.99936	90.15041	407.07916	7.782551	103.021286	240000
61	-0.017942322	2272.1743	72.58388	39.569088	148.03181	-6.4115057	0.009051086	238.76532	91.09041	407.07916	7.782551	103.44812	244000
62	-0.017731793	2250.6575	73.4535	40.168343	150.0037	-6.4115057	0.009158264	240.46811	91.8865	407.07916	7.782551	103.86661	248000
63	-0.017721279	2225.955	74.29778	40.75903	151.98547	-6.4115057	0.009148255	242.19093	92.64275	408.25906	7.782551	104.2993	252000
64	-0.017724369	2203.9417	75.15649	41.353287	153.9102	-6.4115057	0.009157119	243.85196	93.3937	411.33908	7.782551	104.701294	256000
65	-0.017737186	2180.3464	75.99755	41.93607	155.90971	-6.4115057	0.009179597	245.57874	94.17316	412.20944	7.782551	105.123085	260000
66	-0.017734418	2156.3992	76.832	42.51761	157.85803	-6.4115057	0.009186874	247.2605	94.887955	413.28516	7.782551	105.52736	264000
67	-0.01754176	2133.4885	77.66319	43.07838	159.45203	-6.4115057	0.009297797	248.76944	95.43509	413.28516	7.782551	105.89143	268000
68	-0.017420873	2121.1365	78.47859	43.571575	160.09036	-6.4115057	0.009467818	249.90247	95.77525	413.28516	7.782551	106.14579	272000
69	-0.017178481	2099.339	79.29378	44.10548	161.5754	-6.4115057	0.009558037	251.37216	96.29689	414.2708	7.782551	106.48843	276000
70	-0.017155556	2074.7544	80.09183	44.63422	163.24506	-6.4115057	0.009545452	252.84732	96.757324	414.2708	7.782551	106.82818	280000
71	-0.017128088	2050.8147	80.881584	45.152912	164.91606	-6.4115057	0.009554206	254.32602	97.24161	414.2708	7.782551	107.17309	284000
72	-0.01714171	2026.6289	81.65339	45.654915	166.43631	-6.4115057	0.009585671	255.67725	97.6295	418.6943	7.782551	107.49764	288000
73	-0.017145043	2004.39	82.42639	46.15684	167.99619	-6.4115057	0.009604072	257.1237	98.12243	418.6943	7.782551	107.839935	292000
74	-0.01719604	1982.7509	83.19627	46.649174	169.62875	-6.4115057	0.009648014	258.5297	98.621284	419.12457	7.782551	108.174934	296000
75	-0.01718386	1960.6206	83.95272	47.14109	171.36346	-6.4115057	0.0096582845	260.03458	99.17109	419.68317	7.782551	108.53176	300000
76	-0.017159902	1938.3804	84.70611	47.627846	172.98143	-6.4115057	0.009683038	261.4553	99.67029	451.50314	7.782551	108.87914	304000
77	-0.017209325	1916.7576	85.46092	48.110916	174.70163	-6.4115057	0.009662053	262.8145	100.19204	451.50314	7.782551	109.212234	308000
78	-0.01733481	1894.7719	86.20372	48.574986	176.1781	-6.4115057	0.009696874	264.04233	100.595276	451.50314	7.782551	109.52458	312000
79	-0.017342212	1873.6116	86.950035	49.044315	177.73775	-6.4115057	0.009697067	265.325	101.081276	451.50314	7.782551	109.85086	316000
80	-0.017415578	1856.511	87.70868	49.524265	179.3211	-6.4115057	0.009730672	266.71942	101.823265	653.7289	7.782551	110.21242	320000
81	-0.01749615	1837.8514	88.455666	49.99472	180.92984	-6.4115057	0.009768895	268.04977	102.49972	667.1233	7.782551	110.555435	324000
82	-0.017570294	1817.4113	89.195465	50.456375	182.41048	-6.4115057	0.009809366	269.33282	102.99561	667.1233	7.782551	110.89079	328000
83	-0.017613033	1797.3031	89.923096	50.905537	183.7551	-6.4115057	0.00983496	270.5644	103.42634	667.1233	7.782551	111.21161	332000
84	-0.01767669	1777.4573	90.65118	51.353382	185.10706	-6.4115057	0.009858098	271.80756	103.87375	667.1233	7.782551	111.52807	336000
85	-0.017689906	1758.0737	91.37649	51.798927	186.49927	-6.4115057	0.009875067	273.06918	104.35474	667.1233	7.782551	111.851776	340000
86	-0.01770666	1738.7213	92.09027	52.231712	187.71295	-6.4115057	0.009883107	274.2716	104.75442	667.1233	7.782551	112.15183	344000
87	-0.01774278	1719.611	92.78782	52.647034	188.74573	-6.4115057	0.009892332	275.42505	105.096725	667.1233	7.782551	112.44114	348000
88	-0.017784756	1704.2594	93.50376	53.08225	190.16743	-6.4115057	0.00991302	276.71555	105.894966	683.26556	7.782551	112.77793	352000
89	-0.017836522	1685.7864	94.188255	53.484856	191.15543	-6.4115057	0.009964597	277.85672	106.22522	683.26556	7.782551	113.068375	356000
90	-0.0178838	1669.9222	94.8864	53.89883	192.46457	-6.4115057	0.009985143	279.12772	106.897835	683.26556	7.782551	113.402405	360000
91	-0.017903984	1656.2703	95.60084	54.331585	194.39157	-6.4115057	0.009999938	280.5458	107.97245	694.7314	7.782551	113.77678	364000
92	-0.017763944	1642.8529	96.293335	54.742516	195.5592	-6.4115057	0.010069629	281.79068	108.67323	694.7314	7.782551	114.0951	368000
93	-0.017604493	1627.8646	96.96969	55.139057	196.76642	-6.4115057	0.010150284	283.09805	109.39194	694.7314	7.782551	114.43421	372000
94	-0.017663386	1614.9738	97.64115	55.530525	198.17456	-6.4115057	0.010202477	284.42682	110.23871	694.7314	7.782551	114.77616	376000
95	-0.017755112	1601.0763	98.29905	55.899517	198.97203	-6.4115057	0.010215623	285.4802	110.61819	694.7314	7.782551	115.04341	380000
96	-0.01778476	1588.5875	98.97278	56.293896	200.36584	-6.4115057	0.010238948	286.8179	111.54339	694.7314	7.782551	115.39674	384000
97	-0.017823866	1580.2893	99.71436	56.747993	203.4993	-6.4115057	0.010255863	288.35468	113.21527	694.7314	7.782551	115.79861	388000
98	-0.017862918	1572.3121	100.484886	57.243343	207.3802	-6.4115057	0.01027645	289.99097	115.13564	694.7314	7.782551	116.23077	392000
99	-0.017889842	1563.5804	101.25364	57.749596	210.4673	-6.4115057	0.010295711	291.65085	117.0109	694.7314	7.782551	116.669174	396000
100	-0.017946124	1553.9056	102.00177	58.240322	212.79341	-6.4115057	0.010328052	293.24756	118.61898	698.50275	7.782551	117.090256	400000
101	-0.018023463	1545.9022	102.83389	58.81165	216.67558	-6.4115057	0.010342021	294.98022	120.84577	698.50275	7.782551	117.54954	404000
102	-0.018064821	1538.4921	103.67952	59.3972	220.223	-6.4115057	0.010365949	296.8109	123.194046	698.50275	7.782551	118.03049	408000
103	-0.018113468	1528.9105	104.513535	59.985073	223.23708	-6.4115057	0.010381948	298.48788	125.22653	791.34875	7.782551	118.46814	412000
104	-0.018146323	1521.479	105.35421	60.574127	225.7375	-6.4115057	0.010395663	300.23087	127.28218	791.34875	7.782551	118.922	416000
105	-0.018223392	1510.9149	106.21191	61.180393	228.37337	-6.4115057	0.010415688	301.88016	129.25201	797.5195	7.782551	119.357185	420000
106	-0.018241916	1499.8373	107.08319	61.807682	230.98952	-6.4115057	0.010410129	303.57263	131.21634	797.5195	7.782551	119.80356	424000
107	-0.018286614	1488.2716	107.92693	62.407314	232.95605	-6.4115057	0.010437001	305.27893	133.0884	797.5195	7.782551	120.25698	428000
108	-0.01818465	1476.7361	108.78872	63.02045	235.07051	-6.4115057	0.010492731	306.9695	134.99823	797.5195	7.782551	120.70272	432000
109	-0.01807351	1472.286	109.6138	63.575954	235.59795	-6.4115057	0.010542611	308.59894	136.7541	797.5195	7.782551	121.13937	436000
110	-0.018132793	1460.7975	110.42724	64.12009	236.95782	-6.4115057	0.010550947	310.18805	138.41986	797.5195	7.782551	121.56315	440000
111	-0.018174237	1448.9575	111.259674	64.6855	238.63982	-6.4115057	0.010576768	311.83398	140.15408	797.5195	7.782551	122.00442	444000
112	-0.01819055	1437.2299	112.08174	65.237045	240.27487	-6.4115057	0.010592452	313.47223	141.85777	797.5195	7.782551	122.44536	448000
113	-0.018212251	1426.5624	112.84766	65.724045	241.24135	-6.4115057	0.010625029	315.0761	143.3007	797.5195	7.782551	122.86826	452000
114	-0.018227674	1414.7914	113.635475	66.22501	242.34079	-6.4115057	0.0106334	316.62866	144.78746	797.5195	7.782551	123.28808	456000
115	-0.018251725	1403.4956	114.41685	66.71831	243.6042	-6.4115057	0.010639569	318.13416	146.17744	797.5195	7.782551	123.68294	460000
116	-0.01827244	1392.6105	115.20768	67.22228	245.14616	-6.4115057	0.01067782	319.82056	147.99615	855.9639	7.782551	124.13912	464000
117	-0.01831981	1381.629	115.96984	67.689156	246.22868	-6.4115057	0.010706004	321.30972	149.33382	855.9639	7.782551	124.53562	468000
118	-0.018339282	1370.487	116.73997	68.160484	247.38562	-6.4115057	0.010724499	322.84543	150.71468	855.9639	7.782551	124.93933	472000
119	-0.018356355	1359.5886	117.503914	68.6262	248.70929	-6.4115057	0.010739953	324.39346	152.11342	855.9639	7.782551	125.34278	476000
120	-0.018395867	1348.727	118.250694	69.06824	249.78096	-6.4115057	0.0107706105	325.87622	153.36769	855.9639	7.782551	125.72848	480000
121	-0.018391687	1337.9728	118.983574	69.491104	250.55898	-6.4115057	0.010761672	327.324	154.53738	855.9639	7.782551	126.10593	484000
122	-0.018440986	1327.4187	119.71592	69.911705	251.49681	-6.4115057	0.010781793	328.8095	155.7775	855.9639	7.782551	126.49147	488000
123	-0.01830611	1317.036	120.42118	70.30298	252.35725	-6.4115057	0.010836662	330.23175	156.88487	855.9639	7.782551	126.85742	492000
124	-0.018169597	1306.8032	121.11771	70.688934	253.0066	-6.4115057	0.01088194	331.66794	158.02974	855.9639	7.782551	127.229	496000
125	-0.018043896	1296.6715	121.81659	71.06696	253.68637	-6.4115057	0.010924367	333.07938	159.10698	855.9639	7.782551	127.59039	500000
126	-0.01795581	1287.41	122.4544	71.39308	253.74954	-6.4115057	0.010957168	334.51303	160.09386	855.9639	7.782551	127.9588	504000
127	-0.017990397	1277.6182	123.112495	71.73317	254.32437	-6.4115057	0.010974597	335.8885	161.09665	855.9639	7.782551	128.31064	508000
128	-0.018006478	1267.9136	123.778534	72.073135	254.86086	-6.4115057	0.011008037	337.24377	162.05783	855.9639	7.782551	128.65886	512000
129	-0.018038332	1258.3477	124.44152	72.40725	255.39417	-6.4115057	0.011024038	338.60608	163.02058	855.9639	7.782551	129.00732	516000
130	-0.018048605	1248.9211	125.10078	72.7403	256.01767	-6.4115057	0.011034577	339.98877	164.02148	855.9639	7.782551	129.36356	520000
131	-0.018079739	1239.6089	125.75121	73.06293	256.51913	-6.4115057	0.011065573	341.34573	164.97414	855.9639	7.782551	129.71298	524000
132	-0.01809237	1230.7458	126.38001	73.36679	256.77237	-6.4115057	0.011095745	342.66827	165.8985	855.9639	7.782551	130.05673	528000
133	-0.018052626	1221.706	127.02235	73.680916	257.30368	-6.4115057	0.01112698	344.04968	166.89333	855.9639	7.782551	130.4146	532000
134	-0.018070608	1212.7977	127.65701	73.991646	257.83844	-6.4115057	0.0111462055	345.43433	167.88957	855.9639	7.782551	130.77739	536000
135	-0.017976142	1204.069	128.28687	74.29772	258.40656	-6.4115057	0.011177948	346.83163	168.91583	855.9639	7.782551	131.14372	540000
136	-0.017878814	1195.6996	128.91579	74.604324	259.30417	-6.4115057	0.011223221	348.27597	170.06407	886.00476	7.782551	131.52275	544000
137	-0.017770028	1187.5247	129.53215	74.90227	260.12427	-6.4115057	0.011256169	349.7741	171.32108	899.8879	7.782551	131.92822	548000
138	-0.017663099	1179.2441	130.13843	75.18811	260.53003	-6.4115057	0.011289069	351.20264	172.3966	899.8879	7.782551	132.3128	552000
139	-0.01761379	1171.2297	130.74014	75.47045	261.15897	-6.4115057	0.011318294	352.67017	173.57333	914.61005	7.782551	132.7085	556000
140	-0.017580153	1163.5107	131.33847	75.75045	261.8684	-6.4115057	0.01133575	354.19464	174.86464	914.61005	7.782551	133.12212	560000
141	-0.017506802	1155.95	131.93199	76.02902	262.99722	-6.4115057	0.011369125	355.74582	176.2298	914.61005	7.782551	133.54367	564000
142	-0.017423172	1148.5186	132.53645	76.31122	264.24838	-6.4115057	0.011394752	357.24384	177.61829	933.4274	7.782551	133.95251	568000
143	-0.017365996	1141.2396	133.11798	76.57884	265.01562	-6.4115057	0.011420306	358.8057	179.00862	933.4274	7.782551	134.3814	572000
144	-0.017314741	1133.9274	133.69556	76.84266	265.78705	-6.4115057	0.011446557	360.3795	180.4002	934.32697	7.782551	134.81415	576000
145	-0.017320486	1126.7748	134.28305	77.11168	266.84863	-6.4115057	0.011471869	361.87396	181.74731	934.32697	7.782551	135.22191	580000
146	-0.017365435	1119.9136	134.909	77.41077	269.46802	-6.4115057	0.0114974035	363.30545	183.24814	965.5964	7.782551	135.61325	584000
147	-0.017395165	1113.104	135.53725	77.716736	271.98663	-6.4115057	0.011523424	364.7416	184.73024	965.5964	7.782551	136.00554	588000
148	-0.01740623	1106.7644	136.17932	78.04439	274.55295	-6.4115057	0.011549225	366.17752	186.43925	1142.0759	7.782551	136.40593	592000
149	-0.017307755	1100.1058	136.80293	78.349945	275.90167	-6.4115057	0.011582707	367.6259	187.92995	1142.0759	7.782551	136.80196	596000
150	-0.017240807	1093.9177	137.49593	78.73299	279.5831	-6.4115057	0.011606765	369.2993	190.64563	1495.4067	7.782551	137.28015	600000
151	-0.017260272	1087.3604	138.15678	79.08291	281.25116	-6.4115057	0.0116292685	370.83936	192.55795	1495.4067	7.782551	137.7055	604000
152	-0.017196268	1080.6678	138.80974	79.4241	281.97232	-6.4115057	0.011660838	372.2996	194.15044	1495.4067	7.782551	138.10548	608000
153	-0.017124638	1074.2784	139.46387	79.76872	282.86905	-6.4115057	0.011686237	373.86548	196.17027	1495.4067	7.782551	138.54318	612000
154	-0.01702234	1068.2041	140.06906	80.060936	282.86905	-6.4115057	0.01171558	375.34183	197.77185	1495.4067	7.782551	138.9556	616000
155	-0.017053325	1062.1173	140.66446	80.33822	282.86905	-6.4115057	0.011736834	376.76648	199.15614	1495.4067	7.782551	139.35309	620000
156	-0.016974587	1056.0189	141.28633	80.64232	282.86905	-6.4115057	0.01176169	378.23184	200.79808	1495.4067	7.782551	139.76562	624000
157	-0.016913809	1049.806	141.94534	80.97294	283.5241	-6.4115057	0.011786564	379.7091	202.81079	1495.4067	7.782551	140.18831	628000
158	-0.016813198	1043.8202	142.60698	81.310905	286.33444	-6.4115057	0.011807401	381.18103	204.87903	1495.4067	7.782551	140.6043	632000
159	-0.016798414	1038.0623	143.30038	81.66488	289.26248	-6.4115057	0.011828235	383.0128	209.32285	1913.4707	7.782551	141.1668	636000
160	-0.016728375	1037.6306	143.99593	81.973694	289.26248	-6.4115057	0.0118611315	384.843	215.81296	2670.1184	7.782551	141.78094	640000
161	-0.016641404	1041.79	144.6911	82.24473	289.26248	-6.4115057	0.01189364	386.51123	222.6072	2706.2532	7.782551	142.3577	644000
162	-0.01665343	1036.0988	145.3886	82.57329	289.26248	-6.4115057	0.011912971	388.1579	228.15573	2706.2532	7.782551	142.88506	648000
163	-0.016582992	1030.366	146.10378	82.952614	292.33136	-6.4115057	0.011949117	389.6076	231.63281	2706.2532	7.782551	143.31445	652000
164	-0.016508777	1024.5431	146.6853	83.21627	292.72076	-6.4115057	0.01197205	391.18637	233.29372	2706.2532	7.782551	143.7555	656000
165	-0.016437331	1018.7268	147.26125	83.46421	292.8896	-6.4115057	0.012005868	392.68066	234.96976	2706.2532	7.782551	144.17982	660000
166	-0.01636024	1012.95605	147.86995	83.74168	293.16968	-6.4115057	0.0120353075	394.03842	236.42638	2706.2532	7.782551	144.56293	664000
167	-0.0162901	1007.22754	148.46793	84.01223	294.50058	-6.4115057	0.0120650595	395.49295	238.20425	2706.2532	7.782551	144.97437	668000
168	-0.016314968	1001.48615	149.01671	84.239136	294.50058	-6.4115057	0.012075982	397.00714	239.58014	2706.2532	7.782551	145.3956	672000
169	-0.016312718	995.91095	149.60703	84.49326	294.50058	-6.4115057	0.012093758	398.56583	241.64496	2706.2532	7.782551	145.84247	676000
170	-0.01624019	990.39514	150.17636	84.73131	294.54767	-6.4115057	0.012113479	399.8834	243.0783	2706.2532	7.782551	146.21541	680000
171	-0.016184071	993.8761	150.77887	84.89589	294.54767	-6.4115057	0.012135999	401.47452	248.8929	2744.5928	7.782551	146.75992	684000
172	-0.016203942	988.4373	151.30519	85.09159	294.54767	-6.4115057	0.012127922	402.69986	249.84142	2744.5928	7.782551	147.0983	688000
173	-0.01612402	983.2924	151.88358	85.30987	295.12534	-6.4115057	0.012153471	403.7169	250.7684	2744.5928	7.782551	147.38109	692000
174	-0.01605028	977.9659	152.40169	85.50631	295.53363	-6.4115057	0.012188054	405.22403	252.1044	2744.5928	7.782551	147.79892	696000
175	-0.015988184	980.0668	152.97325	85.66269	295.53363	-6.4115057	0.012224639	407.21664	259.328	2773.1746	7.782551	148.47458	700000
176	-0.015895592	974.859	153.4709	85.836784	295.53363	-6.4115057	0.0122524835	408.75766	260.62506	2773.1746	7.782551	148.90259	704000
177	-0.015835661	969.79553	154.03119	86.07087	296.43732	-6.4115057	0.012275743	410.1081	261.86148	2773.1746	7.782551	149.28127	708000
178	-0.015814656	964.57153	154.524	86.242134	296.43732	-6.4115057	0.0122938	411.54565	262.94653	2773.1746	7.782551	149.68402	712000
179	-0.015743682	959.46387	155.03929	86.43277	296.43732	-6.4115057	0.012311362	412.93808	264.09656	2773.1746	7.782551	150.07501	716000
180	-0.015725954	954.5979	155.54408	86.60144	296.43732	-6.4115057	0.012329258	414.1793	265.26883	2773.1746	7.782551	150.42459	720000
181	-0.015752815	949.51605	156.04135	86.77192	296.43732	-6.4115057	0.012336836	415.59506	266.48196	2773.1746	7.782551	150.82082	724000
182	-0.015768008	944.50446	156.55864	86.95838	296.43732	-6.4115057	0.0123545425	416.8359	267.54236	2773.1746	7.782551	151.16536	728000
183	-0.015709275	939.60706	157.08089	87.152145	297.22968	-6.4115057	0.012369363	418.3721	269.35617	2773.1746	7.782551	151.60614	732000
184	-0.01565028	934.7693	157.6305	87.36139	298.72937	-6.4115057	0.012387975	419.63098	270.83353	2773.1746	7.782551	151.9673	736000
185	-0.015577921	934.98663	158.18338	87.53951	298.72937	-6.4115057	0.012403609	421.43097	276.5667	2969.9575	7.782551	152.54404	740000
186	-0.0155020915	931.1047	158.69662	87.69791	298.72937	-6.4115057	0.012444861	423.09277	280.40836	2969.9575	7.782551	153.06105	744000
187	-0.015423129	926.5075	159.24396	87.89626	298.72937	-6.4115057	0.012468216	424.39038	282.85187	2969.9575	7.782551	153.44936	748000
188	-0.015346583	921.8816	159.70387	88.0356	298.72937	-6.4115057	0.012495455	425.788	284.0045	2969.9575	7.782551	153.84183	752000
189	-0.015285444	917.2374	160.23106	88.22327	299.8786	-6.4115057	0.012532476	427.06058	285.40018	2969.9575	7.782551	154.20374	756000
190	-0.015276806	912.8127	160.74	88.401375	301.30032	-6.4115057	0.012545925	428.3967	286.73065	2969.9575	7.782551	154.58902	760000
191	-0.015300138	908.513	161.24309	88.551155	301.30032	-7.975753	0.012554436	429.47943	287.8989	2969.9575	7.782551	154.9077	764000
192	-0.015250228	904.1448	161.75937	88.72552	301.46512	-7.975753	0.012593663	430.66968	289.62204	2969.9575	7.782551	155.25278	768000
193	-0.0151881715	903.6314	162.22014	88.83954	301.46512	-7.975753	0.012634743	432.27322	292.76135	2969.9575	7.782551	155.73935	772000
194	-0.01511535	907.0065	162.69286	88.90753	301.46512	-7.975753	0.012649751	433.87222	297.26663	2969.9575	7.782551	156.27657	776000
195	-0.015145744	902.728	163.18062	89.03715	301.46512	-7.975753	0.012656934	434.83655	298.06335	2969.9575	7.782551	156.54843	780000
196	-0.015089186	902.3026	163.65918	89.148636	301.46512	-7.975753	0.0126769515	436.462	302.0299	2969.9575	7.782551	157.07126	784000
197	-0.015031353	898.05817	164.11884	89.28329	301.46512	-7.975753	0.012712049	437.90396	303.6302	2969.9575	7.782551	157.4811	788000
198	-0.014958707	893.8259	164.55798	89.38699	301.46512	-7.975753	0.012730022	439.41998	306.45102	2969.9575	7.782551	157.93936	792000
199	-0.014894792	889.76447	165.05302	89.55239	303.58435	-7.975753	0.012752529	441.38977	310.86447	2983.3433	7.782551	158.53418	796000
200	-0.014840542	888.93787	165.56087	89.666595	303.58435	-7.975753	0.012765306	442.3552	313.0366	2983.3433	7.782551	158.85397	800000
201	-0.014762996	884.8212	166.07887	89.81883	304.14417	-7.975753	0.0127807995	443.6485	315.93494	2983.3433	7.782551	159.2499	804000
202	-0.014692696	884.6355	166.54144	89.92033	304.39606	-7.975753	0.012814941	445.2138	319.05252	2983.3433	7.782551	159.74448	808000
203	-0.014625103	880.50476	167.03001	90.07457	305.94116	-7.975753	0.01284561	446.77347	321.78836	2983.3433	7.782551	160.20786	812000
204	-0.014570732	876.3286	167.41194	90.15229	305.94116	-7.975753	0.012861432	448.05417	322.48044	2983.3433	7.782551	160.56618	816000
205	-0.014584118	872.25757	167.76506	90.20657	305.94116	-7.975753	0.012875242	449.3056	323.00128	2983.3433	7.782551	160.91658	820000
206	-0.014606358	868.1627	168.11562	90.26011	305.94116	-7.975753	0.012880971	450.5835	323.55872	2983.3433	7.782551	161.2755	824000
207	-0.014626526	864.0756	168.4575	90.305405	305.94116	-7.975753	0.012891986	451.80313	324.0329	2983.3433	7.782551	161.61797	828000
208	-0.014635229	860.0227	168.80965	90.36408	305.94116	-7.975753	0.012902351	453.12457	324.66327	2983.3433	7.782551	161.98415	832000
209	-0.014651592	855.9601	169.15686	90.419	305.94116	-7.975753	0.012913117	454.4231	325.22733	2983.3433	7.782551	162.34688	836000
210	-0.014645795	852.0126	169.52925	90.48387	305.94116	-7.975753	0.012931506	455.57648	325.89618	2983.3433	7.782551	162.6758	840000
211	-0.014623536	848.0423	169.86264	90.52646	305.94116	-7.975753	0.012952361	456.81952	326.40048	2983.3433	7.782551	163.02164	844000
212	-0.014602413	844.1629	170.19347	90.567856	305.94116	-7.975753	0.0129634775	458.02963	326.8637	2983.3433	7.782551	163.35498	848000
213	-0.014562588	840.29535	170.52574	90.614044	305.94116	-7.975753	0.012975259	459.22787	327.31284	2983.3433	7.782551	163.68442	852000
214	-0.01450797	836.4651	170.85338	90.6575	305.94116	-7.975753	0.012986147	460.3552	327.65228	2983.3433	7.782551	163.99329	856000
215	-0.014523927	832.6302	171.18623	90.70752	305.94116	-7.975753	0.012989847	461.5493	328.0758	2983.3433	7.782551	164.31848	860000
216	-0.01451662	828.85706	171.51186	90.752174	305.94116	-7.975753	0.013000594	462.8028	328.68796	2983.3433	7.782551	164.664	864000
217	-0.0144663965	825.1132	171.84656	90.81089	306.00043	-7.975753	0.013026339	464.1631	329.42877	2983.3433	7.782551	165.04323	868000
218	-0.0144403195	821.42554	172.17061	90.8589	306.00043	-7.975753	0.0130374385	465.42502	330.0081	2983.3433	7.782551	165.39476	872000
219	-0.014399537	817.7373	172.48695	90.89888	306.00043	-7.975753	0.01305946	466.65195	330.47745	2983.3433	7.782551	165.73593	876000
220	-0.014345731	814.0646	172.79935	90.93545	306.00043	-7.975753	0.013091853	467.82257	330.87665	2983.3433	7.782551	166.05913	880000
221	-0.014353521	810.48663	173.1074	90.969734	306.00043	-7.975753	0.013097737	468.96338	331.30212	2983.3433	7.782551	166.37343	884000
222	-0.014327436	806.9265	173.42198	91.013535	306.00043	-7.975753	0.013109023	470.25726	331.9188	2983.3433	7.782551	166.73497	888000
223	-0.014298805	803.3549	173.73051	91.04927	306.00043	-7.975753	0.013118151	471.4192	332.32394	2983.3433	7.782551	167.05338	892000
224	-0.014272057	799.80566	174.03772	91.08624	306.00043	-7.975753	0.0131375	472.603	332.74777	2983.3433	7.782551	167.3784	896000
225	-0.014224661	796.3204	174.33737	91.11829	306.00043	-7.975753	0.013152085	473.72644	333.10123	2983.3433	7.782551	167.6864	900000
226	-0.014166454	792.8442	174.64157	91.156654	306.2683	-7.975753	0.013160659	474.87396	333.4994	2983.3433	7.782551	167.99937	904000
227	-0.0141128665	789.4082	174.941	91.191795	306.50467	-7.975753	0.0132065555	476.12057	334.05206	2983.3433	7.782551	168.34535	908000
228	-0.014067425	786.05237	175.27808	91.2484	306.73303	-7.975753	0.013224932	477.1046	334.42462	2983.3433	7.782551	168.61833	912000
229	-0.014022886	782.7475	175.53871	91.25076	306.73303	-7.975753	0.013237097	478.04236	334.59946	2983.3433	7.782551	168.87268	916000
230	-0.013955255	782.37836	175.85638	91.27805	306.73303	-7.975753	0.01325663	479.39404	336.69702	2983.3433	7.782551	169.27661	920000
231	-0.013918832	779.07587	176.14653	91.30954	306.73303	-7.975753	0.013281838	480.5759	337.15442	2983.3433	7.782551	169.59984	924000
232	-0.013867199	775.7775	176.44902	91.354576	307.88675	-7.975753	0.013305432	481.76306	337.73077	2983.3433	7.782551	169.92766	928000
233	-0.013807239	772.53204	176.77301	91.404816	307.88675	-7.975753	0.013326786	482.86792	338.28186	2983.3433	7.782551	170.2381	932000
234	-0.013770774	769.2848	177.06439	91.43558	307.88675	-7.975753	0.013343718	483.9454	338.69632	2983.3433	7.782551	170.53746	936000
235	-0.01371958	766.0669	177.36497	91.47496	307.88675	-7.975753	0.013379388	485.06116	339.13602	2983.3433	7.782551	170.85008	940000
236	-0.013680482	762.85486	177.63672	91.49431	307.88675	-7.975753	0.013392818	486.17123	339.45856	2983.3433	7.782551	171.15715	944000
237	-0.013634772	759.68823	177.93762	91.53269	307.88675	-7.975753	0.013416594	487.26804	340.02905	2983.3433	7.782551	171.46863	948000
238	-0.013587085	756.55725	178.22278	91.55862	307.88675	-7.975753	0.013433598	488.39047	340.49277	2983.3433	7.782551	171.78645	952000
239	-0.013532877	753.4574	178.51538	91.589424	307.88675	-7.975753	0.013458341	489.44754	340.99353	2983.3433	7.782551	172.08675	956000
240	-0.01349278	750.4145	178.80424	91.62389	308.7445	-7.975753	0.0134949535	490.70157	341.7199	2983.3433	7.782551	172.44603	960000
241	-0.013453751	747.3436	179.08658	91.65048	308.7445	-7.975753	0.013548669	491.74402	342.19653	2983.3433	7.782551	172.74492	964000
242	-0.013410614	744.32306	179.44237	91.718315	310.99738	-7.975753	0.013568509	492.77167	343.15475	2983.3433	7.782551	173.04709	968000
243	-0.013366632	741.35297	179.72557	91.74994	312.17358	-7.975753	0.013576317	493.92575	343.93472	2983.3433	7.782551	173.37918	972000
244	-0.01332425	738.39874	180.0673	91.813225	312.17358	-7.975753	0.01358251	495.14767	345.2061	2983.3433	7.782551	173.74216	976000
245	-0.013280165	735.49225	180.43065	91.8803	312.92276	-7.975753	0.013597215	496.1937	346.50806	2983.3433	7.782551	174.05635	980000
246	-0.013236751	732.6061	180.71902	91.91264	312.92276	-7.975753	0.013603503	497.39618	347.3111	2983.3433	7.782551	174.40718	984000
247	-0.013208125	729.7186	181.00557	91.93613	312.9252	-7.975753	0.0136116715	498.4266	347.8884	2983.3433	7.782551	174.70926	988000
248	-0.0132230455	726.85913	181.26878	91.94971	313.20056	-7.975753	0.0136178	499.51154	348.44577	2983.3433	7.782551	175.02269	992000
249	-0.013242426	724.00726	181.49904	91.9457	313.20056	-7.975753	0.013625831	500.5728	348.7022	2983.3433	7.782551	175.32632	996000
250	-0.013215472	721.1899	181.7765	91.97017	313.20056	-7.975753	0.013635996	501.6579	349.26852	2983.3433	7.782551	175.63794	1000000
