epoch	pi-loss	v-loss	average-v-values	std-v-values	max-v-values	min-v-values	average-episode-return	std-episode-return	max-episode-return	min-episode-return	episode-length	total-env-interacts
1	0.023313463	147.13211	2.6839695	2.5875227	5.315878	-4.8481755	17.95764	16.901573	102.0038	3.264744	35.8	4000
2	0.024611348	188.8465	3.2091086	4.015578	8.539038	-6.7572975	18.432295	19.36448	175.75859	3.264744	36.444443	8000
3	0.01589094	240.14702	4.322765	5.1629925	12.225287	-6.7572975	20.188707	22.56558	178.51215	3.264744	37.92857	12000
4	0.015635865	225.07188	4.910403	5.720636	14.387138	-6.7572975	21.06906	22.672998	178.51215	3.264744	38.34398	16000
5	0.008859503	229.04924	5.623495	6.3000197	16.601542	-6.7572975	21.758345	23.284184	181.84741	3.264744	38.955914	20000
6	0.005124966	215.13367	5.990268	6.70764	18.16542	-6.7572975	21.878305	23.146284	181.84741	3.264744	38.79402	24000
7	0.0026088166	214.10446	6.644108	7.1793957	19.814018	-6.7572975	22.592337	23.549114	181.84741	3.264744	39.42341	28000
8	-0.0023282263	221.0145	7.345166	7.765928	22.466015	-6.7572975	23.599028	24.638323	181.84741	3.264744	39.942307	32000
9	0.00080801384	226.02254	8.088707	8.457972	24.807463	-6.7572975	24.491915	25.636564	181.84741	3.264744	40.37054	36000
10	-0.0040305285	239.44482	9.0045595	9.227425	27.518806	-6.7572975	25.716846	26.937881	181.84741	3.264744	40.95163	40000
11	-0.003905543	262.91592	10.156783	10.2193365	31.17913	-15.517628	27.424284	29.17909	190.9292	3.264744	41.875977	44000
12	-0.0066455603	281.21353	11.393221	11.259401	34.50266	-15.517628	29.117832	31.022589	190.9292	3.264744	42.663013	48000
13	-0.009931588	322.17157	12.673822	12.434373	39.044052	-15.517628	30.943531	34.123894	238.41408	3.264744	43.569706	52000
14	-0.009253113	346.2139	14.157194	13.686525	41.75836	-15.517628	32.830414	36.20072	238.41408	3.264744	44.370823	56000
15	-0.009792493	383.93936	15.854753	15.064613	45.4413	-20.32868	34.973698	38.65432	267.1891	3.264744	45.35386	60000
16	-0.012127366	391.9033	17.03447	15.772596	45.685925	-20.32868	36.443172	39.512527	267.1891	3.264744	45.891273	64000
17	-0.0141711915	395.50665	18.007673	16.22325	46.365074	-23.664555	37.776386	40.30872	267.1891	3.264744	46.421425	68000
18	-0.0149458945	399.7272	19.11504	16.744755	48.240738	-23.664555	39.450035	41.395565	267.1891	3.264744	47.103985	72000
19	-0.015978491	416.93405	20.370455	17.375875	50.534767	-23.664555	41.101418	42.870564	267.1891	3.264744	47.654144	76000
20	-0.015732925	422.15518	21.540375	17.922197	52.933945	-23.664555	42.806892	44.16994	293.65985	3.264744	48.183456	80000
21	-0.016860237	424.6805	22.63719	18.424202	54.335285	-23.664555	44.35048	45.075214	293.65985	3.264744	48.766647	84000
22	-0.017227245	425.24823	23.464165	18.63385	54.335285	-23.664555	45.48624	45.318005	293.65985	3.264744	49.057636	88000
23	-0.01775855	424.49457	24.386337	18.944582	55.331264	-23.664555	46.9902	45.813423	293.65985	3.264744	49.442223	92000
24	-0.016743338	429.3251	25.336422	19.289467	56.930023	-23.664555	48.487995	46.510414	293.65985	3.264744	49.939785	96000
25	-0.016982201	426.19592	26.133385	19.571117	58.3694	-23.664555	49.815315	47.073257	293.65985	3.264744	50.470005	100000
26	-0.017704654	422.0313	26.88523	19.802155	59.330738	-23.664555	51.105453	47.25912	293.65985	3.264744	50.717743	104000
27	-0.016281411	417.03015	27.60943	20.006727	60.07335	-23.664555	52.379066	47.33871	293.65985	3.264744	50.90453	108000
28	-0.015286473	413.5671	28.256756	20.130983	60.352924	-23.664555	53.497112	47.393192	293.65985	3.264744	51.18989	112000
29	-0.014603533	409.49402	28.861881	20.268913	61.033466	-23.664555	54.587547	47.46996	293.65985	3.264744	51.410446	116000
30	-0.01443262	406.98615	29.541029	20.452541	62.251083	-23.664555	55.81218	47.660065	293.65985	3.264744	51.664886	120000
31	-0.014870933	410.51794	30.255081	20.66743	63.089283	-23.664555	56.914837	48.07922	293.65985	3.264744	52.022125	124000
32	-0.014675814	409.25092	30.910536	20.86685	64.17316	-23.664555	57.967655	48.301895	293.65985	3.264744	52.284023	128000
33	-0.013352699	407.28384	31.517853	21.022146	64.82239	-23.664555	59.031982	48.490406	293.65985	3.264744	52.571487	132000
34	-0.013384043	409.49466	32.147648	21.231205	66.67103	-23.664555	60.10402	48.946575	293.65985	3.264744	52.89501	136000
35	-0.013464229	417.55087	32.68456	21.35121	67.6408	-23.664555	61.00282	49.35876	293.65985	3.264744	53.069386	140000
36	-0.0134224035	423.15607	33.31311	21.546165	68.55214	-23.664555	62.075123	49.841434	293.65985	3.264744	53.36374	144000
37	-0.012881603	424.9876	33.86779	21.675148	68.96672	-23.664555	62.96861	50.01367	293.65985	3.264744	53.57437	148000
38	-0.01216171	427.82263	34.322727	21.72745	68.96672	-23.664555	63.804604	50.12723	293.65985	3.264744	53.72641	152000
39	-0.011408615	436.99008	34.89978	21.9018	69.709274	-23.664555	64.68561	50.532967	293.65985	3.264744	53.908764	156000
40	-0.010977035	441.53656	35.4918	22.100971	71.710526	-23.664555	65.68617	51.077076	293.65985	3.264744	54.227016	160000
41	-0.011995951	447.7455	36.04417	22.251272	72.1502	-23.664555	66.58677	51.508038	293.65985	3.264744	54.50688	164000
42	-0.012214905	456.73846	36.677864	22.527136	75.39689	-23.664555	67.68888	52.287205	293.65985	3.264744	54.819992	168000
43	-0.012614818	464.25354	37.28976	22.790598	77.04132	-23.664555	68.66118	52.91953	293.65985	3.264744	55.121433	172000
44	-0.013228205	470.70535	37.900864	23.077837	79.28678	-23.664555	69.68916	53.604256	293.65985	3.264744	55.441616	176000
45	-0.013368121	477.88608	38.536823	23.376102	80.98063	-23.664555	70.799644	54.276043	293.65985	3.264744	55.734444	180000
46	-0.013584558	484.9091	39.1201	23.61937	81.86488	-23.664555	71.691536	54.778755	293.65985	3.264744	55.952713	184000
47	-0.013977497	494.1112	39.70119	23.849228	82.5571	-23.664555	72.63381	55.417797	293.65985	3.264744	56.218605	188000
48	-0.014141601	500.99472	40.21808	24.031445	82.9343	-23.664555	73.47948	55.84168	293.65985	3.264744	56.445732	192000
49	-0.014308576	509.40665	40.85034	24.391922	87.48853	-33.75804	74.47901	56.713303	293.65985	3.264744	56.734535	196000
50	-0.014774919	518.1752	41.439983	24.663815	87.48853	-33.75804	75.29704	57.324066	300.89664	3.264744	57.026043	200000
51	-0.014894835	526.723	42.004047	24.920782	87.48853	-33.75804	76.16633	57.985054	300.89664	3.264744	57.28767	204000
52	-0.0148776565	534.3484	42.63104	25.265377	89.11902	-33.75804	77.16057	58.729362	300.89664	3.264744	57.584362	208000
53	-0.015856601	538.66235	43.15469	25.480965	89.11902	-33.75804	78.04361	59.234318	300.89664	3.264744	57.874718	212000
54	-0.015936105	546.39954	43.70673	25.733038	89.335075	-33.75804	78.986946	59.870792	300.89664	3.264744	58.13583	216000
55	-0.01682054	552.15186	44.26279	26.007381	91.70961	-33.75804	79.94436	60.517452	300.89664	3.264744	58.443157	220000
56	-0.017330673	557.033	44.88591	26.376516	94.999916	-33.75804	80.977264	61.326378	300.89664	3.264744	58.790894	224000
57	-0.017669944	561.4066	45.418602	26.659971	95.968056	-33.75804	81.853905	61.957012	300.89664	3.264744	59.057304	228000
58	-0.018441934	567.2416	46.00804	26.992298	96.852295	-33.75804	82.78516	62.683758	324.52408	3.264744	59.360977	232000
59	-0.018875629	570.5588	46.565697	27.289719	96.94989	-33.75804	83.73027	63.249954	324.52408	3.264744	59.66299	236000
60	-0.019423358	571.8305	47.085617	27.543274	97.665405	-33.75804	84.689354	63.85856	324.52408	3.264744	60.0252	240000
61	-0.019464279	574.1968	47.55767	27.741537	98.51377	-33.75804	85.553986	64.29012	324.52408	3.264744	60.2797	244000
62	-0.019705903	576.92224	48.046715	27.967333	98.51377	-33.75804	86.39811	64.70015	324.52408	3.264744	60.535007	248000
63	-0.019591346	577.35767	48.55689	28.231178	100.19925	-33.75804	87.330894	65.22877	324.52408	3.264744	60.833668	252000
64	-0.020149333	578.87573	49.091297	28.528238	101.72289	-33.75804	88.28558	65.825356	324.52408	3.264744	61.13626	256000
65	-0.020118393	579.59436	49.61999	28.817049	103.75119	-33.75804	89.239655	66.380745	324.52408	3.264744	61.434677	260000
66	-0.02057938	578.297	50.16521	29.149702	107.150024	-33.75804	90.2852	67.02795	324.52408	3.264744	61.766895	264000
67	-0.020198995	575.1606	50.725285	29.514292	110.428	-33.75804	91.26515	67.603714	324.52408	3.264744	62.061386	268000
68	-0.020498078	573.59534	51.276848	29.867401	111.31176	-33.75804	92.26837	68.20934	324.52408	3.264744	62.380543	272000
69	-0.020426037	571.10803	51.80286	30.19117	112.31295	-33.75804	93.198494	68.74074	324.52408	3.264744	62.674854	276000
70	-0.020707032	570.2251	52.289394	30.478954	113.146034	-33.75804	94.0988	69.24938	324.52408	3.264744	62.95208	280000
71	-0.020696754	568.1623	52.76252	30.768269	114.00964	-33.75804	94.95452	69.724434	324.52408	3.264744	63.235294	284000
72	-0.020500071	567.1654	53.238808	31.020338	114.00964	-33.75804	95.88792	70.18482	324.52408	3.264744	63.54095	288000
73	-0.021016892	563.07275	53.757275	31.352982	116.26447	-33.75804	96.82324	70.72812	324.52408	3.264744	63.847622	292000
74	-0.021438044	561.7536	54.23185	31.620974	116.26447	-33.75804	97.66736	71.18829	324.52408	3.264744	64.104324	296000
75	-0.021627935	557.20447	54.728966	31.93614	118.65002	-33.75804	98.63556	71.713806	324.52408	3.264744	64.40965	300000
76	-0.021466112	555.11993	55.153896	32.16082	118.65002	-33.75804	99.445526	72.1299	324.52408	3.264744	64.70549	304000
77	-0.021278735	551.20746	55.620987	32.41861	118.65002	-33.75804	100.33694	72.55287	324.52408	3.264744	64.99385	308000
78	-0.021292675	547.3146	56.066166	32.665005	118.765785	-33.75804	101.22658	72.95885	324.52408	3.264744	65.28783	312000
79	-0.021431591	542.88	56.534935	32.943413	120.506966	-33.75804	102.13808	73.427666	324.52408	3.264744	65.5892	316000
80	-0.021875521	539.06934	56.973564	33.191875	120.506966	-33.75804	102.98143	73.795494	324.52408	3.264744	65.85454	320000
81	-0.021581218	535.5167	57.394035	33.414333	120.506966	-33.75804	103.85055	74.16133	324.52408	3.264744	66.1198	324000
82	-0.02115311	532.50183	57.809456	33.629337	120.506966	-33.75804	104.692345	74.50259	324.52408	3.264744	66.378555	328000
83	-0.021130983	527.94183	58.215176	33.84494	121.0969	-33.75804	105.53105	74.869995	324.52408	3.264744	66.65371	332000
84	-0.021183094	524.30255	58.613823	34.040432	121.64958	-33.75804	106.33232	75.16382	324.52408	3.264744	66.90423	336000
85	-0.020725362	518.8558	59.02941	34.273453	123.548935	-33.75804	107.205444	75.531876	324.52408	3.264744	67.181404	340000
86	-0.021023275	514.59375	59.438107	34.491634	123.548935	-33.75804	108.032295	75.8728	324.52408	3.264744	67.444695	344000
87	-0.020766143	511.1671	59.823925	34.672607	123.548935	-33.75804	108.81144	76.16018	324.52408	3.264744	67.6938	348000
88	-0.020226188	507.02637	60.205467	34.86137	123.548935	-33.75804	109.597496	76.45741	324.52408	3.264744	67.945335	352000
89	-0.019770099	502.22754	60.582775	35.046898	123.548935	-33.75804	110.389946	76.76981	324.52408	3.264744	68.213646	356000
90	-0.019495651	498.77026	60.943672	35.20796	123.548935	-33.75804	111.12673	77.02852	324.52408	3.264744	68.447525	360000
91	-0.019673122	495.11157	61.316303	35.386772	123.548935	-33.75804	111.90604	77.3406	324.52408	3.264744	68.712204	364000
92	-0.019809248	491.57175	61.683212	35.556293	123.67501	-33.75804	112.66311	77.65043	324.52408	3.264744	68.96467	368000
93	-0.019785784	488.1655	62.020317	35.707333	124.33459	-33.75804	113.388466	77.89931	324.52408	3.264744	69.183846	372000
94	-0.019718768	485.28806	62.341347	35.826324	124.33459	-33.75804	114.08497	78.10855	324.52408	3.264744	69.41969	376000
95	-0.019936562	482.32986	62.665573	35.951843	124.33459	-33.75804	114.77216	78.31855	324.52408	3.264744	69.64458	380000
96	-0.019816076	478.83304	63.00699	36.098972	124.33459	-33.75804	115.483185	78.586044	324.52408	3.264744	69.88636	384000
97	-0.019999374	476.721	63.310867	36.212765	124.33459	-33.75804	116.13496	78.76096	324.52408	3.264744	70.07401	388000
98	-0.019729417	472.78995	63.634686	36.355015	125.33808	-33.75804	116.8884	79.03704	324.52408	3.264744	70.32803	392000
99	-0.019584848	469.1409	63.94815	36.474327	125.33808	-33.75804	117.562836	79.23668	324.52408	3.264744	70.5602	396000
100	-0.019695256	465.8425	64.2459	36.59324	125.35771	-33.75804	118.2381	79.4054	324.52408	3.264744	70.76513	400000
101	-0.019842431	461.38885	64.55559	36.727898	127.0906	-33.75804	118.92837	79.59978	324.52408	3.264744	70.98332	404000
102	-0.019962154	457.955	64.83634	36.852524	127.0906	-33.75804	119.57575	79.80259	324.52408	3.264744	71.20207	408000
103	-0.02003091	454.5435	65.14205	36.974945	127.47439	-33.75804	120.22722	79.99457	324.52408	3.264744	71.42023	412000
104	-0.019905828	450.9738	65.42084	37.07571	127.47439	-33.75804	120.85576	80.13934	324.52408	3.264744	71.626526	416000
105	-0.019857548	447.29196	65.71108	37.193295	128.39227	-33.75804	121.50849	80.30259	324.52408	3.264744	71.82253	420000
106	-0.019705331	444.1612	65.995575	37.301	128.39227	-33.75804	122.1502	80.45431	324.52408	3.264744	72.023056	424000
107	-0.019783104	440.38977	66.28142	37.413784	129.05605	-33.75804	122.7832	80.60138	324.52408	3.264744	72.21748	428000
108	-0.019724837	437.80716	66.54548	37.498856	129.05605	-33.75804	123.400894	80.7599	324.52408	3.264744	72.42952	432000
109	-0.019543895	434.79816	66.81208	37.588196	129.05605	-33.75804	124.02025	80.897736	324.52408	3.264744	72.62798	436000
110	-0.01955563	431.69547	67.06018	37.672253	129.05605	-33.75804	124.632034	80.98508	324.52408	3.264744	72.80159	440000
111	-0.019442847	428.4316	67.30816	37.760406	129.06638	-33.75804	125.21492	81.1039	324.52408	3.264744	72.97029	444000
112	-0.019017002	425.48703	67.557655	37.843956	129.06638	-33.75804	125.80548	81.20625	324.52408	3.264744	73.14898	448000
113	-0.019011253	423.8366	67.77337	37.89475	129.06638	-33.75804	126.353615	81.27871	324.52408	3.264744	73.312035	452000
114	-0.018823035	421.37372	68.010895	37.967445	129.06638	-33.75804	126.92517	81.37649	324.52408	3.264744	73.487114	456000
115	-0.018594354	418.8244	68.25054	38.04228	129.06638	-33.75804	127.500175	81.48499	324.52408	3.264744	73.66957	460000
116	-0.018295154	415.60892	68.49013	38.126064	129.28719	-33.75804	128.08339	81.6003	324.52408	3.264744	73.854744	464000
117	-0.017968407	412.32556	68.72718	38.21412	130.63188	-33.75804	128.6879	81.72262	324.52408	3.264744	74.044815	468000
118	-0.0177408	409.13257	68.96255	38.29659	130.82018	-33.75804	129.25436	81.82162	324.52408	3.264744	74.22111	472000
119	-0.017847355	406.2515	69.187744	38.374073	130.82018	-33.75804	129.8316	81.911156	324.52408	3.264744	74.38752	476000
120	-0.017805774	403.51855	69.411514	38.444977	130.82018	-33.75804	130.39673	82.00907	324.52408	3.264744	74.56911	480000
121	-0.018008005	400.9804	69.625565	38.51194	130.82018	-33.75804	130.93846	82.085014	324.52408	3.264744	74.73329	484000
122	-0.017786475	397.76147	69.84506	38.591408	131.33356	-33.75804	131.51733	82.170334	324.52408	3.264744	74.901474	488000
123	-0.017769136	394.73996	70.06082	38.6622	131.33356	-33.75804	132.0577	82.23601	324.52408	3.264744	75.063805	492000
124	-0.017634584	392.57416	70.264435	38.720078	131.33356	-33.75804	132.58067	82.30391	324.52408	3.264744	75.223755	496000
125	-0.0176521	389.76068	70.47033	38.782074	131.33356	-33.75804	133.0935	82.38052	324.52408	3.264744	75.391106	500000
126	-0.01750062	386.76254	70.676025	38.84855	131.33356	-33.75804	133.6206	82.44769	324.52408	3.264744	75.55481	504000
127	-0.01755819	384.6014	70.87333	38.901558	131.33356	-33.75804	134.12283	82.49187	324.52408	3.264744	75.70377	508000
128	-0.017338831	381.76154	71.0779	38.965885	131.33356	-33.75804	134.63634	82.55137	324.52408	3.264744	75.86	512000
129	-0.017363228	379.50357	71.272606	39.015564	131.33356	-33.75804	135.12682	82.60505	324.52408	3.264744	76.01681	516000
130	-0.01746435	377.58005	71.44432	39.046112	131.33356	-33.75804	135.59946	82.64169	324.52408	3.264744	76.175255	520000
131	-0.017398367	374.87418	71.63405	39.100273	131.33356	-33.75804	136.10278	82.6966	324.52408	3.264744	76.33989	524000
132	-0.017152028	372.08185	71.82378	39.157986	131.33356	-33.75804	136.6057	82.7531	324.52408	3.264744	76.49803	528000
133	-0.017115569	369.37714	72.01045	39.214115	131.60512	-33.75804	137.09532	82.79617	324.52408	3.264744	76.65022	532000
134	-0.017369067	367.14978	72.1837	39.25331	131.60512	-33.75804	137.55199	82.81618	324.52408	3.264744	76.79508	536000
135	-0.017072236	364.94257	72.36271	39.29868	131.60512	-33.75804	138.03204	82.8824	324.52408	3.264744	76.96135	540000
136	-0.017372053	362.42508	72.53933	39.349106	131.60512	-33.75804	138.52217	82.937645	324.52408	3.264744	77.127655	544000
137	-0.017435037	359.98123	72.714935	39.393986	131.60512	-33.75804	138.97615	82.984474	324.52408	3.264744	77.280754	548000
138	-0.0170938	357.4837	72.88484	39.438763	131.60512	-33.75804	139.43701	83.0404	324.52408	3.264744	77.44467	552000
139	-0.01689631	355.5005	73.03883	39.470406	131.60512	-33.75804	139.8748	83.068535	324.52408	3.264744	77.59722	556000
140	-0.01685106	353.4059	73.19613	39.505062	131.71422	-33.75804	140.3218	83.09625	324.52408	3.264744	77.745056	560000
141	-0.016982527	350.9621	73.36264	39.550915	132.46243	-33.75804	140.78607	83.14394	324.52408	3.264744	77.90262	564000
142	-0.016869519	348.52832	73.52933	39.59773	132.67145	-33.75804	141.24301	83.1716	324.52408	3.264744	78.04664	568000
143	-0.016948923	346.35983	73.68589	39.634262	132.67145	-33.75804	141.6711	83.178696	324.52408	3.264744	78.180725	572000
144	-0.017016957	344.00818	73.84847	39.68058	133.34369	-33.75804	142.13646	83.235756	324.52408	3.264744	78.34155	576000
145	-0.016953979	341.68808	74.01061	39.726326	133.44418	-33.75804	142.59732	83.29039	324.52408	3.264744	78.50347	580000
146	-0.016900301	340.16663	74.15455	39.750793	133.44418	-33.75804	143.02127	83.31234	324.52408	3.264744	78.649315	584000
147	-0.016796758	338.1975	74.30848	39.78491	133.44418	-33.75804	143.43625	83.34553	324.52408	3.264744	78.7964	588000
148	-0.016727883	336.31265	74.46058	39.82006	133.44418	-33.75804	143.8487	83.35262	324.52408	3.264744	78.92219	592000
149	-0.016764289	334.38974	74.60696	39.852978	133.44418	-33.75804	144.27245	83.3912	324.52408	3.264744	79.07077	596000
150	-0.01694679	332.25098	74.76156	39.89392	133.64722	-33.75804	144.71225	83.43274	324.52408	3.264744	79.22084	600000
151	-0.017131649	330.10907	74.91558	39.934727	134.43716	-33.75804	145.13538	83.468124	324.52408	3.264744	79.36111	604000
152	-0.016968565	328.06747	75.06657	39.973248	134.43716	-33.75804	145.55357	83.51758	324.52408	3.264744	79.5122	608000
153	-0.01706511	326.423	75.21083	40.006298	134.43716	-33.75804	145.97112	83.54977	324.52408	3.264744	79.65411	612000
154	-0.017212102	324.51822	75.35465	40.039803	134.43716	-33.75804	146.38516	83.571236	324.52408	3.264744	79.793045	616000
155	-0.017155368	322.79855	75.49903	40.069782	134.43716	-33.75804	146.78545	83.60225	324.52408	3.264744	79.93782	620000
156	-0.017235951	320.91803	75.63368	40.099197	134.43716	-33.75804	147.19537	83.62523	324.52408	3.264744	80.08112	624000
157	-0.017091231	319.08182	75.768166	40.126156	134.43716	-33.75804	147.58781	83.65714	324.52408	3.264744	80.22756	628000
158	-0.0169525	317.37115	75.89712	40.15133	134.9201	-33.75804	147.98676	83.685555	324.52408	3.264744	80.372536	632000
159	-0.016992368	315.4425	76.02604	40.180702	135.00922	-33.75804	148.38484	83.709366	324.52408	3.264744	80.51566	636000
160	-0.016748432	313.59528	76.158226	40.21028	135.18903	-33.75804	148.78204	83.74982	324.52408	3.264744	80.66684	640000
161	-0.016732836	311.7859	76.29185	40.240246	135.18903	-33.75804	149.17146	83.79296	324.52408	3.264744	80.81353	644000
162	-0.01679146	310.1808	76.42753	40.26578	135.18903	-33.75804	149.55026	83.8327	324.52408	3.264744	80.9603	648000
163	-0.016603718	308.3136	76.56287	40.295444	135.18903	-33.75804	149.93675	83.88625	324.52408	3.264744	81.1142	652000
164	-0.016563036	306.47034	76.693855	40.32762	135.52867	-33.75804	150.33607	83.9189	324.52408	3.264744	81.258965	656000
165	-0.016572962	305.13052	76.82603	40.352554	136.27927	-33.75804	150.70706	83.977486	324.52408	3.264744	81.4109	660000
166	-0.016463948	303.4629	76.95276	40.378433	136.27927	-33.75804	151.08376	84.014946	324.52408	3.264744	81.56038	664000
167	-0.016383177	301.75	77.08007	40.406208	136.27927	-33.75804	151.4611	84.05377	324.52408	3.264744	81.708	668000
168	-0.016301218	300.01135	77.20652	40.432392	136.27927	-33.75804	151.84155	84.123634	324.52408	3.264744	81.87303	672000
169	-0.01637408	298.27893	77.326996	40.45773	136.27927	-33.75804	152.2194	84.165146	324.52408	3.264744	82.02623	676000
170	-0.016445965	296.66684	77.45031	40.482906	136.27927	-33.75804	152.60092	84.21426	324.52408	3.264744	82.182625	680000
171	-0.01638352	295.00232	77.57685	40.508736	136.27927	-33.75804	152.9596	84.26424	324.52408	3.264744	82.33354	684000
172	-0.016235908	293.34912	77.70433	40.53609	136.27927	-33.75804	153.3241	84.31738	324.52408	3.264744	82.48848	688000
173	-0.016205642	291.7013	77.82202	40.561817	136.66965	-33.75804	153.70969	84.38338	324.52408	3.264744	82.65133	692000
174	-0.016207015	290.07327	77.940994	40.58659	136.77983	-33.75804	154.08235	84.45075	324.52408	3.264744	82.811264	696000
175	-0.016255166	288.88452	78.05708	40.604027	136.77983	-33.75804	154.43733	84.52098	324.52408	3.264744	82.97038	700000
176	-0.01600474	287.45654	78.17469	40.625954	137.09502	-33.75804	154.81271	84.611664	324.52408	3.264744	83.144966	704000
177	-0.016099669	285.9048	78.295105	40.652264	137.76152	-33.75804	155.18149	84.68906	324.52408	3.264744	83.30619	708000
178	-0.015957715	284.58563	78.40758	40.671066	137.76152	-33.75804	155.54173	84.759964	324.52408	3.264744	83.4739	712000
179	-0.015768314	283.07217	78.51999	40.69487	137.87038	-33.75804	155.91678	84.83498	324.52408	3.264744	83.63653	716000
180	-0.015708718	281.75726	78.63907	40.71558	137.87038	-33.75804	156.28174	84.925224	324.52408	3.264744	83.81015	720000
181	-0.01571267	280.3644	78.75708	40.738773	137.90623	-33.75804	156.6437	85.011154	324.52408	3.264744	83.97941	724000
182	-0.01580407	279.03723	78.87477	40.760944	137.90623	-33.75804	157.00414	85.08786	324.52408	3.264744	84.14277	728000
183	-0.015753558	277.62778	78.99478	40.782486	138.23117	-33.75804	157.37093	85.212906	326.59644	3.264744	84.32809	732000
184	-0.015579585	276.37177	79.11169	40.799664	138.23117	-33.75804	157.71928	85.32291	326.67365	3.264744	84.508385	736000
185	-0.015609682	275.21204	79.2252	40.821106	138.44853	-33.75804	158.0819	85.40478	326.67365	3.264744	84.6736	740000
186	-0.015500692	274.19406	79.33088	40.83119	138.97014	-33.75804	158.42662	85.50301	326.67365	3.264744	84.84949	744000
187	-0.015307596	273.1526	79.448364	40.850147	140.12555	-33.75804	158.79573	85.63572	334.7663	3.264744	85.03392	748000
188	-0.015394931	271.79688	79.56999	40.874226	140.12555	-33.75804	159.15446	85.749825	334.7663	3.264744	85.209335	752000
189	-0.015351954	270.8491	79.67868	40.888573	140.12555	-33.75804	159.50214	85.85525	334.7663	3.264744	85.37954	756000
190	-0.015136159	269.53052	79.79443	40.90803	140.12555	-33.75804	159.85645	85.97908	334.7663	3.264744	85.55461	760000
191	-0.015275798	268.29355	79.91123	40.929596	140.12555	-33.75804	160.21307	86.093925	334.7663	3.264744	85.72455	764000
192	-0.015201674	267.0378	80.0314	40.954895	141.40695	-33.75804	160.58356	86.22888	334.7663	3.264744	85.90404	768000
193	-0.015307009	265.84808	80.15064	40.97764	141.6369	-33.75804	160.95236	86.37896	343.54364	3.264744	86.09416	772000
194	-0.015434449	265.05634	80.27041	40.99618	141.6369	-33.75804	161.30875	86.52568	348.83246	3.264744	86.27768	776000
195	-0.015480538	264.05	80.38925	41.017952	142.35732	-33.75804	161.6743	86.67198	348.83246	3.264744	86.460945	780000
196	-0.015502245	262.95184	80.51063	41.041878	142.50398	-33.75804	162.01752	86.80122	348.83246	3.264744	86.6295	784000
197	-0.01547345	261.82074	80.63573	41.06794	143.14871	-33.75804	162.38304	86.96234	348.83246	3.264744	86.812775	788000
198	-0.01541444	260.6946	80.76175	41.09862	143.62816	-33.75804	162.74352	87.11702	348.83246	3.264744	86.98901	792000
199	-0.015515542	259.95728	80.88408	41.12108	143.85454	-33.75804	163.09544	87.26668	359.57028	3.264744	87.16	796000
200	-0.01551903	258.89142	81.01704	41.151287	143.98808	-33.75804	163.47856	87.47627	359.57028	3.264744	87.3602	800000
201	-0.0155434	257.86273	81.14825	41.186024	145.4709	-33.75804	163.87686	87.69204	359.57028	3.264744	87.55916	804000
202	-0.0153079	256.73108	81.28516	41.224487	145.50836	-33.75804	164.26918	87.89757	359.57028	3.264744	87.75108	808000
203	-0.015261723	255.74527	81.42762	41.26207	146.44551	-33.75804	164.66652	88.15272	372.24387	3.264744	87.95267	812000
204	-0.015135612	254.6995	81.572876	41.298733	146.44551	-33.75804	165.03677	88.37664	372.24387	3.264744	88.14393	816000
205	-0.015055221	253.87103	81.71345	41.336838	147.36647	-33.75804	165.4263	88.59631	372.24387	3.264744	88.33363	820000
206	-0.015088524	253.3387	81.84689	41.36347	147.36647	-33.75804	165.79105	88.80829	372.24387	3.264744	88.523094	824000
207	-0.014914118	252.79303	81.98269	41.392605	148.81407	-33.75804	166.16579	89.036	372.24387	3.264744	88.71804	828000
208	-0.014817003	252.34303	82.12004	41.428432	148.81407	-33.75804	166.54303	89.269516	375.11325	3.264744	88.90393	832000
209	-0.014841306	251.53143	82.271675	41.47334	148.81407	-33.75804	166.95023	89.56647	379.56674	3.264744	89.1073	836000
210	-0.0149739375	250.82028	82.416245	41.507996	148.81407	-33.75804	167.34381	89.849396	388.46527	3.264744	89.31869	840000
211	-0.01497793	250.26343	82.561615	41.54868	149.31583	-33.75804	167.72612	90.10508	396.7064	3.264744	89.51051	844000
212	-0.014756911	249.63408	82.71493	41.590725	150.5905	-33.75804	168.12846	90.42282	415.72452	3.264744	89.72115	848000
213	-0.01481148	249.31686	82.86477	41.628685	151.03606	-33.75804	168.49582	90.68578	415.72452	3.264744	89.91038	852000
214	-0.014868394	248.50905	83.01873	41.67446	151.36258	-33.75804	168.89671	90.99458	415.72452	3.264744	90.118416	856000
215	-0.014905266	247.74742	83.16978	41.720154	152.55235	-33.75804	169.30502	91.30705	415.72452	3.264744	90.32528	860000
216	-0.015125711	246.81305	83.32428	41.77001	152.98633	-33.75804	169.71262	91.62533	415.72452	3.264744	90.53378	864000
217	-0.015041013	245.90146	83.47967	41.820263	153.83287	-33.75804	170.11185	91.926605	415.72452	3.264744	90.73508	868000
218	-0.015159432	244.87881	83.63633	41.875	153.83287	-33.75804	170.53757	92.27859	432.38257	3.264744	90.95519	872000
219	-0.015060487	244.17987	83.78795	41.92563	153.83287	-33.75804	170.95453	92.59716	432.38257	3.264744	91.161575	876000
220	-0.015093029	243.61795	83.93375	41.966972	153.83287	-33.75804	171.33081	92.83727	432.38257	3.264744	91.337975	880000
221	-0.015155492	242.75201	84.08631	42.018696	153.83287	-33.75804	171.73857	93.15681	432.38257	3.264744	91.54576	884000
222	-0.015001797	241.8313	84.24181	42.07049	153.83287	-33.75804	172.13931	93.45604	432.38257	3.264744	91.740974	888000
223	-0.014799631	240.8381	84.4014	42.12672	153.83287	-33.75804	172.56567	93.8035	432.38257	3.264744	91.954384	892000
224	-0.014631863	239.98166	84.55773	42.179176	153.83287	-33.75804	172.96353	94.09409	432.38257	3.264744	92.14818	896000
225	-0.014641577	239.25667	84.700745	42.224133	153.83287	-33.75804	173.36844	94.40122	432.38257	3.264744	92.353676	900000
226	-0.01463724	238.55174	84.860405	42.280643	153.93445	-33.75804	173.77812	94.71894	432.38257	3.264744	92.55094	904000
227	-0.014650514	237.66515	85.01472	42.332733	154.80586	-33.75804	174.2023	95.058426	432.38257	3.264744	92.75912	908000
228	-0.014637012	237.19353	85.16535	42.380203	154.80586	-33.75804	174.58575	95.32938	432.38257	3.264744	92.94497	912000
229	-0.014763095	236.82915	85.311844	42.4237	154.80586	-33.75804	174.99811	95.6387	432.38257	3.264744	93.1472	916000
230	-0.014700307	236.38385	85.45753	42.469345	154.80586	-33.75804	175.38408	95.897995	432.38257	3.264744	93.320755	920000
231	-0.014686562	235.52544	85.61326	42.521248	154.80586	-33.75804	175.76488	96.17684	432.38257	3.264744	93.50241	924000
232	-0.014625718	234.98518	85.762566	42.567924	154.80586	-33.75804	176.15854	96.46804	432.38257	3.264744	93.68763	928000
233	-0.014607657	235.21887	85.89474	42.60049	154.80586	-33.75804	176.53893	96.71823	432.38257	3.264744	93.86356	932000
234	-0.014565353	234.94524	86.03178	42.64363	157.0406	-33.75804	176.92027	96.94955	432.38257	3.264744	94.03326	936000
235	-0.014653755	234.18999	86.18022	42.6945	157.0406	-33.75804	177.30238	97.20611	432.38257	3.264744	94.20083	940000
236	-0.014530216	233.44862	86.334885	42.747883	157.0406	-33.75804	177.69159	97.483345	432.38257	3.264744	94.37657	944000
237	-0.014501552	232.99397	86.48089	42.798782	157.0406	-33.75804	178.07996	97.74017	432.38257	3.264744	94.55057	948000
238	-0.01459714	232.18382	86.63594	42.855755	157.0406	-33.75804	178.46983	98.0127	432.38257	3.264744	94.7225	952000
239	-0.014595157	231.29988	86.79068	42.912815	157.0406	-33.75804	178.87334	98.309105	432.38257	3.264744	94.90864	956000
240	-0.0146273915	230.43457	86.940956	42.968704	157.3625	-33.75804	179.28653	98.60061	432.38257	3.264744	95.095985	960000
241	-0.014590407	229.74277	87.08513	43.021027	158.05263	-33.75804	179.67136	98.84982	455.3879	3.264744	95.259995	964000
242	-0.014536829	229.22139	87.223305	43.066338	158.05263	-33.75804	180.0243	99.079216	455.3879	3.264744	95.42083	968000
243	-0.014589449	228.38905	87.36502	43.11669	158.05263	-33.75804	180.42221	99.31694	455.3879	3.264744	95.59014	972000
244	-0.014584078	227.79172	87.50597	43.16177	158.05263	-33.75804	180.80608	99.562195	455.3879	3.264744	95.76375	976000
245	-0.014602066	226.91722	87.65313	43.218014	158.28757	-33.75804	181.19344	99.80308	455.3879	3.264744	95.92664	980000
246	-0.014585597	226.10199	87.79586	43.265606	158.32216	-33.75804	181.57512	100.056984	455.3879	3.264744	96.09619	984000
247	-0.014470258	225.85693	87.932686	43.31315	158.32216	-33.75804	181.95605	100.275024	455.3879	3.264744	96.24925	988000
248	-0.014462947	225.03667	88.07696	43.371803	160.40726	-33.75804	182.3606	100.50314	455.3879	3.264744	96.40756	992000
249	-0.014264084	224.46126	88.20424	43.41667	160.40726	-33.75804	182.75935	100.707985	455.3879	3.264744	96.57001	996000
250	-0.01441117	224.71204	88.328354	43.450237	160.40726	-33.75804	183.12737	100.90836	455.3879	3.264744	96.72016	1000000
