epoch	pi-loss	q-loss	average-q-values	std-q-values	max-q-values	min-q-values	average-episode-return	std-episode-return	max-episode-return	min-episode-return	episode-length	average-test-episode-return	std-test-episode-return	max-test-episode-return	min-test-episode-return	test-episode-length	total-env-interacts
1	-6.128163	0.6079114	4.864632	4.5809045	30.300083	-6.797912	-303.9163	61.390476	-206.24852	-360.38654	1000.0	-597.60205	16.147034	-575.25464	-637.4615	1000.0	4000
2	-22.699673	2.1401825	20.51491	18.044807	77.308716	-6.797912	-359.7707	96.2155	-206.24852	-492.98502	1000.0	-520.7568	118.43655	-107.45654	-637.4615	1000.0	8000
3	-37.00301	3.326527	34.85632	26.912642	130.41975	-6.797912	-383.8164	121.226234	-191.3178	-577.6456	1000.0	-525.67706	103.04904	-107.45654	-681.5422	1000.0	12000
4	-46.02364	3.500326	44.072098	31.62791	132.87141	-6.797912	-394.2473	125.41592	-191.3178	-582.0888	1000.0	-444.93692	173.56075	-56.83035	-681.5422	1000.0	16000
5	-51.991917	3.5864313	50.226276	34.233162	139.04802	-6.797912	-328.62436	179.32713	106.28352	-582.0888	1000.0	-304.35233	332.08344	500.22794	-681.5422	1000.0	20000
6	-57.004936	3.5884018	55.34612	35.78503	140.61884	-6.797912	-181.87268	374.57983	850.1365	-582.0888	1000.0	-140.46248	479.54526	1049.6925	-681.5422	1000.0	24000
7	-61.67721	3.6017907	60.09057	37.100517	146.01938	-6.797912	-77.54805	471.27277	937.62103	-582.0888	1000.0	7.5996575	589.6873	1407.8197	-681.5422	1000.0	28000
8	-65.80987	3.6746514	64.27276	38.617756	164.11012	-6.797912	17.71367	577.10986	1698.894	-582.0888	1000.0	90.80431	649.1385	2014.2686	-681.5422	1000.0	32000
9	-70.27942	3.7991989	68.76114	41.07829	180.0302	-6.797912	182.7411	726.5287	1780.8477	-582.0888	1000.0	265.25732	790.9687	2014.2686	-681.5422	1000.0	36000
10	-75.376045	3.9807355	73.865555	44.56665	210.34373	-6.797912	335.21576	844.60364	2127.729	-582.0888	1000.0	413.8076	903.21606	2580.6475	-681.5422	1000.0	40000
11	-81.054794	4.250542	79.537735	49.07774	244.9436	-6.797912	521.5334	1000.779	2788.4526	-582.0888	1000.0	533.7592	997.7618	2833.1758	-681.5422	1000.0	44000
12	-87.56742	4.592463	86.033485	54.88025	272.50485	-6.797912	726.39484	1178.5594	3420.623	-582.0888	1000.0	734.59503	1165.2081	3099.9097	-681.5422	1000.0	48000
13	-94.92521	4.9916806	93.36433	61.84289	300.658	-6.797912	901.50366	1286.2566	3420.623	-582.0888	1000.0	943.2955	1333.0052	3643.6194	-681.5422	1000.0	52000
14	-103.040054	5.459083	101.445335	69.77937	334.5283	-6.797912	1086.4729	1408.2411	3785.391	-582.0888	1000.0	1133.8376	1457.1016	3876.7966	-681.5422	1000.0	56000
15	-111.91595	5.943561	110.2858	78.540565	370.35583	-6.797912	1265.9955	1517.364	3880.3564	-582.0888	1000.0	1319.2168	1569.7411	4137.7266	-681.5422	1000.0	60000
16	-121.38056	6.432502	119.71201	87.69163	400.5522	-6.797912	1414.6921	1579.1864	3880.3564	-582.0888	1000.0	1453.8231	1623.396	4440.911	-681.5422	1000.0	64000
17	-131.26094	6.938523	129.55621	96.912056	425.655	-6.797912	1568.342	1651.0654	4217.564	-582.0888	1000.0	1619.3566	1708.8162	4463.0356	-681.5422	1000.0	68000
18	-141.43333	7.403926	139.69566	105.935455	449.55536	-6.797912	1709.1932	1706.4817	4217.564	-582.0888	1000.0	1763.2253	1764.786	4463.0356	-681.5422	1000.0	72000
19	-151.72528	7.8667364	149.95706	114.519615	466.8663	-6.797912	1824.9961	1735.4978	4234.1914	-582.0888	1000.0	1906.4266	1822.4121	4683.102	-681.5422	1000.0	76000
20	-162.00081	8.332668	160.20432	122.49789	494.03665	-6.797912	1955.3414	1784.5321	4542.457	-582.0888	1000.0	2042.3489	1872.8573	4923.352	-681.5422	1000.0	80000
21	-172.28357	8.776519	170.45953	129.9722	505.9296	-6.797912	2072.639	1819.1538	4613.1284	-582.0888	1000.0	2161.314	1904.2323	4923.352	-681.5422	1000.0	84000
22	-182.45892	9.170199	180.61073	136.90636	527.8744	-6.797912	2184.5813	1850.0406	4614.003	-582.0888	1000.0	2285.4866	1945.6478	5016.0156	-681.5422	1000.0	88000
23	-192.4811	9.524211	190.61014	143.33894	544.0801	-6.797912	2290.0146	1875.9103	4771.9287	-582.0888	1000.0	2391.4434	1967.8134	5074.7085	-681.5422	1000.0	92000
24	-202.29575	9.904658	200.40445	149.23631	555.66815	-6.797912	2358.0898	1870.9006	4771.9287	-582.0888	1000.0	2496.9885	1991.9364	5074.7085	-681.5422	1000.0	96000
25	-211.85837	10.281898	209.95128	154.66423	563.7277	-6.797912	2458.171	1898.3197	5130.72	-582.0888	1000.0	2599.643	2015.9023	5374.536	-681.5422	1000.0	100000
26	-221.14046	10.615491	219.21887	159.6388	575.80396	-6.797912	2551.3528	1918.9799	5130.72	-582.0888	1000.0	2692.1677	2030.4387	5374.536	-681.5422	1000.0	104000
27	-230.16661	10.9056015	228.23068	164.22249	588.57196	-6.797912	2627.8533	1927.4193	5157.425	-582.0888	1000.0	2790.6973	2054.93	5524.2124	-681.5422	1000.0	108000
28	-238.92139	11.208887	236.97182	168.44896	596.69763	-6.797912	2718.1394	1950.2804	5399.7207	-582.0888	1000.0	2876.35	2067.8293	5612.2964	-681.5422	1000.0	112000
29	-247.48573	11.499059	245.52196	172.41344	608.9554	-6.797912	2805.5645	1972.2715	5548.9453	-582.0888	1000.0	2965.7107	2086.2576	5612.2964	-681.5422	1000.0	116000
30	-255.84738	11.779021	253.87114	176.1539	630.75995	-6.797912	2886.9421	1988.9875	5631.1113	-582.0888	1000.0	3013.3289	2091.497	5648.933	-681.5422	1000.0	120000
31	-264.03207	12.107225	262.04205	179.70065	644.9301	-6.797912	2961.258	1999.3372	5638.9844	-582.0888	1000.0	3103.9717	2117.0188	6157.7656	-681.5422	1000.0	124000
32	-272.0597	12.438201	270.0562	183.08524	653.3471	-6.797912	3036.5137	2012.4485	5695.138	-582.0888	1000.0	3186.8074	2134.304	6157.7656	-681.5422	1000.0	128000
33	-279.93915	12.744277	277.9235	186.3374	667.4604	-6.797912	3117.044	2033.7653	5934.9478	-582.0888	1000.0	3277.633	2163.676	6333.209	-681.5422	1000.0	132000
34	-287.65173	13.034864	285.6239	189.45845	679.8016	-6.797912	3193.2642	2050.926	5934.9478	-582.0888	1000.0	3354.4272	2179.5889	6480.0586	-681.5422	1000.0	136000
35	-295.23282	13.376423	293.19238	192.50359	706.34625	-6.797912	3244.6396	2061.332	6062.0405	-582.0888	1000.0	3443.197	2209.8228	6697.3115	-681.5422	1000.0	140000
36	-302.65436	13.71687	300.6028	195.47412	715.67035	-6.797912	3317.1929	2077.7742	6257.7476	-582.0888	1000.0	3513.5833	2222.3005	6697.3115	-681.5422	1000.0	144000
37	-309.90857	14.073757	307.8465	198.37912	728.6632	-6.797912	3377.2583	2092.109	6395.312	-582.0888	1000.0	3583.9348	2238.8464	6712.81	-681.5422	1000.0	148000
38	-317.01016	14.450112	314.9375	201.23357	743.74255	-6.797912	3450.0867	2111.4443	6395.312	-582.0888	1000.0	3668.2498	2268.0686	7001.907	-681.5422	1000.0	152000
39	-324.00717	14.866983	321.92197	204.05977	771.22455	-6.797912	3521.0386	2130.4517	6680.2285	-582.0888	1000.0	3719.8887	2279.6838	7001.907	-681.5422	1000.0	156000
40	-330.93765	15.287037	328.8378	206.87766	784.07416	-6.797912	3597.9907	2157.8816	6730.339	-582.0888	1000.0	3796.985	2301.9648	7001.907	-681.5422	1000.0	160000
41	-337.83923	15.68267	335.7231	209.71367	797.74365	-6.797912	3675.1445	2186.7095	7054.317	-582.0888	1000.0	3865.496	2314.9038	7001.907	-681.5422	1000.0	164000
42	-344.73773	16.077496	342.60538	212.58383	809.5498	-6.797912	3753.0667	2217.545	7093.8325	-582.0888	1000.0	3943.852	2342.4443	7853.7407	-681.5422	1000.0	168000
43	-351.60193	16.462887	349.45587	215.47385	823.13947	-6.797912	3825.1743	2241.4214	7275.5635	-582.0888	1000.0	4005.206	2349.0234	7853.7407	-681.5422	1000.0	172000
44	-358.42358	16.847908	356.26236	218.37071	831.9127	-6.797912	3901.1287	2271.1143	7275.5635	-582.0888	1000.0	4092.6335	2391.9958	8072.8867	-681.5422	1000.0	176000
45	-365.19818	17.224308	363.0219	221.27026	851.42773	-6.797912	3971.6843	2294.1802	7391.054	-582.0888	1000.0	4174.1396	2426.3674	8109.873	-681.5422	1000.0	180000
46	-371.93747	17.612858	369.74487	224.16064	858.5699	-6.797912	4043.1658	2319.38	7575.497	-582.0888	1000.0	4243.9956	2445.476	8109.873	-681.5422	1000.0	184000
47	-378.641	18.010172	376.43314	227.04834	870.81366	-6.797912	4109.3086	2338.1199	7575.497	-582.0888	1000.0	4318.034	2471.054	8109.873	-681.5422	1000.0	188000
48	-385.31946	18.397589	383.09625	229.91464	884.9327	-6.797912	4174.7935	2356.8901	7575.497	-582.0888	1000.0	4388.1294	2492.0486	8109.873	-681.5422	1000.0	192000
49	-391.93802	18.743015	389.69986	232.75839	893.9229	-6.797912	4240.93	2377.4624	7674.7935	-582.0888	1000.0	4449.0327	2504.1326	8109.873	-681.5422	1000.0	196000
50	-398.5135	19.086794	396.26132	235.58372	900.9558	-6.797912	4298.3643	2387.7073	7674.7935	-582.0888	1000.0	4511.9946	2517.9246	8109.873	-681.5422	1000.0	200000
51	-405.01874	19.427588	402.75336	238.34967	908.0782	-6.797912	4358.3994	2402.12	7674.7935	-582.0888	1000.0	4584.32	2545.127	8557.008	-681.5422	1000.0	204000
52	-411.43787	19.745445	409.15997	241.04031	919.0349	-6.797912	4420.8506	2420.6858	8027.813	-582.0888	1000.0	4649.7036	2563.5388	8557.008	-681.5422	1000.0	208000
53	-417.75247	20.059246	415.46338	243.65233	927.2087	-6.797912	4482.2725	2438.3967	8027.813	-582.0888	1000.0	4712.368	2579.2383	8557.008	-681.5422	1000.0	212000
54	-423.9544	20.356518	421.65463	246.14174	927.2087	-6.797912	4539.3633	2451.211	8027.813	-582.0888	1000.0	4779.614	2601.85	8714.932	-681.5422	1000.0	216000
55	-430.06778	20.63502	427.75702	248.54056	934.4877	-6.797912	4595.9526	2464.2583	8027.813	-582.0888	1000.0	4830.369	2604.9712	8714.932	-681.5422	1000.0	220000
56	-436.0833	20.88482	433.76245	250.83081	945.6167	-6.797912	4652.6646	2478.1443	8027.813	-582.0888	1000.0	4891.4697	2621.1597	8714.932	-681.5422	1000.0	224000
57	-441.98004	21.12181	439.65018	253.01642	963.5137	-6.797912	4704.9497	2487.3352	8027.813	-582.0888	1000.0	4944.8374	2629.9062	8714.932	-681.5422	1000.0	228000
58	-447.77182	21.351566	445.4334	255.10716	963.9553	-6.797912	4756.9336	2496.9304	8027.813	-582.0888	1000.0	4998.552	2638.5923	8714.932	-681.5422	1000.0	232000
59	-453.4554	21.59304	451.10892	257.10403	965.4975	-6.797912	4808.115	2506.342	8027.813	-582.0888	1000.0	5047.8027	2643.5796	8714.932	-681.5422	1000.0	236000
60	-459.03836	21.84456	456.68375	259.00638	967.76154	-6.797912	4858.92	2516.1091	8200.01	-582.0888	1000.0	5096.397	2648.0732	8714.932	-681.5422	1000.0	240000
61	-464.51486	22.072788	462.15295	260.81192	979.6243	-6.797912	4908.638	2524.9456	8200.01	-582.0888	1000.0	5144.977	2653.622	8714.932	-681.5422	1000.0	244000
62	-469.88382	22.288448	467.5159	262.53195	984.2058	-6.797912	4958.37	2534.4873	8200.01	-582.0888	1000.0	5190.729	2656.3354	8714.932	-681.5422	1000.0	248000
63	-475.14713	22.516365	472.77405	264.17816	986.8411	-6.797912	5006.957	2543.418	8429.32	-582.0888	1000.0	5237.304	2660.8506	8714.932	-681.5422	1000.0	252000
64	-480.3033	22.718647	477.92432	265.7431	987.974	-6.797912	5053.0483	2549.863	8429.32	-582.0888	1000.0	5288.16	2670.7246	8747.34	-681.5422	1000.0	256000
65	-485.36234	22.932337	482.9777	267.23538	991.7804	-6.797912	5098.777	2556.617	8429.32	-582.0888	1000.0	5310.9307	2668.1323	8747.34	-681.5422	1000.0	260000
66	-490.33594	23.157337	487.94547	268.64636	997.95447	-6.797912	5143.0674	2562.4668	8429.32	-582.0888	1000.0	5357.246	2674.1274	8747.34	-681.5422	1000.0	264000
67	-495.22018	23.372206	492.82495	269.99216	1006.99194	-6.797912	5186.2173	2567.529	8429.32	-582.0888	1000.0	5400.6074	2677.941	8767.651	-681.5422	1000.0	268000
68	-500.00977	23.568262	497.61035	271.28366	1007.11395	-6.797912	5225.478	2569.3625	8429.32	-582.0888	1000.0	5437.759	2675.5872	8767.651	-681.5422	1000.0	272000
69	-504.70697	23.79093	502.30344	272.51352	1014.9005	-6.797912	5257.9385	2566.0396	8429.32	-582.0888	1000.0	5479.235	2678.1187	8767.651	-681.5422	1000.0	276000
70	-509.32568	23.98573	506.91858	273.69406	1015.8913	-6.797912	5298.835	2570.2642	8429.32	-582.0888	1000.0	5524.3223	2685.3093	9040.677	-681.5422	1000.0	280000
71	-513.8645	24.202507	511.4534	274.82956	1021.7103	-6.797912	5337.9717	2573.2468	8442.864	-582.0888	1000.0	5561.4766	2686.1606	9040.677	-681.5422	1000.0	284000
72	-518.33044	24.414473	515.91504	275.9203	1025.7589	-6.797912	5368.31	2572.2231	8442.864	-582.0888	1000.0	5604.674	2692.2654	9040.677	-681.5422	1000.0	288000
73	-522.7201	24.631685	520.3015	276.971	1029.2874	-6.797912	5410.0396	2579.102	8708.494	-582.0888	1000.0	5645.7666	2696.431	9040.677	-681.5422	1000.0	292000
74	-527.0449	24.84833	524.6229	277.9961	1036.3093	-6.797912	5448.294	2582.4395	8708.494	-582.0888	1000.0	5685.792	2700.4775	9040.677	-681.5422	1000.0	296000
75	-531.30597	25.061806	528.88086	278.98892	1038.1255	-6.797912	5485.3193	2584.8677	8708.494	-582.0888	1000.0	5729.7534	2708.996	9243.779	-681.5422	1000.0	300000
76	-535.4904	25.280653	533.0631	279.94614	1038.1681	-6.797912	5523.376	2588.9534	8708.494	-582.0888	1000.0	5769.3413	2713.5273	9243.779	-681.5422	1000.0	304000
77	-539.6002	25.496902	537.1702	280.86688	1049.0408	-6.797912	5557.729	2589.8674	8708.494	-582.0888	1000.0	5807.291	2716.1523	9243.779	-681.5422	1000.0	308000
78	-543.65405	25.721485	541.2208	281.75555	1051.3829	-6.797912	5593.4185	2592.229	8708.494	-582.0888	1000.0	5837.6846	2711.8862	9243.779	-681.5422	1000.0	312000
79	-547.6685	25.938475	545.23193	282.62756	1055.5148	-6.797912	5628.049	2593.9268	8708.494	-582.0888	1000.0	5863.357	2705.1692	9243.779	-681.5422	1000.0	316000
80	-551.6259	26.146711	549.18677	283.4599	1058.0486	-6.797912	5664.237	2597.7344	8837.326	-582.0888	1000.0	5904.882	2713.4932	9413.757	-681.5422	1000.0	320000
81	-555.533	26.34165	553.09106	284.26385	1059.3176	-6.797912	5698.0537	2599.4053	8837.326	-582.0888	1000.0	5941.7354	2716.7869	9413.757	-681.5422	1000.0	324000
82	-559.38806	26.533772	556.9432	285.04337	1062.5542	-6.797912	5732.018	2601.5515	8837.326	-582.0888	1000.0	5979.083	2721.0657	9413.757	-681.5422	1000.0	328000
83	-563.1961	26.714994	560.74884	285.7941	1064.7748	-6.797912	5765.646	2603.753	8837.326	-582.0888	1000.0	6010.054	2721.3154	9413.757	-681.5422	1000.0	332000
84	-566.9587	26.894012	564.5088	286.5162	1066.4033	-6.797912	5800.247	2607.5083	8962.238	-582.0888	1000.0	6049.4575	2728.8503	9585.365	-681.5422	1000.0	336000
85	-570.67957	27.05429	568.228	287.21347	1067.7219	-6.797912	5830.6465	2607.0625	8962.238	-582.0888	1000.0	6082.0728	2731.3777	9585.365	-681.5422	1000.0	340000
86	-574.3491	27.220224	571.89526	287.8901	1074.2096	-6.797912	5864.742	2610.903	8962.238	-582.0888	1000.0	6117.7964	2735.395	9585.365	-681.5422	1000.0	344000
87	-577.97424	27.39437	575.5181	288.54767	1074.9631	-6.797912	5896.0977	2612.116	8962.238	-582.0888	1000.0	6146.951	2737.751	9585.365	-681.5422	1000.0	348000
88	-581.5473	27.568773	579.0892	289.17844	1082.0835	-6.797912	5924.0186	2610.955	8962.238	-582.0888	1000.0	6174.984	2734.9119	9585.365	-681.5422	1000.0	352000
89	-585.0857	27.748438	582.625	289.79846	1087.7286	-6.797912	5954.795	2612.3044	8962.238	-582.0888	1000.0	6206.4595	2735.642	9585.365	-681.5422	1000.0	356000
90	-588.5888	27.912645	586.12616	290.40402	1087.7286	-6.797912	5984.2764	2612.6775	8962.238	-582.0888	1000.0	6240.1636	2738.9648	9585.365	-681.5422	1000.0	360000
91	-592.0635	28.083912	589.59875	291.00467	1094.2865	-6.797912	6013.231	2612.8784	8962.238	-582.0888	1000.0	6275.197	2744.1416	9585.365	-681.5422	1000.0	364000
92	-595.4889	28.268099	593.02264	291.5853	1097.4976	-6.797912	6042.2256	2613.4287	8984.79	-582.0888	1000.0	6308.588	2748.3257	9793.599	-681.5422	1000.0	368000
93	-598.87537	28.439598	596.4071	292.15814	1105.1813	-6.797912	6070.5483	2613.5386	8984.79	-582.0888	1000.0	6341.9937	2752.2869	9793.599	-681.5422	1000.0	372000
94	-602.2194	28.6257	599.74976	292.7215	1105.1813	-6.797912	6099.862	2615.063	9108.075	-582.0888	1000.0	6372.566	2753.529	9793.599	-681.5422	1000.0	376000
95	-605.53326	28.798635	603.06116	293.2736	1110.2758	-6.797912	6129.7637	2617.4038	9146.453	-582.0888	1000.0	6404.646	2756.6523	9793.599	-681.5422	1000.0	380000
96	-608.8156	28.95703	606.3418	293.80832	1113.1436	-6.797912	6156.6934	2616.947	9146.453	-582.0888	1000.0	6429.929	2753.704	9793.599	-681.5422	1000.0	384000
97	-612.059	29.12452	609.5834	294.32736	1117.2719	-6.797912	6185.3813	2618.6333	9148.835	-582.0888	1000.0	6456.5205	2752.1484	9793.599	-681.5422	1000.0	388000
98	-615.2686	29.293646	612.7913	294.83493	1117.2719	-6.797912	6211.6235	2618.0945	9148.835	-582.0888	1000.0	6483.292	2750.9634	9793.599	-681.5422	1000.0	392000
99	-618.45197	29.46486	615.9734	295.33594	1124.9731	-6.797912	6238.9443	2618.8545	9148.835	-582.0888	1000.0	6511.7764	2751.5513	9793.599	-681.5422	1000.0	396000
100	-621.59686	29.629862	619.1166	295.83057	1126.2295	-6.797912	6266.127	2619.7327	9148.835	-582.0888	1000.0	6540.3896	2752.5295	9793.599	-681.5422	1000.0	400000
101	-624.7147	29.805046	622.2327	296.3325	1129.6875	-6.797912	6290.7803	2618.4854	9148.835	-582.0888	1000.0	6564.894	2753.1953	9793.599	-681.5422	1000.0	404000
102	-627.8102	29.973547	625.32623	296.8324	1129.7738	-6.797912	6316.0796	2617.9993	9148.835	-582.0888	1000.0	6592.293	2753.6726	9841.882	-681.5422	1000.0	408000
103	-630.8779	30.146473	628.3924	297.3228	1135.6127	-6.797912	6339.398	2615.981	9148.835	-582.0888	1000.0	6615.7715	2750.639	9841.882	-681.5422	1000.0	412000
104	-633.91956	30.305891	631.4321	297.80316	1136.5604	-6.797912	6365.635	2617.0322	9342.45	-582.0888	1000.0	6639.1294	2747.643	9841.882	-681.5422	1000.0	416000
105	-636.9315	30.47294	634.4423	298.2674	1139.4259	-6.797912	6390.533	2616.9	9342.45	-582.0888	1000.0	6666.7285	2749.0168	9841.882	-681.5422	1000.0	420000
106	-639.9087	30.631159	637.41785	298.7205	1139.825	-6.797912	6415.375	2616.9668	9342.45	-582.0888	1000.0	6695.0815	2751.45	9867.294	-681.5422	1000.0	424000
107	-642.8528	30.773123	640.36035	299.1604	1144.1349	-6.797912	6438.353	2615.5898	9342.45	-582.0888	1000.0	6722.2583	2752.97	9974.83	-681.5422	1000.0	428000
108	-645.7715	30.913027	643.27783	299.592	1145.1964	-6.797912	6461.398	2614.3633	9342.45	-582.0888	1000.0	6744.828	2750.1748	9974.83	-681.5422	1000.0	432000
109	-648.6562	31.056787	646.16095	300.01126	1150.4423	-6.797912	6482.5273	2611.8452	9342.45	-582.0888	1000.0	6770.8726	2751.0515	9974.83	-681.5422	1000.0	436000
110	-651.5127	31.20684	649.0155	300.41632	1150.4423	-6.797912	6503.728	2609.3608	9342.45	-582.0888	1000.0	6794.6323	2749.7595	9974.83	-681.5422	1000.0	440000
111	-654.3443	31.360365	651.8454	300.80872	1150.4423	-6.797912	6526.956	2609.137	9342.45	-582.0888	1000.0	6817.981	2748.3345	9974.83	-681.5422	1000.0	444000
112	-657.1392	31.490545	654.63947	301.18817	1150.8998	-6.797912	6548.4985	2607.3743	9342.45	-582.0888	1000.0	6842.8276	2748.5593	9974.83	-681.5422	1000.0	448000
113	-659.90015	31.635725	657.39905	301.5489	1150.8998	-6.797912	6568.917	2604.825	9342.45	-582.0888	1000.0	6866.9097	2748.2568	9974.83	-681.5422	1000.0	452000
114	-662.63367	31.769068	660.1315	301.89886	1151.8357	-6.797912	6577.0664	2604.985	9342.45	-582.0888	1000.0	6887.65	2745.0833	9974.83	-681.5422	1000.0	456000
115	-665.3265	31.909933	662.82355	302.23297	1154.567	-6.797912	6599.197	2604.3933	9342.45	-582.0888	1000.0	6909.5684	2743.141	9974.83	-681.5422	1000.0	460000
116	-667.987	32.059566	665.48303	302.55716	1154.567	-6.797912	6619.5474	2602.3135	9342.45	-582.0888	1000.0	6931.6816	2741.6272	9974.83	-681.5422	1000.0	464000
117	-670.62286	32.215588	668.118	302.87436	1157.9896	-6.797912	6640.359	2600.992	9551.075	-582.0888	1000.0	6950.5264	2737.716	9974.83	-681.5422	1000.0	468000
118	-673.22485	32.373707	670.71924	303.17395	1157.9896	-6.797912	6661.1235	2599.7146	9551.075	-582.0888	1000.0	6970.545	2734.761	9974.83	-681.5422	1000.0	472000
119	-675.7983	32.518898	673.292	303.46545	1158.1455	-6.797912	6680.9004	2597.6982	9551.075	-582.0888	1000.0	6985.761	2728.3862	9974.83	-681.5422	1000.0	476000
120	-678.34467	32.65145	675.8378	303.7504	1161.4214	-6.797912	6700.4707	2595.7563	9551.075	-582.0888	1000.0	7010.625	2730.5542	10207.588	-681.5422	1000.0	480000
121	-680.86145	32.78584	678.35425	304.02448	1161.4214	-6.797912	6719.537	2593.475	9551.075	-582.0888	1000.0	7030.9893	2728.728	10207.588	-681.5422	1000.0	484000
122	-683.3463	32.93279	680.83813	304.2843	1161.9562	-6.797912	6737.6816	2590.6565	9551.075	-582.0888	1000.0	7052.2617	2727.631	10207.588	-681.5422	1000.0	488000
123	-685.8166	33.080227	683.30707	304.5345	1172.392	-6.797912	6758.213	2590.0596	9551.075	-582.0888	1000.0	7075.637	2728.799	10207.588	-681.5422	1000.0	492000
124	-688.26447	33.203014	685.7544	304.77646	1172.392	-6.797912	6776.6396	2587.7087	9551.075	-582.0888	1000.0	7096.8193	2727.9482	10207.588	-681.5422	1000.0	496000
125	-690.678	33.33478	688.1677	305.007	1172.392	-6.797912	6795.3633	2585.7856	9551.075	-582.0888	1000.0	7119.1	2728.3818	10207.588	-681.5422	1000.0	500000
126	-693.0627	33.459553	690.5518	305.22745	1172.392	-6.797912	6815.6113	2585.466	9551.075	-582.0888	1000.0	7137.969	2725.737	10207.588	-681.5422	1000.0	504000
127	-695.41534	33.587074	692.904	305.43442	1172.392	-6.797912	6834.919	2584.4065	9551.075	-582.0888	1000.0	7159.537	2725.7869	10207.588	-681.5422	1000.0	508000
128	-697.7446	33.70975	695.2331	305.6362	1176.7461	-6.797912	6851.415	2581.1426	9551.075	-582.0888	1000.0	7180.169	2725.0781	10207.588	-681.5422	1000.0	512000
129	-700.0521	33.82957	697.5401	305.83075	1182.8157	-6.797912	6870.5386	2580.2295	9551.075	-582.0888	1000.0	7197.0537	2721.5237	10207.588	-681.5422	1000.0	516000
130	-702.3344	33.937492	699.822	306.01492	1182.8157	-6.797912	6889.974	2579.7598	9551.075	-582.0888	1000.0	7214.763	2718.901	10207.588	-681.5422	1000.0	520000
131	-704.5928	34.051228	702.07996	306.19232	1182.8157	-6.797912	6907.9688	2578.2246	9695.973	-582.0888	1000.0	7233.336	2716.8145	10207.588	-681.5422	1000.0	524000
132	-706.8322	34.16532	704.319	306.36337	1184.2233	-6.797912	6924.5054	2575.4253	9695.973	-582.0888	1000.0	7253.1606	2716.0217	10207.588	-681.5422	1000.0	528000
133	-709.0539	34.27258	706.54034	306.52234	1184.2233	-6.797912	6942.5312	2574.1465	9695.973	-582.0888	1000.0	7274.479	2716.9006	10364.01	-681.5422	1000.0	532000
134	-711.2546	34.37988	708.7407	306.66663	1184.2233	-6.797912	6959.9985	2572.529	9695.973	-582.0888	1000.0	7287.164	2714.75	10364.01	-681.5422	1000.0	536000
135	-713.43353	34.483425	710.91956	306.79807	1184.2233	-6.797912	6978.548	2571.978	9695.973	-582.0888	1000.0	7300.9272	2718.0676	10546.633	-681.5422	1000.0	540000
136	-715.5804	34.585762	713.0663	306.91367	1184.2377	-6.797912	6992.876	2568.912	9695.973	-582.0888	1000.0	7320.388	2717.5017	10546.633	-681.5422	1000.0	544000
137	-717.704	34.69281	715.19006	307.02573	1184.2377	-6.797912	7009.9727	2567.322	9695.973	-582.0888	1000.0	7338.597	2715.9146	10546.633	-681.5422	1000.0	548000
138	-719.8067	34.791203	717.29236	307.13663	1187.8162	-6.797912	7026.247	2565.157	9695.973	-582.0888	1000.0	7357.374	2715.0315	10546.633	-681.5422	1000.0	552000
139	-721.89026	34.892982	719.376	307.2433	1187.8162	-6.797912	7043.3877	2564.0046	9819.014	-582.0888	1000.0	7375.275	2713.4343	10546.633	-681.5422	1000.0	556000
140	-723.95544	34.994934	721.441	307.34586	1191.1416	-6.797912	7059.224	2561.6792	9819.014	-582.0888	1000.0	7392.5483	2711.4429	10546.633	-681.5422	1000.0	560000
141	-726.00543	35.096725	723.49054	307.44473	1191.1416	-6.797912	7076.3286	2560.614	9819.014	-582.0888	1000.0	7410.3447	2710.0195	10546.633	-681.5422	1000.0	564000
142	-728.0425	35.19978	725.5277	307.53967	1191.1416	-6.797912	7093.975	2560.1833	9819.014	-582.0888	1000.0	7427.7993	2708.4536	10546.633	-681.5422	1000.0	568000
143	-730.06384	35.291115	727.54895	307.63416	1195.1562	-6.797912	7109.977	2558.397	9819.014	-582.0888	1000.0	7445.3384	2707.0728	10546.633	-681.5422	1000.0	572000
144	-732.073	35.38132	729.5576	307.7257	1195.1562	-6.797912	7126.1924	2556.864	9819.014	-582.0888	1000.0	7456.2974	2706.0034	10546.633	-681.5422	1000.0	576000
145	-734.06824	35.47918	731.5523	307.81467	1195.1562	-6.797912	7142.1465	2555.2292	9819.014	-582.0888	1000.0	7470.3267	2702.0854	10546.633	-681.5422	1000.0	580000
146	-736.0539	35.58019	733.5381	307.89682	1197.3208	-6.797912	7157.961	2553.6082	9819.014	-582.0888	1000.0	7481.3423	2696.1345	10546.633	-681.5422	1000.0	584000
147	-738.02185	35.67479	735.5059	307.97214	1197.9542	-6.797912	7173.5146	2551.952	9819.014	-582.0888	1000.0	7498.0176	2694.5247	10546.633	-681.5422	1000.0	588000
148	-739.97614	35.761547	737.4602	308.0415	1202.2584	-6.797912	7188.689	2550.01	9819.014	-582.0888	1000.0	7514.134	2692.5642	10546.633	-681.5422	1000.0	592000
149	-741.9093	35.84834	739.3935	308.10672	1202.2584	-6.797912	7202.6235	2547.1113	9819.014	-582.0888	1000.0	7530.8013	2691.1697	10546.633	-681.5422	1000.0	596000
150	-743.82477	35.932217	741.30927	308.16516	1202.8739	-6.797912	7217.6	2545.2441	9819.014	-582.0888	1000.0	7545.524	2688.2092	10546.633	-681.5422	1000.0	600000
151	-745.7184	36.01569	743.203	308.21814	1202.8739	-6.797912	7231.374	2542.4717	9819.014	-582.0888	1000.0	7561.656	2687.0564	10575.644	-681.5422	1000.0	604000
152	-747.5945	36.11113	745.0793	308.26746	1202.8739	-6.797912	7246.1216	2540.6074	9819.014	-582.0888	1000.0	7579.3726	2687.0513	10575.644	-681.5422	1000.0	608000
153	-749.45276	36.196415	746.93756	308.3115	1207.7019	-6.797912	7260.925	2538.9028	9819.014	-582.0888	1000.0	7595.9907	2686.0955	10575.644	-681.5422	1000.0	612000
154	-751.29315	36.27639	748.7785	308.3504	1207.7019	-6.797912	7275.2417	2536.847	9819.014	-582.0888	1000.0	7613.042	2685.6716	10575.644	-681.5422	1000.0	616000
155	-753.1106	36.351654	750.59607	308.38687	1207.7019	-6.797912	7289.3726	2534.8687	10004.015	-582.0888	1000.0	7628.1943	2683.6118	10575.644	-681.5422	1000.0	620000
156	-754.91205	36.4337	752.3983	308.42383	1207.7019	-6.797912	7303.7725	2533.1714	10004.015	-582.0888	1000.0	7641.7417	2680.526	10575.644	-681.5422	1000.0	624000
157	-756.692	36.514458	754.1785	308.4557	1222.0171	-6.797912	7318.2705	2531.6265	10004.015	-582.0888	1000.0	7656.9463	2678.8264	10575.644	-681.5422	1000.0	628000
158	-758.45605	36.594193	755.9429	308.48676	1222.0171	-6.797912	7326.574	2529.6943	10004.015	-582.0888	1000.0	7671.203	2676.3184	10575.644	-681.5422	1000.0	632000
159	-760.2009	36.677727	757.6879	308.5101	1222.0171	-6.797912	7340.0103	2527.4614	10004.015	-582.0888	1000.0	7686.7837	2675.088	10575.644	-681.5422	1000.0	636000
160	-761.9272	36.75432	759.4148	308.52365	1222.0171	-6.797912	7353.4688	2525.274	10004.015	-582.0888	1000.0	7700.513	2672.3481	10575.644	-681.5422	1000.0	640000
161	-763.6364	36.8409	761.12445	308.52972	1224.3552	-6.797912	7363.742	2521.5059	10004.015	-582.0888	1000.0	7714.782	2670.1753	10575.644	-681.5422	1000.0	644000
162	-765.3293	36.924553	762.8179	308.52588	1224.3552	-6.797912	7377.1064	2519.4355	10004.015	-582.0888	1000.0	7729.352	2668.4043	10575.644	-681.5422	1000.0	648000
163	-767.0089	36.998974	764.4982	308.5183	1224.3552	-6.797912	7390.7056	2517.6677	10004.015	-582.0888	1000.0	7744.7065	2667.3928	10575.644	-681.5422	1000.0	652000
164	-768.674	37.08001	766.164	308.5095	1224.3552	-6.797912	7404.5215	2516.2446	10004.015	-582.0888	1000.0	7755.5317	2663.1526	10575.644	-681.5422	1000.0	656000
165	-770.3255	37.16089	767.81586	308.49524	1224.3552	-6.797912	7418.0107	2514.553	10004.015	-582.0888	1000.0	7770.013	2661.5444	10575.644	-681.5422	1000.0	660000
166	-771.9562	37.23292	769.44727	308.4784	1224.3552	-6.797912	7430.8545	2512.4006	10004.015	-582.0888	1000.0	7783.2646	2659.013	10575.644	-681.5422	1000.0	664000
167	-773.56415	37.311073	771.05615	308.45297	1224.3552	-6.797912	7443.2065	2510.079	10004.015	-582.0888	1000.0	7798.092	2657.94	10575.644	-681.5422	1000.0	668000
168	-775.16016	37.393333	772.65295	308.42462	1224.3552	-6.797912	7455.305	2507.489	10004.015	-582.0888	1000.0	7808.4316	2653.4531	10575.644	-681.5422	1000.0	672000
169	-776.7384	37.465588	774.2322	308.3888	1224.3552	-6.797912	7467.119	2504.792	10004.015	-582.0888	1000.0	7819.826	2649.73	10575.644	-681.5422	1000.0	676000
170	-778.3034	37.542553	775.79803	308.34958	1224.3552	-6.797912	7479.5874	2502.6763	10004.015	-582.0888	1000.0	7834.4175	2648.7454	10575.644	-681.5422	1000.0	680000
171	-779.85364	37.623306	777.349	308.307	1224.3552	-6.797912	7490.1133	2499.5203	10004.015	-582.0888	1000.0	7844.3555	2649.2397	10575.644	-681.5422	1000.0	684000
172	-781.39233	37.70172	778.8883	308.261	1224.3552	-6.797912	7502.9883	2498.0173	10004.015	-582.0888	1000.0	7857.3545	2647.0505	10575.644	-681.5422	1000.0	688000
173	-782.9192	37.774067	780.4158	308.2126	1224.3552	-6.797912	7514.961	2495.779	10004.015	-582.0888	1000.0	7867.4473	2642.7961	10575.644	-681.5422	1000.0	692000
174	-784.4337	37.839973	781.93097	308.16043	1230.1997	-6.797912	7527.994	2494.5374	10110.052	-582.0888	1000.0	7878.246	2639.0276	10575.644	-681.5422	1000.0	696000
175	-785.9319	37.909733	783.42993	308.10413	1230.1997	-6.797912	7540.5728	2492.939	10110.052	-582.0888	1000.0	7889.641	2635.8025	10575.644	-681.5422	1000.0	700000
176	-787.4195	37.972797	784.91864	308.04892	1230.1997	-6.797912	7551.8364	2490.3296	10110.052	-582.0888	1000.0	7902.2354	2633.6138	10575.644	-681.5422	1000.0	704000
177	-788.8885	38.033485	786.3887	307.9875	1230.1997	-6.797912	7552.839	2494.7947	10110.052	-582.0888	1000.0	7913.694	2630.6147	10575.644	-681.5422	1000.0	708000
178	-790.3385	38.11592	787.83954	307.92227	1230.1997	-6.797912	7563.6284	2491.9468	10110.052	-582.0888	1000.0	7926.7686	2628.996	10575.644	-681.5422	1000.0	712000
179	-791.7794	38.190105	789.28094	307.85486	1230.1997	-6.797912	7574.8853	2489.517	10110.052	-582.0888	1000.0	7938.4697	2626.3408	10575.644	-681.5422	1000.0	716000
180	-793.20917	38.267574	790.7113	307.78345	1230.1997	-6.797912	7586.4194	2487.387	10110.052	-582.0888	1000.0	7952.653	2625.9248	10684.653	-681.5422	1000.0	720000
181	-794.6309	38.333523	792.1337	307.70868	1230.1997	-6.797912	7598.2515	2485.6152	10110.052	-582.0888	1000.0	7965.5293	2624.3796	10684.653	-681.5422	1000.0	724000
182	-796.04083	38.403088	793.5446	307.6332	1230.1997	-6.797912	7609.137	2483.1387	10110.052	-582.0888	1000.0	7974.2144	2627.0305	10684.653	-681.5422	1000.0	728000
183	-797.4426	38.460842	794.9474	307.55624	1230.1997	-6.797912	7619.4795	2480.3022	10110.052	-582.0888	1000.0	7985.0957	2623.9626	10684.653	-681.5422	1000.0	732000
184	-798.82263	38.52121	796.32874	307.47858	1230.1997	-6.797912	7629.823	2477.5203	10110.052	-582.0888	1000.0	7996.72	2621.581	10684.653	-681.5422	1000.0	736000
185	-800.194	38.577774	797.70087	307.39355	1230.1997	-6.797912	7641.8013	2476.169	10110.052	-582.0888	1000.0	8006.738	2618.5327	10684.653	-681.5422	1000.0	740000
186	-801.55597	38.633644	799.06384	307.30206	1230.1997	-6.797912	7652.364	2473.7786	10110.052	-582.0888	1000.0	8013.898	2617.4097	10684.653	-681.5422	1000.0	744000
187	-802.9055	38.70379	800.41437	307.2035	1230.1997	-6.797912	7663.9136	2472.2083	10110.052	-582.0888	1000.0	8024.2954	2614.4543	10684.653	-681.5422	1000.0	748000
188	-804.2466	38.7612	801.75653	307.1056	1230.1997	-147.49121	7671.1504	2468.7773	10110.052	-582.0888	1000.0	8036.9927	2613.326	10684.653	-681.5422	1000.0	752000
189	-805.57495	38.82327	803.08624	307.00687	1230.1997	-202.17343	7682.385	2467.068	10110.052	-582.0888	1000.0	8049.8745	2612.4302	10784.952	-681.5422	1000.0	756000
190	-806.89374	38.882423	804.40607	306.90564	1230.1997	-202.17343	7693.11	2465.056	10110.052	-582.0888	1000.0	8059.302	2614.4438	10828.456	-681.5422	1000.0	760000
191	-808.19824	38.9525	805.71173	306.80255	1230.1997	-202.17343	7704.2256	2463.3906	10110.052	-582.0888	1000.0	8072.225	2613.689	10828.456	-681.5422	1000.0	764000
192	-809.4941	39.018116	807.00854	306.70032	1230.1997	-202.17343	7714.7866	2461.3323	10110.052	-582.0888	1000.0	8084.625	2612.5247	10828.456	-681.5422	1000.0	768000
193	-810.7779	39.07545	808.2936	306.59467	1230.1997	-202.17343	7722.6685	2458.1567	10110.052	-582.0888	1000.0	8093.742	2608.837	10828.456	-681.5422	1000.0	772000
194	-812.0468	39.129265	809.56384	306.48654	1230.1997	-202.17343	7733.049	2456.0774	10110.052	-582.0888	1000.0	8105.8867	2607.5952	10828.456	-681.5422	1000.0	776000
195	-813.3081	39.181095	810.8266	306.38052	1230.1997	-202.17343	7743.6665	2454.2483	10110.052	-582.0888	1000.0	8116.3896	2605.039	10828.456	-681.5422	1000.0	780000
196	-814.556	39.235508	812.07574	306.27646	1230.1997	-202.17343	7754.2583	2452.4968	10110.052	-582.0888	1000.0	8126.9224	2602.566	10828.456	-681.5422	1000.0	784000
197	-815.7955	39.29494	813.31616	306.1752	1233.7297	-202.17343	7765.2812	2451.1423	10110.052	-582.0888	1000.0	8138.6387	2601.1614	10828.456	-681.5422	1000.0	788000
198	-817.02594	39.36341	814.5478	306.07883	1233.7297	-202.17343	7775.41	2449.1055	10110.052	-582.0888	1000.0	8149.7695	2599.4404	10828.456	-681.5422	1000.0	792000
199	-818.2486	39.42198	815.77136	305.98248	1233.7297	-202.17343	7786.068	2447.596	10110.052	-582.0888	1000.0	8162.113	2598.7166	10828.456	-681.5422	1000.0	796000
200	-819.4573	39.477898	816.98114	305.88406	1233.7297	-228.09735	7795.325	2445.0305	10110.052	-582.0888	1000.0	8173.263	2597.0183	10828.456	-681.5422	1000.0	800000
201	-820.6635	39.539165	818.1883	305.78473	1233.7297	-274.44925	7805.207	2442.9656	10110.052	-582.0888	1000.0	8185.5312	2596.364	10828.456	-681.5422	1000.0	804000
202	-821.8639	39.59364	819.3901	305.67798	1233.7297	-274.44925	7814.8203	2440.7385	10110.052	-582.0888	1000.0	8196.668	2594.7664	10884.828	-681.5422	1000.0	808000
203	-823.05237	39.65384	820.58	305.56845	1233.7297	-274.44925	7823.0	2438.2708	10110.052	-582.0888	1000.0	8202.975	2592.2583	10884.828	-681.5422	1000.0	812000
204	-824.2312	39.712067	821.76013	305.4577	1233.7297	-274.44925	7832.789	2436.326	10110.052	-582.0888	1000.0	8212.883	2589.7913	10884.828	-681.5422	1000.0	816000
205	-825.4005	39.772987	822.93085	305.34207	1233.7297	-274.44925	7842.736	2434.5469	10110.052	-582.0888	1000.0	8224.209	2588.5488	10884.828	-681.5422	1000.0	820000
206	-826.55896	39.833504	824.0904	305.2307	1233.7297	-274.44925	7852.5205	2432.6936	10110.052	-582.0888	1000.0	8233.499	2585.6992	10884.828	-681.5422	1000.0	824000
207	-827.7117	39.886692	825.24445	305.11954	1233.7297	-274.44925	7862.874	2431.3713	10123.16	-582.0888	1000.0	8243.668	2583.9736	10884.828	-681.5422	1000.0	828000
208	-828.85345	39.94205	826.38763	305.00177	1233.7297	-274.44925	7872.297	2429.3193	10123.16	-582.0888	1000.0	8254.23	2582.3062	10884.828	-681.5422	1000.0	832000
209	-829.9893	39.99479	827.5249	304.88544	1233.7297	-274.44925	7881.721	2427.3179	10123.16	-582.0888	1000.0	8262.482	2578.8796	10884.828	-681.5422	1000.0	836000
210	-831.11145	40.052914	828.64856	304.77084	1233.7297	-278.8493	7890.533	2424.959	10124.119	-582.0888	1000.0	8272.922	2577.175	10884.828	-681.5422	1000.0	840000
211	-832.22833	40.113205	829.7673	304.65668	1233.7297	-287.63242	7899.1787	2422.4849	10124.119	-582.0888	1000.0	8282.702	2574.9817	10884.828	-681.5422	1000.0	844000
212	-833.34357	40.16562	830.8834	304.54257	1233.7297	-287.63242	7907.789	2420.0793	10124.119	-582.0888	1000.0	8294.185	2574.3672	11111.881	-681.5422	1000.0	848000
213	-834.4547	40.215134	831.99554	304.4272	1236.0625	-287.63242	7917.178	2418.3298	10370.821	-582.0888	1000.0	8304.961	2573.1228	11111.881	-681.5422	1000.0	852000
214	-835.56134	40.270958	833.10345	304.31262	1238.0762	-287.63242	7926.706	2416.678	10370.821	-582.0888	1000.0	8314.363	2570.7878	11111.881	-681.5422	1000.0	856000
215	-836.6623	40.326546	834.2056	304.1977	1238.0762	-287.63242	7935.564	2414.592	10370.821	-582.0888	1000.0	8324.068	2568.7485	11111.881	-681.5422	1000.0	860000
216	-837.75305	40.37975	835.2979	304.08102	1240.6808	-287.63242	7944.5386	2412.5913	10370.821	-582.0888	1000.0	8334.726	2567.5833	11111.881	-681.5422	1000.0	864000
217	-838.8397	40.423725	836.3855	303.96475	1240.6808	-287.63242	7953.7393	2410.8982	10370.821	-582.0888	1000.0	8344.928	2566.087	11111.881	-681.5422	1000.0	868000
218	-839.9192	40.46493	837.4664	303.84595	1240.6808	-287.63242	7962.431	2408.7693	10370.821	-582.0888	1000.0	8355.093	2564.5903	11111.881	-681.5422	1000.0	872000
219	-840.98926	40.506912	838.5375	303.7247	1240.6808	-287.63242	7970.481	2406.2988	10370.821	-582.0888	1000.0	8363.2295	2561.5647	11111.881	-681.5422	1000.0	876000
220	-842.0526	40.558693	839.60187	303.60242	1241.0322	-287.63242	7979.242	2404.3442	10370.821	-582.0888	1000.0	8373.754	2560.5046	11111.881	-681.5422	1000.0	880000
221	-843.11426	40.604416	840.6648	303.4802	1241.0322	-287.63242	7988.062	2402.5913	10370.821	-582.0888	1000.0	8384.076	2559.3018	11111.881	-681.5422	1000.0	884000
222	-844.1712	40.644966	841.72266	303.3596	1243.8447	-287.63242	7997.1475	2401.0244	10370.821	-582.0888	1000.0	8390.653	2555.4329	11111.881	-681.5422	1000.0	888000
223	-845.22125	40.68455	842.7736	303.23904	1243.8447	-287.63242	8005.806	2399.1177	10370.821	-582.0888	1000.0	8400.376	2553.8186	11111.881	-681.5422	1000.0	892000
224	-846.25964	40.724342	843.8136	303.11755	1243.8447	-287.63242	8014.501	2397.3162	10370.821	-582.0888	1000.0	8409.028	2551.406	11111.881	-681.5422	1000.0	896000
225	-847.2918	40.76979	844.8471	302.99677	1247.2815	-287.63242	8022.5356	2395.005	10370.821	-582.0888	1000.0	8417.001	2548.5828	11111.881	-681.5422	1000.0	900000
226	-848.3221	40.81077	845.87823	302.87653	1247.2815	-287.63242	8030.242	2392.591	10370.821	-582.0888	1000.0	8427.21	2547.5522	11111.881	-681.5422	1000.0	904000
227	-849.3462	40.848217	846.90326	302.75433	1247.7417	-287.63242	8038.879	2390.8928	10370.821	-582.0888	1000.0	8436.24	2545.575	11111.881	-681.5422	1000.0	908000
228	-850.3671	40.88443	847.92535	302.63123	1247.7417	-296.4044	8046.89	2388.717	10370.821	-582.0888	1000.0	8445.326	2543.6836	11111.881	-681.5422	1000.0	912000
229	-851.3823	40.923176	848.9416	302.50647	1248.2242	-296.4044	8054.614	2386.3914	10370.821	-582.0888	1000.0	8453.464	2541.177	11111.881	-681.5422	1000.0	916000
230	-852.3928	40.966103	849.9534	302.38367	1250.8314	-309.61414	8062.766	2384.4192	10370.821	-582.0888	1000.0	8463.104	2539.853	11111.881	-681.5422	1000.0	920000
231	-853.3954	41.00237	850.95715	302.26215	1250.8314	-329.32437	8070.485	2382.178	10370.821	-582.0888	1000.0	8469.877	2537.518	11111.881	-681.5422	1000.0	924000
232	-854.39636	41.03282	851.9594	302.13977	1250.8314	-329.32437	8078.2676	2379.985	10370.821	-582.0888	1000.0	8478.956	2535.8123	11111.881	-681.5422	1000.0	928000
233	-855.3893	41.06491	852.9536	302.01297	1250.8314	-329.32437	8086.672	2378.3271	10370.821	-582.0888	1000.0	8488.393	2534.4858	11152.562	-681.5422	1000.0	932000
234	-856.3759	41.096657	853.94135	301.88477	1250.8314	-329.32437	8093.8174	2375.8018	10370.821	-582.0888	1000.0	8496.52	2532.117	11152.562	-681.5422	1000.0	936000
235	-857.3556	41.123627	854.92236	301.75714	1251.1357	-329.32437	8100.635	2373.089	10370.821	-582.0888	1000.0	8505.749	2530.703	11152.562	-681.5422	1000.0	940000
236	-858.3276	41.14774	855.8955	301.62933	1251.1357	-329.32437	8107.969	2370.7559	10370.821	-582.0888	1000.0	8515.305	2529.617	11152.562	-681.5422	1000.0	944000
237	-859.29254	41.170765	856.86176	301.5013	1251.6882	-329.32437	8115.6265	2368.7156	10370.821	-582.0888	1000.0	8524.284	2528.0698	11152.562	-681.5422	1000.0	948000
238	-860.25	41.189003	857.8204	301.3714	1251.6882	-329.32437	8124.167	2367.4124	10424.221	-582.0888	1000.0	8533.008	2526.3486	11152.562	-681.5422	1000.0	952000
239	-861.2005	41.21868	858.7721	301.24112	1251.6882	-329.32437	8131.826	2365.4238	10424.221	-582.0888	1000.0	8540.897	2524.037	11152.562	-681.5422	1000.0	956000
240	-862.14056	41.237885	859.7136	301.11078	1251.6882	-329.32437	8140.2	2364.0642	10424.221	-582.0888	1000.0	8548.819	2521.8123	11152.562	-681.5422	1000.0	960000
241	-863.07306	41.264236	860.6474	300.9829	1252.0996	-329.32437	8147.561	2361.9905	10424.221	-582.0888	1000.0	8557.1455	2519.9087	11152.562	-681.5422	1000.0	964000
242	-863.9976	41.302036	861.5733	300.85593	1252.0996	-329.32437	8155.239	2360.2007	10424.221	-582.0888	1000.0	8564.817	2517.5698	11152.562	-681.5422	1000.0	968000
243	-864.9195	41.334053	862.4964	300.7301	1253.9138	-329.32437	8163.067	2358.498	10424.221	-582.0888	1000.0	8572.452	2515.6018	11152.562	-681.5422	1000.0	972000
244	-865.84094	41.37201	863.41925	300.6027	1256.4586	-329.32437	8170.502	2356.5452	10424.221	-582.0888	1000.0	8579.498	2513.0571	11152.562	-681.5422	1000.0	976000
245	-866.75903	41.40126	864.3382	300.47244	1259.4752	-329.32437	8177.586	2354.3547	10424.221	-582.0888	1000.0	8588.367	2511.7712	11152.562	-681.5422	1000.0	980000
246	-867.6718	41.435226	865.25195	300.3413	1259.4752	-329.32437	8185.7305	2353.0586	10424.221	-582.0888	1000.0	8595.127	2508.9355	11152.562	-681.5422	1000.0	984000
247	-868.57837	41.468307	866.15985	300.20996	1259.4752	-329.32437	8193.13	2351.1843	10424.221	-582.0888	1000.0	8604.01	2507.7466	11239.082	-681.5422	1000.0	988000
248	-869.4782	41.497597	867.06116	300.08078	1259.4752	-329.32437	8201.022	2349.7163	10424.221	-582.0888	1000.0	8612.978	2506.66	11239.082	-681.5422	1000.0	992000
249	-870.3732	41.533844	867.957	299.9507	1260.5789	-329.32437	8203.17	2349.5266	10424.221	-582.0888	1000.0	8621.633	2505.3447	11239.082	-681.5422	1000.0	996000
250	-871.2628	41.56573	868.8478	299.81845	1263.187	-329.32437	8211.259	2348.3047	10424.221	-582.0888	1000.0	8629.864	2503.7278	11239.082	-681.5422	1000.0	1000000
