epoch	pi-loss	v-loss	average-v-values	std-v-values	max-v-values	min-v-values	average-episode-return	std-episode-return	max-episode-return	min-episode-return	episode-length	total-env-interacts
1	0.047490418	781.1902	-4.079364	0.8278865	1.3033125	-5.3467016	-323.91064	98.98012	-155.80783	-398.6138	1000.0	4000
2	-0.0036513805	674.6599	-6.6699553	2.6608067	1.3033125	-9.383185	-310.02234	75.38146	-155.80783	-398.6138	1000.0	8000
3	-0.020369967	587.00995	-8.209324	3.0842931	1.3033125	-11.456286	-283.4653	95.046326	-80.86259	-398.6138	1000.0	12000
4	-0.014396548	536.48456	-9.548601	3.5404027	1.3033125	-13.673816	-277.67752	83.50995	-80.86259	-398.6138	1000.0	16000
5	-0.01256516	486.18262	-10.778112	4.0173545	1.3033125	-15.801738	-277.33398	75.98083	-80.86259	-398.6138	1000.0	20000
6	-0.01350069	450.13333	-11.700474	4.268043	10.735752	-16.720959	-270.55093	75.59502	-80.86259	-398.6138	1000.0	24000
7	-0.01883529	427.1714	-12.601406	4.534754	10.735752	-18.167065	-271.1473	70.4637	-80.86259	-398.6138	1000.0	28000
8	-0.019435138	423.52185	-13.381901	4.8153224	13.870855	-19.695946	-273.2625	69.47156	-80.86259	-398.6138	1000.0	32000
9	-0.02584844	399.13437	-14.193618	5.10399	13.870855	-20.935879	-273.08997	69.40011	-80.86259	-398.6138	1000.0	36000
10	-0.025057722	381.59906	-14.955467	5.361464	13.870855	-22.013134	-273.86633	69.13214	-80.86259	-398.6138	1000.0	40000
11	-0.028634613	372.27353	-15.510343	5.476456	13.870855	-22.163067	-271.54895	70.5101	-80.86259	-398.6138	1000.0	44000
12	-0.025734106	355.5438	-16.103153	5.613387	13.870855	-23.043455	-271.13266	69.78958	-80.86259	-398.6138	1000.0	48000
13	-0.026583424	358.47415	-16.690245	5.7948384	13.870855	-24.552242	-274.0244	72.785576	-80.86259	-427.7604	1000.0	52000
14	-0.025602877	344.85748	-17.068926	5.8232465	13.870855	-24.552242	-271.075	73.36686	-80.86259	-427.7604	1000.0	56000
15	-0.02462604	333.04108	-17.494156	5.881454	13.870855	-24.88504	-271.4228	71.30277	-80.86259	-427.7604	1000.0	60000
16	-0.027157005	337.86182	-17.926016	6.001255	13.870855	-26.20571	-272.77313	72.165596	-80.86259	-427.7604	1000.0	64000
17	-0.027223017	335.62106	-18.089626	6.038397	14.238067	-26.38016	-270.67538	70.62043	-80.86259	-427.7604	1000.0	68000
18	-0.027442299	324.2538	-18.296204	5.988862	14.238067	-26.38016	-268.87195	69.88317	-80.86259	-427.7604	1000.0	72000
19	-0.027475325	321.36252	-18.445417	6.0110903	14.238067	-26.802448	-267.87805	74.13311	-48.43627	-427.7604	1000.0	76000
20	-0.02785257	314.32852	-18.712341	6.0260787	14.238067	-26.963127	-267.73862	73.47917	-48.43627	-427.7604	1000.0	80000
21	-0.028503712	308.73233	-18.840511	5.9784775	14.238067	-26.963127	-266.47964	72.2972	-48.43627	-427.7604	1000.0	84000
22	-0.027982045	300.33786	-19.084068	5.9755416	14.238067	-26.97335	-266.51736	70.66959	-48.43627	-427.7604	1000.0	88000
23	-0.02657201	294.6651	-19.042097	5.898377	14.238067	-26.97335	-263.18768	71.47988	-48.43627	-427.7604	1000.0	92000
24	-0.026874362	292.48535	-19.195433	5.863605	14.238067	-27.165768	-262.79837	70.48075	-48.43627	-427.7604	1000.0	96000
25	-0.027320284	288.77646	-19.046019	5.8583193	14.238067	-27.165768	-259.1498	71.77085	-48.43627	-427.7604	1000.0	100000
26	-0.027060334	284.2711	-19.118298	5.835529	14.238067	-27.18237	-258.69785	71.36883	-48.43627	-427.7604	1000.0	104000
27	-0.02769476	282.6588	-19.206081	5.856889	15.044582	-27.663443	-257.75778	70.92423	-48.43627	-427.7604	1000.0	108000
28	-0.027515871	281.4763	-19.38828	5.912166	15.044582	-28.450756	-258.5711	71.83282	-48.43627	-430.43045	1000.0	112000
29	-0.025260938	277.00946	-19.635904	5.983858	15.044582	-28.450756	-259.81268	71.045815	-48.43627	-430.43045	1000.0	116000
30	-0.026494367	271.0649	-19.628979	5.999129	15.044582	-28.450756	-257.8905	72.00818	-48.43627	-430.43045	1000.0	120000
31	-0.02765121	269.53372	-19.61111	5.962059	15.044582	-28.450756	-256.52417	71.777855	-48.43627	-430.43045	1000.0	124000
32	-0.02749039	269.99796	-19.638367	5.9480333	15.044582	-28.450756	-255.55963	71.54859	-48.43627	-430.43045	1000.0	128000
33	-0.027190827	267.8512	-19.631823	5.9313865	15.044582	-28.450756	-254.71147	70.86382	-48.43627	-430.43045	1000.0	132000
34	-0.024797639	265.83252	-19.749775	5.962025	17.919497	-28.880716	-255.14525	70.22618	-48.43627	-430.43045	1000.0	136000
35	-0.024879226	263.76724	-19.81828	5.9319263	17.919497	-29.054195	-254.95535	69.576614	-48.43627	-430.43045	1000.0	140000
36	-0.026706941	259.52884	-19.90674	5.9717827	17.919497	-29.31272	-254.83322	69.58318	-48.43627	-430.43045	1000.0	144000
37	-0.026855355	257.03336	-19.90052	5.955504	17.919497	-29.36815	-253.69798	69.08766	-48.43627	-430.43045	1000.0	148000
38	-0.027025843	255.79463	-19.957731	6.0103574	17.919497	-30.476362	-253.84116	68.84899	-48.43627	-430.43045	1000.0	152000
39	-0.028380847	251.98141	-19.933939	5.9939423	17.919497	-30.476362	-252.75443	68.921005	-48.43627	-430.43045	1000.0	156000
40	-0.027367473	250.60913	-20.016233	5.9776626	17.919497	-30.476362	-252.91748	68.86372	-48.43627	-430.43045	1000.0	160000
41	-0.02694034	247.12679	-20.017885	6.012202	17.919497	-30.476362	-251.95012	69.00656	-48.43627	-430.43045	1000.0	164000
42	-0.0278592	243.4301	-20.070152	6.050591	17.919497	-30.476362	-251.86325	68.7457	-48.43627	-430.43045	1000.0	168000
43	-0.027704874	240.90736	-20.181662	6.089885	17.919497	-31.023869	-252.33983	68.794426	-48.43627	-430.43045	1000.0	172000
44	-0.028321551	239.24323	-20.110355	6.0897536	17.919497	-31.023869	-251.01016	68.852264	-48.43627	-430.43045	1000.0	176000
45	-0.02841322	237.15244	-20.163363	6.1012807	17.919497	-31.624092	-251.00972	68.68563	-48.43627	-430.43045	1000.0	180000
46	-0.028764466	234.37917	-20.19832	6.216356	17.919497	-31.747627	-250.50671	68.89609	-48.43627	-430.43045	1000.0	184000
47	-0.027993431	233.56664	-20.186415	6.2218866	17.919497	-31.747627	-250.02705	68.32377	-48.43627	-430.43045	1000.0	188000
48	-0.027356178	231.43132	-20.133387	6.221957	17.919497	-31.747627	-248.74597	68.92384	-48.43627	-430.43045	1000.0	192000
49	-0.02763808	228.8593	-19.919529	6.360981	17.919497	-31.747627	-245.68163	71.736664	-48.43627	-430.43045	1000.0	196000
50	-0.027802475	227.83417	-19.912699	6.3855095	17.919497	-31.747627	-245.1028	72.03861	-48.43627	-430.43045	1000.0	200000
