epoch	pi-loss	v-loss	average-v-values	std-v-values	max-v-values	min-v-values	average-episode-return	std-episode-return	max-episode-return	min-episode-return	episode-length	total-env-interacts
1	-0.015122592	1257.27	-3.9897554	0.77738076	0.21976304	-5.279039	-384.1192	125.46837	-192.3597	-544.19684	1000.0	4000
2	-0.03316784	1172.4509	-6.625821	2.697195	0.21976304	-9.366921	-400.6183	90.64614	-192.3597	-544.19684	1000.0	8000
3	-0.024767876	1062.7795	-8.42546	3.3740072	3.8816369	-12.105491	-393.21017	89.708244	-192.3597	-544.19684	1000.0	12000
4	-0.024839714	1088.3306	-10.130321	4.1544228	3.8816369	-15.273095	-414.67007	91.158875	-192.3597	-571.4651	1000.0	16000
5	-0.017508496	954.7028	-11.393224	4.494477	3.8816369	-16.485916	-388.99698	103.92412	-137.73018	-571.4651	1000.0	20000
6	-0.017464017	919.51044	-12.638789	4.959062	3.8816369	-18.89059	-398.64975	102.579124	-137.73018	-571.4651	1000.0	24000
7	-0.017434299	867.6992	-13.788025	5.385539	3.8816369	-20.702137	-395.6968	103.497215	-137.73018	-571.4651	1000.0	28000
8	-0.018061161	837.138	-14.905102	5.84069	3.8816369	-22.734291	-398.10312	104.228806	-137.73018	-574.47845	1000.0	32000
9	-0.021804107	811.91907	-15.968934	6.275128	3.8816369	-24.487644	-398.8112	100.7952	-137.73018	-574.47845	1000.0	36000
10	-0.020894527	753.14825	-16.851402	6.5254188	4.064515	-24.941607	-388.92087	100.89283	-137.73018	-574.47845	1000.0	40000
11	-0.01973215	726.98267	-17.73997	6.8268323	4.064515	-26.6324	-391.49158	99.57397	-137.73018	-574.47845	1000.0	44000
12	-0.020273944	690.12665	-18.520851	7.030919	4.064515	-27.13519	-386.32535	97.06952	-137.73018	-574.47845	1000.0	48000
13	-0.018061152	668.169	-19.258234	7.221925	4.064515	-28.113949	-384.2336	96.09033	-137.73018	-574.47845	1000.0	52000
14	-0.014473285	641.2589	-19.983269	7.434018	4.064515	-29.414856	-385.49713	93.38614	-137.73018	-574.47845	1000.0	56000
15	-0.013978537	624.3432	-20.677404	7.6396174	4.064515	-30.458763	-385.8469	93.333305	-137.73018	-574.47845	1000.0	60000
16	-0.014410421	609.21375	-21.368912	7.8715525	4.064515	-31.812286	-388.08322	92.369576	-137.73018	-574.47845	1000.0	64000
17	-0.017010955	598.1048	-22.041222	8.10363	16.878614	-32.94658	-390.20044	91.80232	-137.73018	-574.47845	1000.0	68000
18	-0.016793583	580.1426	-21.959185	8.0534115	22.70295	-32.94658	-380.58594	97.74246	-137.73018	-574.47845	1000.0	72000
19	-0.0177501	563.6755	-21.988865	7.929365	22.70295	-32.94658	-374.3029	101.10656	-137.73018	-574.47845	1000.0	76000
20	-0.01522336	549.5964	-22.257252	7.8729696	22.70295	-32.94658	-370.85345	100.80332	-137.73018	-574.47845	1000.0	80000
21	-0.015034721	535.4304	-22.463972	7.787577	22.70295	-32.94658	-367.61633	100.76815	-137.73018	-574.47845	1000.0	84000
22	-0.017503912	522.49884	-22.769527	7.7588625	22.70295	-32.94658	-365.97717	101.01012	-137.73018	-574.47845	1000.0	88000
23	-0.018098915	516.5889	-23.008587	7.7444158	22.70295	-32.94658	-365.23892	100.43058	-137.73018	-574.47845	1000.0	92000
24	-0.017927865	505.5145	-23.154823	7.695069	22.70295	-32.94658	-363.1306	99.34791	-137.73018	-574.47845	1000.0	96000
25	-0.019335842	495.5208	-23.168207	7.659138	22.70295	-32.94658	-359.81165	100.7065	-124.04378	-574.47845	1000.0	100000
26	-0.019822506	484.01743	-23.221584	7.5862613	22.70295	-33.011513	-356.79605	101.10498	-124.04378	-574.47845	1000.0	104000
27	-0.01986539	474.74945	-23.308857	7.5603833	22.70295	-33.19042	-354.3164	100.794556	-124.04378	-574.47845	1000.0	108000
28	-0.022353023	468.53156	-23.330053	7.5218534	22.70295	-33.359818	-351.88297	100.10801	-124.04378	-574.47845	1000.0	112000
29	-0.0229634	457.79626	-23.374737	7.4608474	22.70295	-34.019222	-349.87726	100.10038	-124.04378	-574.47845	1000.0	116000
30	-0.022752464	452.797	-23.557705	7.479869	22.70295	-34.65759	-349.29688	100.3217	-124.04378	-574.47845	1000.0	120000
31	-0.023301855	451.8792	-23.655375	7.4673142	23.820297	-35.010044	-347.42526	101.49563	-124.04378	-574.47845	1000.0	124000
32	-0.023126025	447.96732	-23.643875	7.485556	23.820297	-35.291744	-345.49915	102.623375	-116.325165	-574.47845	1000.0	128000
33	-0.021436345	442.14136	-23.647793	7.456635	23.820297	-35.363983	-343.21527	101.903366	-116.325165	-574.47845	1000.0	132000
34	-0.02200646	435.06616	-23.655014	7.397095	23.820297	-35.363983	-341.10574	101.22571	-116.325165	-574.47845	1000.0	136000
35	-0.022914715	430.96713	-23.5837	7.3898892	23.820297	-35.363983	-338.428	102.39916	-116.325165	-574.47845	1000.0	140000
36	-0.022861335	427.38638	-23.743324	7.400072	23.820297	-36.14906	-338.2167	101.495766	-116.325165	-574.47845	1000.0	144000
37	-0.022862831	419.9216	-23.829416	7.346671	23.820297	-36.203068	-337.19012	100.4196	-116.325165	-574.47845	1000.0	148000
38	-0.02159237	414.73242	-23.707937	7.353322	23.820297	-36.203068	-333.93265	102.34985	-50.020264	-574.47845	1000.0	152000
39	-0.020207211	410.10342	-23.59203	7.3820686	23.820297	-36.203068	-330.99802	103.46522	-50.020264	-574.47845	1000.0	156000
40	-0.020275433	408.01544	-23.580736	7.366619	23.820297	-36.203068	-329.1832	104.00649	-50.020264	-574.47845	1000.0	160000
41	-0.020898607	402.57956	-23.528975	7.333398	23.820297	-36.203068	-327.03885	103.9503	-50.020264	-574.47845	1000.0	164000
42	-0.02036738	396.92603	-23.483753	7.281422	23.820297	-36.203068	-324.89142	104.10713	-50.020264	-574.47845	1000.0	168000
43	-0.020983314	391.2231	-23.433708	7.22416	23.820297	-36.203068	-322.88123	103.81253	-50.020264	-574.47845	1000.0	172000
44	-0.020604648	389.80988	-23.520123	7.2478294	24.522646	-36.982197	-322.75598	102.98633	-50.020264	-574.47845	1000.0	176000
45	-0.019506346	385.2419	-23.553816	7.2127457	24.522646	-36.982197	-322.02417	102.44244	-50.020264	-574.47845	1000.0	180000
46	-0.019035764	381.4143	-23.575544	7.1846747	24.522646	-37.087917	-320.93347	101.981895	-50.020264	-574.47845	1000.0	184000
47	-0.020637482	377.1432	-23.701815	7.18175	24.522646	-37.94963	-321.4552	101.22284	-50.020264	-574.47845	1000.0	188000
48	-0.02066965	373.87186	-23.634727	7.16475	24.522646	-37.94963	-319.4319	101.79871	-50.020264	-574.47845	1000.0	192000
49	-0.020872472	370.01404	-23.585867	7.1390953	24.522646	-37.94963	-317.953	101.54874	-50.020264	-574.47845	1000.0	196000
50	-0.020807026	366.44632	-23.52429	7.124983	24.522646	-37.94963	-316.35098	101.17838	-50.020264	-574.47845	1000.0	200000
