epoch	average-episode-return	std-episode-return	max-episode-return	min-episode-return	episode-length	pi-loss	v-loss	average-v-values	std-v-values	max-v-values	min-v-values	total-env-interacts
1	-410.54626	137.18414	-211.05959	-597.8876	1000.0	-56.341663	1459.057	-4.2985024	0.7733968	0.6071608	-5.634459	4000
2	-295.9124	44.214657	-231.32726	-354.11554	1000.0	-33.322147	488.75916	-8.902578	0.28689206	-4.660095	-9.043657	8000
3	-412.89746	82.42851	-298.75952	-520.0718	1000.0	-43.02146	980.53235	-12.555267	0.07470108	-11.072783	-12.608651	12000
4	-434.21146	43.174854	-369.73096	-487.7606	1000.0	-40.18332	867.83484	-15.612644	0.02930934	-15.203298	-15.637212	16000
5	-446.5379	95.43078	-313.63562	-582.85187	1000.0	-37.66165	865.9604	-18.388609	0.02326659	-17.961365	-18.402876	20000
6	-332.47418	53.07574	-264.9626	-413.76077	1000.0	-18.259178	357.23294	-19.933222	0.017571239	-19.60827	-19.942663	24000
7	-376.42896	63.20957	-310.3897	-455.98615	1000.0	-21.642797	308.9284	-21.632504	0.013523317	-21.404476	-21.639715	28000
8	-386.74588	92.12748	-286.56625	-516.5839	1000.0	-20.506859	416.9236	-23.352253	0.016381571	-23.00094	-23.359154	32000
9	-397.99564	63.105644	-323.11954	-496.70175	1000.0	-19.262308	413.08636	-25.074913	0.015399783	-24.637533	-25.082321	36000
10	-375.17572	44.202805	-323.69	-435.7455	1000.0	-12.201235	230.90495	-26.206024	0.010633232	-25.9892	-26.213139	40000
11	-410.1494	68.65133	-326.23965	-483.34625	1000.0	-17.2205	398.34668	-27.850227	0.010705759	-27.640022	-27.85599	44000
12	-417.8932	37.940655	-362.9781	-469.9348	1000.0	-15.225641	307.05267	-29.33136	0.007192956	-29.197422	-29.33687	48000
13	-359.71924	79.74311	-303.94208	-496.12454	1000.0	-6.213979	201.89441	-30.143332	0.0074541396	-30.038982	-30.147673	52000
14	-301.64807	26.088701	-265.1893	-332.54245	1000.0	4.170332	197.61804	-29.677334	0.31227884	-22.136383	-29.726215	56000
15	-375.9072	21.928589	-337.97385	-389.47675	1000.0	-6.347603	269.714	-30.20183	0.00884185	-30.048437	-30.20635	60000
16	-340.4391	28.55952	-299.91278	-373.87213	1000.0	-1.391985	388.58344	-30.336578	0.008016885	-30.210506	-30.342768	64000
17	-406.58426	143.18213	-252.6211	-637.3687	1000.0	-10.149117	399.16315	-31.27212	0.007111632	-31.087914	-31.276268	68000
18	-352.14172	62.142063	-265.22467	-417.1757	1000.0	-0.97902524	333.5843	-31.316057	0.049506593	-30.06115	-31.327503	72000
19	-343.03122	73.390884	-262.5837	-433.35315	1000.0	0.3643719	242.50552	-31.12433	0.3367472	-24.508408	-31.183207	76000
20	-354.2381	48.158966	-281.38574	-411.15973	1000.0	-1.8688269	354.1471	-31.12638	0.36425087	-19.746582	-31.179005	80000
21	-470.57446	58.43544	-389.50677	-528.35736	1000.0	-18.291939	436.1964	-33.771225	0.008494601	-33.57724	-33.77562	84000
22	-349.75	81.965454	-252.69543	-440.27112	1000.0	2.0639777	227.43506	-33.675655	0.498257	-9.70583	-33.733772	88000
23	-336.94815	88.18158	-231.70229	-429.3225	1000.0	4.068371	275.23035	-32.968662	0.7682357	-19.164661	-33.10053	92000
24	-400.847	22.514946	-373.14584	-429.77805	1000.0	-5.2974625	221.64236	-33.54946	0.022159826	-32.82306	-33.55655	96000
25	-315.9277	38.113293	-272.78656	-374.05557	1000.0	7.270499	188.27155	-32.218704	0.4537263	-21.509922	-32.287632	100000
26	-367.509	58.34043	-284.72046	-445.59155	1000.0	-1.7445166	293.83133	-32.21363	0.0438786	-31.231482	-32.224796	104000
27	-437.10883	86.388176	-318.98187	-544.74506	1000.0	-11.5084	300.91296	-34.223114	0.0134701235	-33.856514	-34.228798	108000
28	-372.28546	75.25659	-258.1071	-464.21753	1000.0	0.65329576	352.36237	-34.35696	0.2686635	-19.534523	-34.376648	112000
29	-263.5271	43.554867	-216.85423	-319.4206	1000.0	15.406324	220.68289	-24.332699	2.8883243	-15.421744	-32.183918	116000
30	-395.09067	40.270542	-352.19995	-447.1903	1000.0	-17.71565	298.56488	-33.609116	0.07686331	-31.637396	-33.63453	120000
31	-354.82785	78.66522	-276.38477	-481.34717	1000.0	2.1629758	226.85501	-33.274876	0.37069854	-20.868013	-33.329285	124000
32	-318.75433	58.527866	-250.95264	-388.70444	1000.0	5.697595	206.49634	-31.56635	1.7765889	-15.550502	-32.27146	128000
33	-318.4891	43.86014	-252.39381	-371.69098	1000.0	2.6444426	319.25586	-29.434298	1.721179	-24.533758	-31.708366	132000
34	-270.01166	35.42851	-213.18527	-310.69977	1000.0	8.669503	307.21976	-24.237013	1.262077	-18.39952	-28.149199	136000
35	-300.13336	66.029076	-186.23848	-343.06995	1000.0	-4.7399106	225.79416	-26.498508	2.4596887	-11.662019	-31.135845	140000
36	-291.8022	97.51556	-178.69504	-439.13586	1000.0	1.4139757	269.39703	-26.547148	1.1690285	-18.011496	-29.984652	144000
37	-327.99155	48.605408	-248.53087	-373.12112	1000.0	-4.889516	223.98483	-29.109173	1.2636122	-25.356813	-31.657116	148000
38	-330.38156	61.52776	-239.5118	-393.39087	1000.0	-0.7395457	309.4397	-28.96585	1.0755935	-20.484274	-31.796844	152000
39	-357.32178	51.52937	-291.5826	-417.97192	1000.0	-5.817065	182.6012	-31.589811	1.2402942	-26.799309	-33.11711	156000
40	-394.1561	63.072285	-299.109	-462.42493	1000.0	-5.8045897	308.4347	-33.956577	0.844892	-28.612818	-34.26666	160000
41	-335.78522	62.02917	-260.6277	-417.27515	1000.0	4.7658234	258.73416	-31.200483	2.06573	-17.044737	-33.151035	164000
42	-316.60297	55.11932	-246.38571	-400.97318	1000.0	1.8925948	270.7473	-29.790867	1.2361877	-21.516636	-32.555008	168000
43	-299.6651	46.032143	-236.71393	-357.0068	1000.0	4.3092604	197.25925	-25.778364	3.3042567	-16.195515	-30.581116	172000
44	-329.43866	52.868073	-282.48184	-418.6723	1000.0	-6.7532682	223.43417	-28.91898	2.1860216	-24.542463	-32.213272	176000
45	-337.91388	53.60048	-276.49713	-420.88342	1000.0	-2.9170034	237.19318	-30.430313	2.4286525	-25.308764	-33.194866	180000
46	-308.35922	16.512037	-285.85257	-330.19208	1000.0	2.4831321	179.09256	-28.74722	1.5458713	-22.628138	-32.03418	184000
47	-321.19852	92.112755	-235.4287	-475.26538	1000.0	-0.7150948	245.14029	-28.766365	2.317553	-23.635206	-32.16646	188000
48	-257.5324	49.004585	-211.27023	-330.34137	1000.0	7.67131	199.0911	-23.435347	1.333758	-15.3785715	-28.918972	192000
49	-273.16757	45.071335	-212.85825	-336.97562	1000.0	-2.2670488	216.2157	-24.149137	0.8642549	-18.874485	-28.843199	196000
50	-316.02374	61.695568	-239.86256	-394.82712	1000.0	-7.2393017	265.79816	-28.172201	1.4469439	-19.287685	-31.383625	200000
51	-246.11407	29.59546	-204.0586	-287.3379	1000.0	8.556674	279.49945	-22.24964	1.3384806	-16.568811	-27.462313	204000
52	-287.5786	38.919174	-258.30872	-353.69922	1000.0	-5.670394	136.97447	-25.420328	0.9422945	-23.13224	-29.011515	208000
53	-264.19427	21.905703	-244.39903	-300.58685	1000.0	1.8772781	181.19887	-24.354223	0.7051843	-20.701561	-27.640753	212000
54	-317.60992	99.16146	-182.86934	-453.31778	1000.0	-7.3824286	217.4841	-28.09555	1.5621103	-21.751703	-32.065838	216000
55	-327.63742	137.74657	-158.8221	-542.63763	1000.0	-2.6264663	281.5428	-28.725601	3.8969004	0.038200796	-33.426582	220000
56	-266.72217	34.294025	-215.41559	-303.32562	1000.0	6.0473413	190.87299	-24.453588	1.4280629	-18.216934	-30.077568	224000
57	-259.7113	19.282913	-241.1336	-290.18005	1000.0	0.8967973	195.55353	-23.161806	0.99962616	-19.2474	-27.381384	228000
58	-276.61603	58.592606	-208.90723	-358.5194	1000.0	-3.1206913	218.65178	-25.650297	0.75295496	-21.906717	-30.248344	232000
59	-217.74603	48.45214	-143.9761	-268.07968	1000.0	8.410002	128.2478	-20.429707	2.777772	-10.674072	-25.915012	236000
60	-332.18063	27.364141	-289.95544	-366.51727	1000.0	-15.953196	275.80908	-29.088102	1.1799957	-25.765192	-33.6929	240000
61	-274.45135	62.001575	-174.75189	-344.89996	1000.0	5.465978	264.42828	-26.870407	0.8655534	-19.35932	-29.86952	244000
62	-254.139	99.26126	-148.72256	-411.2636	1000.0	4.6946154	304.69592	-24.281048	1.4193393	-21.742233	-29.2342	248000
63	-243.78177	63.92373	-134.3782	-294.74057	1000.0	2.746418	154.0143	-20.70759	1.5838066	-8.525834	-26.504616	252000
64	-299.81464	76.505745	-192.77328	-375.3422	1000.0	-10.958985	238.73886	-25.890873	1.284795	-21.07675	-31.204388	256000
65	-292.74036	23.142914	-268.73953	-330.95016	1000.0	-2.4842541	127.94824	-27.23098	0.7831195	-22.149582	-32.130432	260000
66	-272.06512	8.526589	-259.808	-282.66284	1000.0	3.7483826	224.0072	-25.615742	0.6944104	-22.39173	-28.638947	264000
67	-263.92004	37.499187	-218.89899	-321.97742	1000.0	2.2045088	134.18448	-24.724218	0.8268593	-23.660162	-30.894064	268000
68	-288.6132	79.40078	-178.81912	-397.69736	1000.0	-1.0532277	237.73822	-25.345915	0.8711542	-13.997574	-30.546232	272000
69	-255.89182	42.15086	-205.41002	-297.6806	1000.0	1.6525657	111.142715	-24.818457	0.7202574	-22.3383	-29.723547	276000
70	-330.37704	22.700756	-311.74615	-369.18854	1000.0	-8.00178	183.67535	-29.020348	1.1298553	-26.142685	-32.889103	280000
71	-217.65616	100.02812	-104.31946	-377.03363	1000.0	13.44231	228.74648	-21.263203	1.8842525	-12.080655	-27.911827	284000
72	-261.4103	79.62788	-147.70583	-366.93698	1000.0	-4.261039	254.84103	-22.73933	1.4810451	-8.2238245	-28.446123	288000
73	-244.88876	57.25674	-166.63643	-327.3462	1000.0	-0.18212032	137.13138	-22.689964	1.0769624	-17.918095	-29.007969	292000
74	-218.36853	56.690094	-126.77168	-276.61066	1000.0	4.2255654	236.73288	-19.423126	1.4875094	-6.9124103	-25.405998	296000
75	-250.5579	37.277283	-203.87538	-293.62573	1000.0	-5.2129755	243.13232	-21.91086	1.4821813	-13.990035	-26.577612	300000
76	-239.57693	58.682114	-169.04666	-318.85675	1000.0	-0.35295653	238.80106	-21.6	1.1879853	-14.835074	-26.484432	304000
77	-290.5996	90.412506	-135.55785	-354.36804	1000.0	-6.628792	306.58923	-24.567581	1.408906	-8.550739	-29.172096	308000
78	-232.78357	34.589333	-178.68181	-274.05356	1000.0	4.5044465	111.45914	-21.156857	0.9796968	-13.926427	-24.724405	312000
79	-259.50494	70.526184	-159.10399	-345.70892	1000.0	-3.740987	283.49072	-23.082169	1.2208792	-18.999018	-28.433174	316000
80	-213.88849	52.407185	-149.99814	-295.81238	1000.0	4.6224074	208.63382	-20.62147	1.0479566	-13.361154	-24.18938	320000
81	-328.09784	69.37702	-259.12213	-437.8833	1000.0	-14.11845	307.11136	-28.10668	1.5377971	-25.687887	-32.817223	324000
82	-273.6414	81.37614	-151.12482	-348.55417	1000.0	4.4569645	149.1612	-25.952257	0.91112036	-11.165655	-30.25504	328000
83	-268.29477	37.06063	-215.59439	-310.51	1000.0	2.3530226	139.65472	-24.392012	0.8134337	-17.442417	-27.63871	332000
84	-281.7452	45.43525	-232.03369	-352.28455	1000.0	-2.848466	131.19342	-25.811575	0.46796674	-23.88238	-29.149725	336000
85	-242.12051	31.95834	-188.66183	-272.6773	1000.0	4.9386396	135.68982	-23.487566	0.69512725	-15.636637	-26.957714	340000
86	-241.29599	25.243618	-220.12457	-282.95413	1000.0	2.0800915	163.63931	-21.742739	0.6703533	-19.233858	-24.502254	344000
87	-250.77711	30.313011	-211.50432	-289.95712	1000.0	-1.4765071	175.91797	-21.646276	0.5747912	-19.459362	-24.685356	348000
88	-299.0695	105.80344	-147.02225	-442.53143	1000.0	-8.588336	219.8812	-26.164545	1.5536468	-15.705026	-30.966692	352000
89	-258.63385	58.36669	-202.90028	-356.72818	1000.0	3.270742	205.69534	-23.961761	1.8927046	-21.268522	-30.127024	356000
90	-242.25548	62.690887	-144.77837	-319.85156	1000.0	4.438913	219.8385	-21.548756	1.1047226	-11.672837	-26.675701	360000
91	-242.06625	33.09934	-190.06831	-279.82965	1000.0	-0.94341207	112.19032	-21.576422	0.6545133	-17.102156	-25.293545	364000
92	-253.8624	30.221247	-221.39577	-294.3255	1000.0	-2.6807895	168.71597	-22.7564	0.80878145	-17.849184	-25.152653	368000
93	-257.12	30.449808	-210.78012	-289.65387	1000.0	-1.5490618	179.95612	-24.387789	0.5267602	-21.658628	-26.473976	372000
94	-344.2877	55.662872	-268.74777	-416.32712	1000.0	-10.690256	247.91208	-29.649471	1.35737	-27.24599	-33.216934	376000
95	-293.34232	5.5964093	-286.61874	-300.89145	1000.0	3.3690715	100.37497	-27.087187	0.42673686	-23.71258	-30.38474	380000
96	-262.25873	57.706776	-203.65308	-330.6852	1000.0	4.750227	168.83292	-23.783833	1.6964545	-10.847339	-26.463093	384000
97	-265.8593	85.357704	-126.93543	-359.06198	1000.0	-1.3969872	158.89912	-23.018904	4.249988	-0.5949286	-27.15606	388000
98	-240.28123	52.90391	-181.67851	-299.3989	1000.0	-1.0966192	172.48816	-21.729105	1.7865813	-12.991083	-27.550545	392000
99	-277.83112	24.773798	-245.89317	-315.05893	1000.0	-5.7270756	152.3471	-24.972479	0.8330454	-19.873621	-27.841593	396000
100	-276.7176	6.899941	-269.8237	-287.46164	1000.0	-0.377142	173.42993	-24.171234	0.8843269	-20.600508	-27.086054	400000
101	-255.42154	108.18919	-100.67676	-375.68134	1000.0	0.9964137	245.2969	-23.386116	1.715145	-13.69137	-29.623768	404000
102	-265.052	40.322067	-213.40242	-324.91406	1000.0	0.03033948	122.00075	-24.290852	0.9501374	-19.350655	-27.859564	408000
103	-256.20587	50.694443	-177.22168	-315.3457	1000.0	2.0719948	154.14697	-23.164507	1.7104363	-15.231054	-28.322374	412000
104	-253.16264	40.566483	-216.6908	-318.2355	1000.0	-0.65480494	138.42244	-23.425793	1.1514616	-20.234337	-28.101452	416000
105	-265.8012	35.105076	-211.44028	-297.341	1000.0	-1.4570239	196.38055	-23.60612	2.5082307	-14.434493	-27.6455	420000
106	-242.24901	18.868471	-217.47313	-270.5219	1000.0	2.4783087	102.42952	-21.829288	1.327416	-17.294024	-26.072363	424000
107	-274.28357	34.213097	-239.68982	-319.84198	1000.0	-4.772401	100.33013	-25.409575	0.89298815	-21.13973	-26.89714	428000
108	-251.53038	48.041367	-179.0601	-305.2683	1000.0	3.2749333	198.74255	-24.092825	1.3523928	-18.119728	-25.381647	432000
109	-298.2312	58.60986	-226.01843	-364.70837	1000.0	-4.646416	147.48596	-26.775982	0.41529933	-22.969248	-29.66874	436000
110	-246.76245	60.41163	-187.64375	-340.8938	1000.0	6.0105753	138.91837	-23.38537	0.87364644	-16.717646	-26.244692	440000
111	-240.0813	40.460117	-172.87642	-278.2969	1000.0	1.40623	208.7361	-22.645605	1.740926	-14.992654	-24.884912	444000
112	-273.51263	30.59355	-224.84494	-309.26645	1000.0	-3.2414582	104.37915	-26.002258	1.2577721	-20.104187	-26.849197	448000
113	-302.86584	60.27295	-220.11296	-381.6074	1000.0	-4.3472486	220.72986	-27.519281	0.69303703	-23.35863	-31.284021	452000
114	-250.84999	49.615707	-191.21994	-307.28146	1000.0	6.0712376	198.62187	-23.736027	1.2994769	-16.670477	-26.245329	456000
115	-262.5894	32.348454	-221.65579	-301.19772	1000.0	-0.12549591	237.06424	-23.827978	1.0101085	-21.059904	-28.417852	460000
116	-293.22174	24.85795	-256.44104	-320.7007	1000.0	-4.5615606	99.86616	-26.65654	0.89177334	-24.066622	-30.198103	464000
117	-239.76877	81.93851	-110.536804	-337.7297	1000.0	7.203973	232.33228	-21.742374	2.1745744	-5.424716	-26.043089	468000
118	-210.90709	14.328855	-190.98378	-226.04794	1000.0	3.2550292	119.132385	-19.77955	1.1642652	-15.176578	-24.007233	472000
119	-224.29912	52.659172	-137.56248	-270.85855	1000.0	-0.4833932	201.5924	-20.682785	3.6546757	-6.9873943	-25.527811	476000
120	-280.9224	55.562855	-219.67735	-369.69308	1000.0	-8.913808	199.43747	-25.11405	1.0833639	-20.206808	-27.728024	480000
121	-253.90744	32.48873	-216.02077	-292.3604	1000.0	3.0052483	86.83163	-23.243488	0.6109826	-19.467867	-25.58732	484000
122	-264.64185	26.394934	-236.52501	-307.2181	1000.0	-1.3864539	146.58667	-24.344742	0.94460976	-21.958658	-28.100073	488000
123	-279.61328	24.261768	-245.42484	-308.4101	1000.0	-1.8697362	132.06139	-24.856165	0.5454209	-22.867393	-27.69425	492000
124	-278.06442	35.269775	-232.59523	-317.63852	1000.0	-0.567065	186.44452	-24.93412	0.67102265	-21.101398	-28.202114	496000
125	-249.81265	65.67077	-143.86578	-316.47568	1000.0	2.694576	151.75009	-23.057856	0.82871705	-13.161243	-26.526337	500000
126	-251.18488	53.421005	-171.66826	-306.1677	1000.0	-0.09166741	180.04941	-22.796516	0.9872757	-15.566272	-25.807562	504000
127	-230.36774	47.251896	-156.21281	-287.6066	1000.0	2.0592494	207.36987	-20.810677	2.5722995	-10.451696	-24.597157	508000
128	-256.54175	13.70902	-241.33647	-277.85672	1000.0	-3.1772306	172.08377	-23.496706	0.6101312	-18.586233	-25.564074	512000
129	-207.35843	55.47154	-136.40192	-279.3684	1000.0	6.492733	215.6833	-18.546598	1.5579919	-10.857203	-21.864063	516000
130	-270.206	27.058475	-232.42526	-304.03653	1000.0	-9.447285	189.1145	-25.240679	0.764842	-21.85387	-28.228703	520000
131	-260.43445	59.500557	-215.00858	-361.57153	1000.0	1.6260355	189.88133	-23.757519	0.7244028	-20.893473	-27.252901	524000
132	-266.54163	26.340014	-221.66106	-288.51715	1000.0	-1.3470274	207.77904	-25.07186	0.6581196	-22.641523	-27.699678	528000
133	-284.68982	16.820684	-255.63123	-296.35013	1000.0	-1.3471506	258.54407	-24.747253	0.8875408	-21.561375	-26.715553	532000
134	-231.86969	24.319847	-195.15196	-258.2779	1000.0	4.5667825	170.38882	-22.265532	0.48774984	-19.561844	-24.227343	536000
135	-277.61835	16.42997	-254.4122	-300.3769	1000.0	-4.895998	193.60281	-25.479912	0.5685811	-23.505829	-28.391954	540000
136	-260.37326	35.045105	-231.44745	-320.03516	1000.0	2.094936	121.335464	-24.489887	0.38469425	-22.556559	-26.273693	544000
137	-260.29004	23.107409	-226.13582	-282.87656	1000.0	1.4721539	134.09962	-23.6277	1.0150462	-18.125378	-25.366957	548000
138	-242.36472	42.737614	-192.2558	-310.03284	1000.0	2.296186	105.81354	-22.0593	1.612827	-15.452575	-24.238493	552000
139	-273.28265	42.61457	-215.1083	-334.95746	1000.0	-4.797743	169.12025	-25.007355	0.8372137	-21.749172	-26.964563	556000
140	-212.98987	43.71594	-182.57094	-288.21054	1000.0	7.5366325	265.11966	-19.894972	0.8082616	-15.2625265	-23.322676	560000
141	-288.43768	30.562899	-238.04616	-315.76605	1000.0	-9.482731	92.51083	-26.586664	0.8241161	-23.50958	-27.704908	564000
142	-239.80144	54.521908	-174.73781	-323.88803	1000.0	5.8205304	139.45161	-21.928968	1.580297	-15.827462	-24.714277	568000
143	-283.48642	17.389465	-261.84412	-310.38184	1000.0	-4.6682673	94.33629	-26.358406	0.8321664	-22.325857	-27.702047	572000
144	-239.9463	42.944756	-190.34409	-304.75427	1000.0	5.809362	86.6155	-21.499144	1.8240263	-15.582791	-24.151814	576000
145	-240.99933	27.403322	-196.80627	-266.94067	1000.0	-0.5424036	101.97274	-22.516985	1.203605	-18.12759	-24.24006	580000
146	-227.669	28.491697	-181.95012	-257.8091	1000.0	1.3923361	150.34169	-21.408344	0.98921955	-17.920893	-23.648619	584000
147	-262.40408	42.504826	-208.27786	-317.53897	1000.0	-2.368011	106.272675	-23.217663	0.7574836	-18.925165	-24.368526	588000
148	-242.8081	18.262957	-211.55075	-255.9725	1000.0	0.7065804	139.31488	-21.447205	0.7815952	-18.525963	-23.184118	592000
149	-267.92682	21.049892	-238.32516	-295.33582	1000.0	-4.521068	158.31848	-24.291422	0.55112666	-21.059658	-26.138113	596000
150	-240.23225	26.508415	-208.69373	-280.8611	1000.0	3.1176007	120.35164	-23.505821	0.3905758	-21.395723	-25.286741	600000
