epoch	pi-loss	v-loss	average-v-values	std-v-values	max-v-values	min-v-values	average-episode-return	std-episode-return	max-episode-return	min-episode-return	episode-length	total-env-interacts
1	0.004455775	832.65063	-4.366831	0.7621639	-0.05984605	-5.5204277	-303.0857	71.28996	-214.04979	-383.41324	1000.0	4000
2	-0.013433233	674.45746	-6.7776604	2.4802074	-0.05984605	-9.329962	-305.55194	51.690228	-214.04979	-383.41324	1000.0	8000
3	-0.02466943	562.14813	-8.233398	2.8899488	-0.05984605	-11.240849	-279.84854	69.68481	-138.90527	-383.41324	1000.0	12000
4	-0.023007419	506.18274	-9.430268	3.251661	-0.05984605	-13.098849	-268.07877	67.89325	-138.90527	-383.41324	1000.0	16000
5	-0.025368165	452.0987	-10.425731	3.616848	8.894876	-14.835541	-262.6432	72.77355	-134.45851	-383.41324	1000.0	20000
6	-0.033131797	403.7756	-11.191374	3.755106	8.894876	-15.362203	-249.93591	77.32425	-93.55555	-383.41324	1000.0	24000
7	-0.033680897	378.874	-11.88649	3.9134574	8.894876	-16.521454	-248.49788	74.45669	-93.55555	-383.41324	1000.0	28000
8	-0.035139717	374.6749	-12.464437	4.1763234	15.640304	-17.916826	-246.90494	81.36205	-93.55555	-405.79398	1000.0	32000
9	-0.03138241	354.11548	-13.100755	4.478911	15.640304	-19.604343	-247.30827	81.466354	-93.55555	-405.79398	1000.0	36000
10	-0.034132175	358.08572	-13.876178	4.8857846	15.640304	-21.41963	-252.70854	86.76642	-93.55555	-434.0274	1000.0	40000
11	-0.03635167	356.95584	-14.665102	5.3160987	21.720531	-22.863173	-258.43768	88.96723	-93.55555	-466.48114	1000.0	44000
12	-0.032501627	342.7822	-15.098117	5.4162345	21.720531	-22.863173	-253.61804	87.58532	-93.55555	-466.48114	1000.0	48000
13	-0.034122422	347.6033	-15.676996	5.6137705	21.720531	-23.469437	-256.16086	87.293015	-93.55555	-466.48114	1000.0	52000
14	-0.035105836	339.80658	-16.015104	5.6727924	21.720531	-23.58149	-254.67061	85.664894	-93.55555	-466.48114	1000.0	56000
15	-0.033644132	334.22818	-16.294842	5.69852	21.720531	-23.82169	-252.8686	85.405495	-93.55555	-466.48114	1000.0	60000
16	-0.03277532	324.61963	-16.62449	5.75334	21.720531	-24.605192	-252.52098	84.472664	-93.55555	-466.48114	1000.0	64000
17	-0.03560593	319.20422	-16.86952	5.7657604	21.720531	-24.862825	-251.37529	84.97648	-93.55555	-466.48114	1000.0	68000
18	-0.035076085	315.85168	-17.074749	5.817107	21.720531	-25.110317	-250.13034	83.14753	-93.55555	-466.48114	1000.0	72000
19	-0.036856163	307.70297	-17.429188	5.8768187	21.720531	-25.340147	-250.74854	81.87507	-93.55555	-466.48114	1000.0	76000
20	-0.035748087	298.21082	-17.483904	5.861719	21.720531	-25.340147	-248.47705	81.18122	-93.55555	-466.48114	1000.0	80000
21	-0.036198206	296.16638	-17.89118	6.0104756	21.720531	-26.76232	-251.09802	80.63208	-93.55555	-466.48114	1000.0	84000
22	-0.037190765	289.8037	-18.044006	5.99327	21.720531	-26.76232	-250.09961	79.84514	-93.55555	-466.48114	1000.0	88000
23	-0.03617344	284.81378	-18.104242	5.9410386	21.720531	-26.76232	-248.00357	79.32021	-93.55555	-466.48114	1000.0	92000
24	-0.035444956	278.85007	-18.178785	5.959111	21.720531	-26.76232	-246.90564	78.599655	-93.55555	-466.48114	1000.0	96000
25	-0.035066728	276.1386	-18.258743	6.0397477	21.720531	-27.207693	-246.14383	80.10655	-71.19068	-466.48114	1000.0	100000
26	-0.03619874	271.29938	-18.254784	6.051866	21.720531	-27.459679	-245.13126	79.91696	-71.19068	-466.48114	1000.0	104000
27	-0.03671315	267.0384	-18.412165	6.0503	21.720531	-28.131409	-245.28664	78.75537	-71.19068	-466.48114	1000.0	108000
28	-0.036699932	265.4669	-18.43112	6.0317044	21.720531	-28.257475	-243.99373	78.44215	-71.19068	-466.48114	1000.0	112000
29	-0.03529238	261.11896	-18.543331	5.999818	21.720531	-28.257475	-243.80667	77.440735	-71.19068	-466.48114	1000.0	116000
30	-0.034977365	256.96252	-18.691751	6.044483	21.720531	-28.664236	-244.09108	76.51376	-71.19068	-466.48114	1000.0	120000
31	-0.03447826	253.91751	-18.674568	6.0559835	21.720531	-28.664236	-242.75642	76.05338	-71.19068	-466.48114	1000.0	124000
32	-0.03483437	248.99316	-18.66192	6.0565553	21.720531	-28.75194	-241.45914	75.62404	-71.19068	-466.48114	1000.0	128000
33	-0.034487873	243.06224	-18.724936	6.1456647	21.720531	-28.821293	-240.87387	75.84851	-71.19068	-466.48114	1000.0	132000
34	-0.034820866	240.80888	-18.843988	6.1970706	21.720531	-28.980186	-241.21413	75.01865	-71.19068	-466.48114	1000.0	136000
35	-0.03396311	238.69037	-18.948769	6.2169914	21.720531	-29.138218	-241.54846	75.13819	-71.19068	-466.48114	1000.0	140000
36	-0.03383492	234.7995	-18.919626	6.1817355	21.720531	-29.138218	-240.08632	75.568405	-63.810516	-466.48114	1000.0	144000
37	-0.03381803	233.15897	-19.00606	6.1906314	21.720531	-29.155064	-240.53548	75.66272	-63.810516	-466.48114	1000.0	148000
38	-0.032761775	231.12932	-19.104704	6.1864557	21.720531	-29.853094	-240.96497	74.915794	-63.810516	-466.48114	1000.0	152000
39	-0.032716043	227.61945	-19.176159	6.206575	21.720531	-29.984707	-240.64824	74.26445	-63.810516	-466.48114	1000.0	156000
40	-0.031441133	224.53052	-19.130257	6.2094693	21.720531	-29.984707	-239.40828	73.77374	-63.810516	-466.48114	1000.0	160000
41	-0.031972863	222.1031	-19.140085	6.236429	21.720531	-30.120235	-238.81186	73.439766	-63.810516	-466.48114	1000.0	164000
42	-0.03237486	220.32532	-19.230967	6.3028426	21.720531	-30.950441	-239.42694	73.33624	-63.810516	-466.48114	1000.0	168000
43	-0.032426573	217.76422	-19.18539	6.357529	21.720531	-30.950441	-238.16626	73.543625	-63.810516	-466.48114	1000.0	172000
44	-0.03253892	216.26308	-19.282936	6.4243507	21.720531	-31.13503	-238.79756	74.07091	-63.810516	-466.48114	1000.0	176000
45	-0.031114	215.248	-19.284868	6.413952	21.720531	-31.13503	-238.30524	73.658356	-63.810516	-466.48114	1000.0	180000
46	-0.030470962	215.07051	-19.27811	6.4335117	21.720531	-31.27179	-237.32584	73.66866	-63.810516	-466.48114	1000.0	184000
47	-0.0301512	212.61574	-19.251175	6.441641	21.720531	-31.27179	-236.51375	73.9337	-63.810516	-466.48114	1000.0	188000
48	-0.029824859	211.12724	-19.316568	6.441103	21.720531	-31.371387	-236.5855	73.66657	-63.810516	-466.48114	1000.0	192000
49	-0.029510094	209.35655	-19.314354	6.416192	21.720531	-31.371387	-235.95688	73.658714	-63.810516	-466.48114	1000.0	196000
50	-0.029826215	207.94162	-19.365536	6.402582	21.720531	-31.37643	-235.85535	73.040924	-63.810516	-466.48114	1000.0	200000
51	-0.029900158	206.4564	-19.405996	6.385165	21.720531	-31.381695	-235.81107	72.73114	-63.810516	-466.48114	1000.0	204000
52	-0.030000772	205.53404	-19.368288	6.374409	21.720531	-31.381695	-234.83887	72.54147	-63.810516	-466.48114	1000.0	208000
53	-0.030347995	203.59099	-19.294037	6.394906	21.720531	-31.381695	-233.65076	73.42715	-63.810516	-466.48114	1000.0	212000
54	-0.02911028	203.26915	-19.332207	6.375421	21.720531	-31.381695	-233.62698	73.09476	-63.810516	-466.48114	1000.0	216000
55	-0.029228657	201.19603	-19.366497	6.4872727	21.720531	-33.13765	-233.56218	73.26153	-63.810516	-466.48114	1000.0	220000
56	-0.029793564	200.76009	-19.403313	6.4777665	21.720531	-33.13765	-233.54053	73.387955	-63.810516	-466.48114	1000.0	224000
57	-0.02926527	198.68304	-19.423922	6.4695997	21.720531	-33.13765	-233.34895	72.995895	-63.810516	-466.48114	1000.0	228000
58	-0.028910086	197.39586	-19.462568	6.50715	21.720531	-33.27226	-233.2197	72.68236	-63.810516	-466.48114	1000.0	232000
59	-0.02877633	195.86655	-19.490433	6.523162	21.720531	-33.27226	-233.0451	72.308716	-63.810516	-466.48114	1000.0	236000
60	-0.028562525	195.72314	-19.624125	6.587054	21.720531	-33.27226	-233.8952	72.2075	-63.810516	-466.48114	1000.0	240000
61	-0.028748708	194.55154	-19.609295	6.5616875	21.720531	-33.27226	-233.36882	71.993195	-63.810516	-466.48114	1000.0	244000
62	-0.027990183	192.82697	-19.704119	6.617205	21.720531	-33.644257	-233.91914	71.9753	-63.810516	-466.48114	1000.0	248000
63	-0.027932772	192.32053	-19.723438	6.6830144	21.720531	-34.570198	-233.74835	72.03796	-63.810516	-466.48114	1000.0	252000
64	-0.028426558	191.45564	-19.725023	6.764603	21.720531	-35.312923	-233.34137	72.4095	-63.810516	-466.48114	1000.0	256000
65	-0.027855892	190.38248	-19.661844	6.7996125	21.720531	-35.312923	-232.3875	72.57023	-63.810516	-466.48114	1000.0	260000
66	-0.028252214	189.05731	-19.663034	6.7943707	21.720531	-35.312923	-232.30064	72.105675	-63.810516	-466.48114	1000.0	264000
67	-0.02816227	188.41713	-19.57697	6.806042	21.720531	-35.312923	-231.26065	72.207245	-63.810516	-466.48114	1000.0	268000
68	-0.027914647	187.56949	-19.547977	6.812905	21.720531	-35.312923	-230.65051	72.58938	-63.810516	-466.48114	1000.0	272000
69	-0.028431732	186.04486	-19.633991	6.885431	21.720531	-35.462727	-231.13213	72.82915	-63.810516	-466.48114	1000.0	276000
70	-0.028595904	185.18153	-19.669615	6.926985	21.720531	-35.462727	-231.28279	73.4317	-63.810516	-466.48114	1000.0	280000
71	-0.028781192	184.12431	-19.712973	6.9068923	21.720531	-35.462727	-231.55249	73.184296	-63.810516	-466.48114	1000.0	284000
72	-0.028964289	182.93607	-19.653318	6.9173765	21.720531	-35.462727	-230.77682	73.43771	-63.810516	-466.48114	1000.0	288000
73	-0.029374743	183.73215	-19.750076	6.9340487	21.720531	-35.462727	-231.57898	73.33562	-63.810516	-466.48114	1000.0	292000
74	-0.029851869	182.47003	-19.790386	6.9425015	21.720531	-35.462727	-231.70102	72.8674	-63.810516	-466.48114	1000.0	296000
75	-0.029851886	182.38698	-19.860224	6.9720244	21.720531	-35.991215	-232.15732	72.56928	-63.810516	-466.48114	1000.0	300000
76	-0.030322993	182.252	-19.865904	6.9618464	21.720531	-35.991215	-231.89134	72.354515	-63.810516	-466.48114	1000.0	304000
77	-0.03067455	180.91495	-19.914833	6.9592404	21.720531	-35.991215	-232.1995	72.07778	-63.810516	-466.48114	1000.0	308000
78	-0.031222502	180.00656	-19.882301	6.9473042	21.720531	-35.991215	-231.6547	71.90002	-63.810516	-466.48114	1000.0	312000
79	-0.031111728	179.25758	-19.85183	6.9508533	21.720531	-35.991215	-230.99869	71.8684	-63.810516	-466.48114	1000.0	316000
80	-0.030525738	179.28433	-19.84557	6.9563746	21.720531	-35.991215	-230.8422	71.7232	-63.810516	-466.48114	1000.0	320000
81	-0.030886976	178.4868	-19.76274	6.972691	21.720531	-35.991215	-229.76031	72.206955	-63.810516	-466.48114	1000.0	324000
82	-0.0308854	177.2058	-19.744677	6.997791	21.720531	-35.991215	-229.46692	72.14496	-63.810516	-466.48114	1000.0	328000
83	-0.030434545	175.90158	-19.73387	7.0217085	21.720531	-35.991215	-229.16124	72.28331	-63.810516	-466.48114	1000.0	332000
84	-0.03026096	174.8373	-19.679926	7.0393	21.720531	-35.991215	-228.4973	72.65375	-63.810516	-466.48114	1000.0	336000
85	-0.03041258	174.01018	-19.713705	7.0890756	21.720531	-35.991215	-228.62674	72.79659	-63.810516	-466.48114	1000.0	340000
86	-0.03118826	172.98367	-19.733698	7.0808473	21.720531	-35.991215	-228.53447	72.49513	-63.810516	-466.48114	1000.0	344000
87	-0.03092643	172.39514	-19.743237	7.1070185	21.720531	-35.991215	-228.57823	72.951965	-61.14468	-466.48114	1000.0	348000
88	-0.030603575	172.01508	-19.703465	7.0980515	21.720531	-35.991215	-228.02086	72.89981	-61.14468	-466.48114	1000.0	352000
89	-0.030917693	171.80733	-19.654697	7.0927296	21.720531	-35.991215	-227.38263	72.81707	-61.14468	-466.48114	1000.0	356000
90	-0.031609893	171.52441	-19.694134	7.0882955	21.720531	-35.991215	-227.74097	72.54683	-61.14468	-466.48114	1000.0	360000
91	-0.031173037	170.9875	-19.675108	7.0779467	21.720531	-35.991215	-227.35135	72.342316	-61.14468	-466.48114	1000.0	364000
92	-0.030821124	170.44357	-19.735846	7.0952787	21.720531	-35.991215	-227.75142	72.05732	-61.14468	-466.48114	1000.0	368000
93	-0.030914485	169.78387	-19.739494	7.078459	21.720531	-35.991215	-227.6402	71.86569	-61.14468	-466.48114	1000.0	372000
94	-0.030953215	169.00366	-19.74021	7.0858717	21.720531	-35.991215	-227.55319	71.65678	-61.14468	-466.48114	1000.0	376000
95	-0.030681666	168.04582	-19.775877	7.082646	21.720531	-35.991215	-227.71205	71.48484	-61.14468	-466.48114	1000.0	380000
96	-0.030819392	167.4146	-19.766693	7.0960073	21.720531	-35.991215	-227.47221	71.4691	-61.14468	-466.48114	1000.0	384000
97	-0.031306148	166.49529	-19.769419	7.1057687	21.720531	-35.991215	-227.37262	71.419876	-61.14468	-466.48114	1000.0	388000
98	-0.031571746	166.03279	-19.78742	7.0961905	21.720531	-35.991215	-227.41563	71.13483	-61.14468	-466.48114	1000.0	392000
99	-0.03129901	165.24194	-19.774532	7.087528	21.720531	-35.991215	-227.09868	71.07355	-61.14468	-466.48114	1000.0	396000
100	-0.031884458	164.73207	-19.782324	7.09852	21.720531	-35.991215	-226.96426	70.94499	-61.14468	-466.48114	1000.0	400000
101	-0.03193204	164.4338	-19.762163	7.081194	21.720531	-35.991215	-226.63159	70.72113	-61.14468	-466.48114	1000.0	404000
102	-0.031927533	164.04247	-19.792538	7.088826	21.720531	-35.991215	-226.78224	70.49851	-61.14468	-466.48114	1000.0	408000
103	-0.03246971	163.92783	-19.803753	7.0786476	21.720531	-35.991215	-226.7367	70.28078	-61.14468	-466.48114	1000.0	412000
104	-0.031991675	163.15001	-19.820791	7.100156	21.720531	-35.991215	-226.64867	70.22338	-61.14468	-466.48114	1000.0	416000
105	-0.03169213	162.97809	-19.842186	7.0996766	21.720531	-36.407955	-226.85617	69.95429	-61.14468	-466.48114	1000.0	420000
106	-0.031853322	161.9488	-19.788666	7.128858	21.720531	-36.407955	-226.15945	70.42351	-61.14468	-466.48114	1000.0	424000
107	-0.03215879	161.72275	-19.779608	7.1134453	21.720531	-36.407955	-226.01314	70.72554	-61.14468	-466.48114	1000.0	428000
108	-0.032316856	161.04834	-19.827343	7.1236396	21.720531	-36.407955	-226.32066	70.74219	-61.14468	-466.48114	1000.0	432000
109	-0.032568425	160.24681	-19.771	7.170159	21.720531	-36.407955	-225.61708	71.06164	-61.14468	-466.48114	1000.0	436000
110	-0.032487143	159.45056	-19.756153	7.1881385	21.720531	-36.407955	-225.32469	70.97789	-61.14468	-466.48114	1000.0	440000
111	-0.03214671	160.0104	-19.736372	7.1912217	21.720531	-36.46622	-225.07684	70.74964	-61.14468	-466.48114	1000.0	444000
112	-0.03220089	159.63354	-19.751602	7.175099	21.720531	-36.46622	-225.17924	70.55854	-61.14468	-466.48114	1000.0	448000
113	-0.032222755	159.28844	-19.75335	7.171932	21.720531	-36.46622	-225.07004	70.58386	-61.14468	-466.48114	1000.0	452000
114	-0.032400623	158.63031	-19.741844	7.190082	21.720531	-36.46622	-224.77327	70.77593	-61.14468	-466.48114	1000.0	456000
115	-0.032626875	157.9582	-19.776798	7.1944003	21.720531	-36.46622	-224.98363	70.634895	-61.14468	-466.48114	1000.0	460000
116	-0.032543924	157.41066	-19.794367	7.190311	21.720531	-36.46622	-225.06203	70.37373	-61.14468	-466.48114	1000.0	464000
117	-0.032557312	157.07338	-19.782158	7.2019634	21.720531	-36.46622	-224.8807	70.794556	-32.74687	-466.48114	1000.0	468000
118	-0.032907456	156.36438	-19.739576	7.20428	21.720531	-36.46622	-224.31607	70.89686	-32.74687	-466.48114	1000.0	472000
119	-0.033380438	155.96715	-19.737324	7.200178	21.720531	-36.46622	-224.12944	70.90168	-32.74687	-466.48114	1000.0	476000
120	-0.03302558	155.71083	-19.708399	7.2227483	21.720531	-36.964134	-223.77362	71.023636	-32.74687	-466.48114	1000.0	480000
121	-0.033306517	155.50204	-19.675545	7.24171	21.720531	-36.964134	-223.36383	71.26767	-32.74687	-466.48114	1000.0	484000
122	-0.032965694	154.86171	-19.678394	7.248216	21.720531	-36.964134	-223.32512	71.14263	-32.74687	-466.48114	1000.0	488000
123	-0.03339125	154.44633	-19.605095	7.2962413	21.720531	-36.964134	-222.33264	72.054985	-32.74687	-466.48114	1000.0	492000
124	-0.03351487	153.87709	-19.607964	7.3221955	21.720531	-36.964134	-222.24504	72.28045	-32.74687	-466.48114	1000.0	496000
125	-0.033764634	153.52403	-19.592775	7.311268	21.720531	-36.964134	-222.06891	72.35884	-32.74687	-466.48114	1000.0	500000
126	-0.03397362	153.1404	-19.571941	7.3411756	21.720531	-36.964134	-221.72487	72.512024	-32.74687	-466.48114	1000.0	504000
127	-0.033941016	152.71838	-19.58831	7.353286	21.720531	-36.964134	-221.77798	72.63714	-32.74687	-466.48114	1000.0	508000
128	-0.03391376	152.30875	-19.576492	7.3637843	21.720531	-36.964134	-221.48325	72.60923	-32.74687	-466.48114	1000.0	512000
129	-0.033834673	151.5502	-19.572372	7.3707895	21.720531	-36.964134	-221.28279	72.56665	-32.74687	-466.48114	1000.0	516000
130	-0.03368389	151.265	-19.572758	7.368125	21.720531	-36.964134	-221.21776	72.46885	-32.74687	-466.48114	1000.0	520000
131	-0.03395294	151.6553	-19.561306	7.3777733	21.720531	-38.42897	-221.06686	72.461426	-32.74687	-466.48114	1000.0	524000
132	-0.03371665	151.41136	-19.548042	7.3834987	21.720531	-38.42897	-220.86674	72.37022	-32.74687	-466.48114	1000.0	528000
133	-0.033945844	151.0744	-19.543175	7.3984146	21.720531	-38.42897	-220.5724	72.275635	-32.74687	-466.48114	1000.0	532000
134	-0.033905134	150.86037	-19.514942	7.4307327	21.720531	-38.42897	-220.29735	72.663185	-32.74687	-466.48114	1000.0	536000
135	-0.03406516	150.50676	-19.515602	7.4298015	21.720531	-38.42897	-220.25203	72.61503	-32.74687	-466.48114	1000.0	540000
136	-0.03409495	150.7631	-19.534386	7.4288716	21.720531	-38.42897	-220.40198	72.39074	-32.74687	-466.48114	1000.0	544000
137	-0.033737905	150.49057	-19.526115	7.4282055	21.720531	-38.42897	-220.30545	72.29635	-32.74687	-466.48114	1000.0	548000
138	-0.033770997	150.05916	-19.50414	7.4612436	21.720531	-38.42897	-219.98999	72.42511	-32.74687	-466.48114	1000.0	552000
139	-0.033262827	149.62556	-19.49414	7.46647	21.720531	-38.42897	-219.8331	72.431175	-32.74687	-466.48114	1000.0	556000
140	-0.033301834	149.09622	-19.47194	7.4842095	21.720531	-38.42897	-219.5339	72.56662	-32.74687	-466.48114	1000.0	560000
141	-0.033067603	148.63203	-19.472101	7.5023837	21.720531	-38.42897	-219.4135	72.45414	-32.74687	-466.48114	1000.0	564000
142	-0.03331419	147.85674	-19.427267	7.5211825	21.720531	-38.42897	-218.84137	72.807976	-32.74687	-466.48114	1000.0	568000
143	-0.033257853	147.56581	-19.409761	7.5316463	21.720531	-38.42897	-218.5578	72.961044	-32.74687	-466.48114	1000.0	572000
144	-0.033229318	147.33038	-19.430424	7.5326176	21.720531	-38.42897	-218.60689	72.797264	-32.74687	-466.48114	1000.0	576000
145	-0.033241794	147.50063	-19.405672	7.5290017	21.720531	-38.42897	-218.23224	72.77903	-32.74687	-466.48114	1000.0	580000
146	-0.033083864	147.62201	-19.405052	7.5210686	21.720531	-38.42897	-218.19576	72.68751	-32.74687	-466.48114	1000.0	584000
147	-0.033208612	147.20328	-19.368416	7.521844	21.720531	-38.42897	-217.7108	72.75192	-32.74687	-466.48114	1000.0	588000
148	-0.032895256	147.0589	-19.327099	7.5300393	21.720531	-38.42897	-217.28746	72.900055	-32.74687	-466.48114	1000.0	592000
149	-0.032758202	146.62302	-19.315039	7.5331287	21.720531	-38.42897	-217.10426	72.864006	-32.74687	-466.48114	1000.0	596000
150	-0.03284869	146.3187	-19.346748	7.540534	21.720531	-38.42897	-217.33469	72.75276	-32.74687	-466.48114	1000.0	600000
151	-0.032640733	146.1204	-19.308577	7.542943	21.720531	-38.42897	-216.9252	72.85301	-32.74687	-466.48114	1000.0	604000
152	-0.03238852	146.16078	-19.27755	7.5666847	27.191248	-38.42897	-216.49635	73.429726	40.54599	-466.48114	1000.0	608000
153	-0.032112055	145.70749	-19.27221	7.5682206	27.191248	-38.42897	-216.40825	73.35135	40.54599	-466.48114	1000.0	612000
154	-0.03163147	145.66588	-19.215092	7.5988913	27.191248	-38.42897	-215.75903	73.8081	40.54599	-466.48114	1000.0	616000
155	-0.031506833	145.314	-19.183279	7.614491	27.191248	-38.42897	-215.42203	73.825386	40.54599	-466.48114	1000.0	620000
156	-0.031552438	144.9241	-19.14773	7.6233377	27.191248	-38.42897	-214.87427	73.97259	40.54599	-466.48114	1000.0	624000
157	-0.03141674	144.5035	-19.10946	7.638391	27.191248	-38.42897	-214.46158	74.08771	40.54599	-466.48114	1000.0	628000
158	-0.031668972	144.11073	-19.13588	7.649511	27.191248	-38.42897	-214.65558	74.093056	40.54599	-466.48114	1000.0	632000
159	-0.031706445	144.10466	-19.138718	7.649513	27.191248	-38.42897	-214.65363	73.8995	40.54599	-466.48114	1000.0	636000
160	-0.031686805	143.88535	-19.124096	7.6554203	27.191248	-38.42897	-214.50278	73.990906	40.54599	-466.48114	1000.0	640000
161	-0.03176446	143.73521	-19.093645	7.6605296	27.191248	-38.42897	-214.22923	73.897156	40.54599	-466.48114	1000.0	644000
162	-0.031724554	143.77379	-19.07954	7.6521072	27.191248	-38.42897	-214.05984	74.05931	40.54599	-466.48114	1000.0	648000
163	-0.032030188	143.68373	-19.037487	7.6607547	27.191248	-38.42897	-213.56308	74.26091	40.54599	-466.48114	1000.0	652000
164	-0.03212845	143.6382	-19.014982	7.6640825	27.191248	-38.42897	-213.32213	74.400085	40.54599	-466.48114	1000.0	656000
165	-0.03222956	143.40323	-19.00173	7.665286	27.191248	-38.42897	-213.07903	74.30279	40.54599	-466.48114	1000.0	660000
166	-0.032412443	143.32939	-18.98361	7.6564584	27.191248	-38.42897	-212.79297	74.246765	40.54599	-466.48114	1000.0	664000
167	-0.032130234	143.14308	-18.966835	7.6556535	27.191248	-38.42897	-212.61424	74.23335	40.54599	-466.48114	1000.0	668000
168	-0.032080326	142.88586	-18.963379	7.650934	27.191248	-38.42897	-212.49907	74.112404	40.54599	-466.48114	1000.0	672000
169	-0.032044858	142.5458	-18.956707	7.653708	27.191248	-38.42897	-212.40213	74.10417	40.54599	-466.48114	1000.0	676000
170	-0.03216792	142.33612	-18.965672	7.6516814	27.191248	-38.42897	-212.44324	73.94032	40.54599	-466.48114	1000.0	680000
171	-0.03254393	142.16876	-18.929108	7.657273	27.191248	-38.42897	-212.00616	74.075836	40.54599	-466.48114	1000.0	684000
172	-0.032692797	141.95792	-18.92117	7.6459694	27.191248	-38.42897	-211.78487	74.00016	40.54599	-466.48114	1000.0	688000
173	-0.03252619	141.87651	-18.90056	7.6453547	27.191248	-38.42897	-211.53378	73.99266	40.54599	-466.48114	1000.0	692000
174	-0.032716617	141.48462	-18.898434	7.643692	27.191248	-38.42897	-211.4668	73.83226	40.54599	-466.48114	1000.0	696000
175	-0.032792326	141.28027	-18.869223	7.640951	27.191248	-38.42897	-211.1558	73.7838	40.54599	-466.48114	1000.0	700000
176	-0.032754883	141.35666	-18.867365	7.629657	27.191248	-38.42897	-211.11324	73.66305	40.54599	-466.48114	1000.0	704000
177	-0.032799356	141.04341	-18.838945	7.6413603	27.191248	-38.42897	-210.71533	73.783905	40.54599	-466.48114	1000.0	708000
178	-0.032876793	140.93611	-18.815321	7.6358027	27.191248	-38.42897	-210.38176	73.86801	40.54599	-466.48114	1000.0	712000
179	-0.03277639	140.56718	-18.77159	7.655995	27.191248	-38.42897	-209.85591	74.213936	40.54599	-466.48114	1000.0	716000
180	-0.033058763	140.24054	-18.791796	7.676899	27.191248	-38.42897	-209.98737	74.21892	40.54599	-466.48114	1000.0	720000
181	-0.033371214	139.79782	-18.820745	7.6838818	27.191248	-38.42897	-210.19588	74.11302	40.54599	-466.48114	1000.0	724000
182	-0.03341467	139.76218	-18.806725	7.6892757	27.191248	-38.42897	-210.02756	74.17771	40.54599	-466.48114	1000.0	728000
183	-0.03336146	139.33162	-18.781391	7.7224755	27.191248	-38.42897	-209.63858	74.57112	40.54599	-466.48114	1000.0	732000
184	-0.03335521	139.64236	-18.805847	7.722167	27.191248	-39.335773	-210.02182	74.88101	40.54599	-466.48114	1000.0	736000
185	-0.03359279	139.53278	-18.789062	7.716483	27.191248	-39.335773	-209.78746	74.75952	40.54599	-466.48114	1000.0	740000
186	-0.033562623	139.3859	-18.749083	7.7240725	27.191248	-39.335773	-209.28403	74.9291	40.54599	-466.48114	1000.0	744000
187	-0.033499647	139.31828	-18.736298	7.718464	27.191248	-39.335773	-209.19055	74.80926	40.54599	-466.48114	1000.0	748000
188	-0.03348914	139.58943	-18.703123	7.722885	27.191248	-39.335773	-208.7839	74.92122	40.54599	-466.48114	1000.0	752000
189	-0.033513065	139.52415	-18.665878	7.7408314	27.191248	-39.335773	-208.40753	75.13135	40.54599	-466.48114	1000.0	756000
190	-0.033580404	139.54503	-18.630451	7.7622943	27.191248	-39.335773	-207.94145	75.28545	40.54599	-466.48114	1000.0	760000
191	-0.033571582	139.25284	-18.590725	7.7760277	27.191248	-39.335773	-207.48352	75.369514	40.54599	-466.48114	1000.0	764000
192	-0.03340352	139.02617	-18.541555	7.7927256	27.191248	-39.335773	-206.90501	75.63302	40.54599	-466.48114	1000.0	768000
193	-0.033452652	138.7973	-18.505316	7.795406	27.191248	-39.335773	-206.44933	75.72716	40.54599	-466.48114	1000.0	772000
194	-0.033393696	138.5537	-18.49127	7.7974844	27.191248	-39.335773	-206.26299	75.72021	40.54599	-466.48114	1000.0	776000
195	-0.03324302	138.31937	-18.46692	7.7923074	27.191248	-39.335773	-205.97728	75.69506	40.54599	-466.48114	1000.0	780000
196	-0.03344444	138.2607	-18.437698	7.795059	27.191248	-39.335773	-205.6448	75.693405	40.54599	-466.48114	1000.0	784000
197	-0.03341776	138.15431	-18.440462	7.787498	27.191248	-39.335773	-205.60092	75.64352	40.54599	-466.48114	1000.0	788000
198	-0.033413693	137.83864	-18.420435	7.785357	27.191248	-39.335773	-205.38861	75.58446	40.54599	-466.48114	1000.0	792000
199	-0.03321358	137.86275	-18.407722	7.784422	27.191248	-39.335773	-205.16652	75.56165	40.54599	-466.48114	1000.0	796000
200	-0.03316413	137.68753	-18.412632	7.810707	27.191248	-39.335773	-205.10321	75.71195	40.54599	-466.48114	1000.0	800000
201	-0.033194054	137.4976	-18.393316	7.8163776	27.191248	-39.335773	-204.88705	75.86363	40.54599	-466.48114	1000.0	804000
202	-0.033178292	137.42342	-18.344322	7.8381243	27.191248	-39.335773	-204.36989	76.0374	40.54599	-466.48114	1000.0	808000
203	-0.033286456	137.57036	-18.343685	7.8307548	27.191248	-39.335773	-204.3171	76.15786	40.54599	-466.48114	1000.0	812000
204	-0.033188265	137.42734	-18.305563	7.858072	27.191248	-39.335773	-203.85599	76.5693	40.54599	-466.48114	1000.0	816000
205	-0.032937005	137.053	-18.25153	7.8826027	27.191248	-39.335773	-203.21475	76.96831	40.54599	-466.48114	1000.0	820000
206	-0.03297543	136.87102	-18.220541	7.8919163	27.191248	-39.335773	-202.84064	77.03138	40.54599	-466.48114	1000.0	824000
207	-0.03309662	136.58487	-18.173067	7.9064465	27.191248	-39.335773	-202.33691	77.206665	40.54599	-466.48114	1000.0	828000
208	-0.033093695	136.48193	-18.15648	7.910647	27.191248	-39.335773	-202.09573	77.323204	40.54599	-466.48114	1000.0	832000
209	-0.033096645	136.24615	-18.151632	7.9135456	27.191248	-39.335773	-201.98735	77.24265	40.54599	-466.48114	1000.0	836000
210	-0.03314364	136.1604	-18.109533	7.9249167	27.191248	-39.335773	-201.50764	77.388336	40.54599	-466.48114	1000.0	840000
211	-0.033102434	135.93996	-18.061697	7.942457	27.191248	-39.335773	-200.94261	77.68748	40.54599	-466.48114	1000.0	844000
212	-0.03282116	136.12236	-18.02357	7.959097	27.191248	-39.335773	-200.4833	77.97869	40.54599	-466.48114	1000.0	848000
213	-0.032878913	135.94951	-18.002577	7.9572115	27.191248	-39.335773	-200.30125	77.96636	40.54599	-466.48114	1000.0	852000
214	-0.03306947	135.89825	-17.96956	7.979035	27.191248	-39.335773	-199.90161	78.20452	40.54599	-466.48114	1000.0	856000
215	-0.032883834	135.48822	-17.96072	8.002707	27.191248	-39.335773	-199.73836	78.175316	40.54599	-466.48114	1000.0	860000
216	-0.032846693	135.32048	-17.977367	8.022944	27.191248	-39.335773	-199.83008	78.124245	40.54599	-466.48114	1000.0	864000
217	-0.032928623	135.1626	-17.975521	8.029938	27.191248	-39.335773	-199.78268	78.01292	40.54599	-466.48114	1000.0	868000
218	-0.032920428	135.07376	-17.964365	8.036077	27.191248	-39.335773	-199.62152	78.05014	40.54599	-466.48114	1000.0	872000
219	-0.033176832	134.97404	-17.94174	8.050565	27.191248	-39.335773	-199.4065	78.05084	40.54599	-466.48114	1000.0	876000
220	-0.03338817	134.80307	-17.910532	8.052309	27.191248	-39.335773	-199.0243	78.10201	40.54599	-466.48114	1000.0	880000
221	-0.033554424	134.9079	-17.876791	8.061134	27.191248	-39.335773	-198.64284	78.35568	40.54599	-466.48114	1000.0	884000
222	-0.03343254	134.73363	-17.888874	8.06888	27.191248	-39.335773	-198.74135	78.32962	40.54599	-466.48114	1000.0	888000
223	-0.03357053	134.63535	-17.846497	8.083002	27.191248	-39.335773	-198.30112	78.51576	40.54599	-466.48114	1000.0	892000
224	-0.033461716	134.65807	-17.812372	8.091949	27.191248	-39.335773	-197.90958	78.60405	40.54599	-466.48114	1000.0	896000
225	-0.033667598	134.44315	-17.776653	8.097643	27.191248	-39.335773	-197.53944	78.642525	40.54599	-466.48114	1000.0	900000
226	-0.03358892	134.24835	-17.742367	8.119509	27.191248	-39.335773	-197.1507	78.83017	40.54599	-466.48114	1000.0	904000
227	-0.03370107	134.37827	-17.726244	8.134837	27.191248	-39.335773	-196.91974	78.89581	40.54599	-466.48114	1000.0	908000
228	-0.033641756	134.20094	-17.703001	8.133738	27.191248	-39.335773	-196.67403	78.87481	40.54599	-466.48114	1000.0	912000
229	-0.033659484	134.41959	-17.70351	8.131168	27.191248	-39.335773	-196.65747	78.72515	40.54599	-466.48114	1000.0	916000
230	-0.033540126	134.15523	-17.65421	8.151698	27.191248	-39.335773	-196.15271	78.9343	40.54599	-466.48114	1000.0	920000
231	-0.033646822	134.02434	-17.605963	8.171994	27.191248	-39.335773	-195.66982	79.25735	40.54599	-466.48114	1000.0	924000
232	-0.03374028	133.68048	-17.550169	8.203159	27.191248	-39.335773	-195.0264	79.718796	40.54599	-466.48114	1000.0	928000
233	-0.034035616	133.46811	-17.52758	8.211881	27.191248	-39.335773	-194.73082	79.80001	40.54599	-466.48114	1000.0	932000
234	-0.033982754	133.71684	-17.494553	8.220716	27.191248	-39.335773	-194.3194	79.92292	40.54599	-466.48114	1000.0	936000
235	-0.03401531	133.87383	-17.467117	8.228261	27.191248	-39.335773	-194.02516	80.244064	40.54599	-466.48114	1000.0	940000
236	-0.033908125	133.91841	-17.43071	8.238537	27.191248	-39.335773	-193.58324	80.41312	40.54599	-466.48114	1000.0	944000
237	-0.03409572	133.93681	-17.421019	8.248478	27.191248	-39.335773	-193.43394	80.417755	40.54599	-466.48114	1000.0	948000
238	-0.033988193	133.74515	-17.375689	8.285317	27.191248	-39.335773	-192.94112	80.85022	40.54599	-466.48114	1000.0	952000
239	-0.034096316	133.64986	-17.365677	8.321657	27.191248	-39.335773	-192.78906	81.1583	40.54599	-466.48114	1000.0	956000
240	-0.034189835	133.42897	-17.338655	8.347741	27.191248	-39.335773	-192.48207	81.40422	40.54599	-466.48114	1000.0	960000
241	-0.03412975	133.36969	-17.291265	8.369612	27.191248	-39.335773	-191.92676	81.69419	40.54599	-466.48114	1000.0	964000
242	-0.033812664	133.09245	-17.260366	8.391796	27.191248	-39.335773	-191.60518	81.95178	40.54599	-466.48114	1000.0	968000
243	-0.0336832	133.28554	-17.244425	8.390758	27.191248	-39.335773	-191.46332	82.01326	40.54599	-466.48114	1000.0	972000
244	-0.03368957	133.24074	-17.238926	8.394299	27.191248	-39.335773	-191.39688	81.90252	40.54599	-466.48114	1000.0	976000
245	-0.033470824	133.19841	-17.236753	8.39648	27.191248	-39.335773	-191.32962	82.012665	40.54599	-466.48114	1000.0	980000
246	-0.03346023	133.0262	-17.206606	8.417258	27.191248	-39.335773	-190.95122	82.19712	40.54599	-466.48114	1000.0	984000
247	-0.033734597	133.02333	-17.175781	8.420924	27.191248	-39.335773	-190.5993	82.26872	40.54599	-466.48114	1000.0	988000
248	-0.033623677	132.72375	-17.135437	8.460505	27.191248	-39.335773	-190.12271	82.59202	40.54599	-466.48114	1000.0	992000
249	-0.033810083	132.47636	-17.103662	8.488305	27.191248	-39.335773	-189.77956	82.923386	40.54599	-466.48114	1000.0	996000
250	-0.03395336	132.46362	-17.052198	8.518405	27.191248	-39.335773	-189.21751	83.3348	40.54599	-466.48114	1000.0	1000000
