epoch	pi-loss	v-loss	average-v-values	std-v-values	max-v-values	min-v-values	kl	average-episode-return	std-episode-return	max-episode-return	min-episode-return	episode-length	total-env-interacts
1	-0.0479156	1002.44965	-4.8487496	0.7356956	0.1935464	-6.057269	0.012663748	-346.276	59.259468	-260.6296	-420.97037	1000.0	4000
2	-0.04975854	830.40564	-7.280131	2.492328	0.1935464	-9.851469	0.01385534	-344.75748	55.75029	-260.6296	-420.97037	1000.0	8000
3	-0.050283644	724.98193	-8.824522	2.9895504	0.1935464	-12.007118	0.014031939	-314.21213	102.418846	-29.105793	-420.97037	1000.0	12000
4	-0.050527774	661.4715	-10.2557535	3.58606	0.1935464	-14.595302	0.014285041	-314.93298	99.60147	-29.105793	-447.03122	1000.0	16000
5	-0.050980188	593.5514	-11.244286	3.8133206	3.1163042	-15.552955	0.014428744	-296.2404	97.991875	-29.105793	-447.03122	1000.0	20000
6	-0.05072464	525.63617	-11.883091	3.8664434	13.743292	-15.728924	0.014526371	-275.90463	101.23038	-29.105793	-447.03122	1000.0	24000
7	-0.051003147	475.97638	-12.494777	3.8893528	13.743292	-16.374327	0.014596443	-267.10938	98.78828	-29.105793	-447.03122	1000.0	28000
8	-0.05067763	440.3662	-12.778025	3.864105	13.743292	-16.374327	0.014649918	-255.65067	100.39597	-29.105793	-447.03122	1000.0	32000
9	-0.051054385	414.42688	-12.921353	3.8695285	13.743292	-16.554693	0.014689424	-245.59473	100.31774	-29.105793	-447.03122	1000.0	36000
10	-0.050855078	393.04794	-13.089557	3.8544219	13.743292	-17.032467	0.014736228	-238.9063	99.73219	-29.105793	-447.03122	1000.0	40000
11	-0.05061412	369.28513	-13.135329	3.8691804	13.743292	-17.344637	0.014772749	-232.01259	99.33744	-29.105793	-447.03122	1000.0	44000
12	-0.05050689	347.07797	-13.021818	3.8798256	13.743292	-17.344637	0.014802251	-223.53093	99.3973	-29.105793	-447.03122	1000.0	48000
13	-0.05028451	336.23145	-13.109564	3.8705108	13.743292	-17.585466	0.014832187	-219.67628	98.72189	-29.105793	-447.03122	1000.0	52000
14	-0.047601152	320.24014	-13.136779	3.9536374	13.743292	-17.944868	0.014919175	-214.53885	97.29951	-29.105793	-447.03122	1000.0	56000
15	-0.047868207	305.23053	-12.900404	4.013486	13.743292	-17.944868	0.014925073	-206.86557	98.769295	-29.105793	-447.03122	1000.0	60000
16	-0.04792402	292.98267	-12.758029	4.031937	13.743292	-17.944868	0.014936019	-200.57135	100.02032	0.49884766	-447.03122	1000.0	64000
17	-0.048049547	286.91858	-12.620462	4.144413	13.743292	-18.040596	0.014949012	-195.9094	101.518	0.49884766	-447.03122	1000.0	68000
18	-0.047932602	276.47705	-12.485441	4.268795	13.743292	-18.440338	0.0149578005	-192.45563	100.9312	0.49884766	-447.03122	1000.0	72000
19	-0.048082568	269.66168	-12.2271385	4.419628	13.743292	-18.440338	0.014964342	-186.49828	103.20055	60.465557	-447.03122	1000.0	76000
20	-0.048046	260.18573	-11.922893	4.6206975	13.743292	-18.440338	0.014968254	-180.37218	104.44812	60.465557	-447.03122	1000.0	80000
21	-0.04793388	251.32529	-11.424759	5.062193	13.743292	-18.440338	0.014971717	-172.75134	107.671394	60.465557	-447.03122	1000.0	84000
22	-0.047878195	245.94313	-11.2004175	5.1137776	13.743292	-18.440338	0.014976505	-168.6124	107.178085	60.465557	-447.03122	1000.0	88000
23	-0.04792103	237.57579	-11.003672	5.172503	13.743292	-18.502205	0.014981617	-164.38434	106.83774	60.465557	-447.03122	1000.0	92000
24	-0.048037678	230.40295	-10.664036	5.3483133	13.743292	-18.502205	0.0149872005	-158.97078	107.90794	60.465557	-447.03122	1000.0	96000
25	-0.047995243	223.95032	-10.232951	5.677651	13.743292	-18.502205	0.014996896	-152.48639	110.445984	60.465557	-447.03122	1000.0	100000
26	-0.04799924	218.14967	-9.776635	6.0454297	13.743292	-18.502205	0.015006501	-146.10167	113.16363	60.465557	-447.03122	1000.0	104000
27	-0.04790381	215.0299	-9.460947	6.206386	13.747227	-18.534727	0.015013621	-140.97218	114.19328	60.465557	-447.03122	1000.0	108000
28	-0.04783621	210.43077	-9.097108	6.4804296	13.823374	-18.534727	0.015013939	-135.50722	115.75281	60.465557	-447.03122	1000.0	112000
29	-0.047729243	206.04877	-8.613896	6.918601	13.929376	-18.534727	0.015018425	-128.94481	118.94717	72.80497	-447.03122	1000.0	116000
30	-0.047690686	201.72215	-8.244087	7.1061563	13.929376	-18.534727	0.015018102	-124.03791	119.91094	72.80497	-447.03122	1000.0	120000
31	-0.04763738	198.30934	-7.8094535	7.4472747	14.548034	-18.534727	0.015019348	-118.16023	122.48159	121.88504	-447.03122	1000.0	124000
32	-0.047490135	194.01735	-7.4178762	7.6678658	14.749403	-18.534727	0.015021502	-112.74632	124.47165	121.88504	-447.03122	1000.0	128000
33	-0.046456743	189.66452	-7.058773	7.8329206	14.934283	-18.534727	0.015048377	-107.56578	126.10773	121.88504	-447.03122	1000.0	132000
34	-0.046499252	186.05127	-6.611103	8.1433935	15.721531	-18.534727	0.015048108	-101.88901	128.48038	121.88504	-447.03122	1000.0	136000
35	-0.04656638	182.26682	-6.106704	8.555863	16.898499	-18.534727	0.015048792	-95.3471	132.37978	161.35922	-447.03122	1000.0	140000
36	-0.046495274	179.53607	-5.66627	8.848236	17.871492	-18.534727	0.015050303	-89.32315	135.31497	161.35922	-447.03122	1000.0	144000
37	-0.046583712	176.04008	-5.297615	9.188018	18.518415	-19.59659	0.015050458	-84.41897	137.58647	171.16321	-447.03122	1000.0	148000
38	-0.046724476	173.47456	-4.9617796	9.3069935	18.518415	-19.59659	0.01505474	-79.78345	138.89334	175.62643	-447.03122	1000.0	152000
39	-0.046701528	172.38843	-4.6314545	9.443381	18.518415	-19.59659	0.015056624	-75.27855	140.06253	175.62643	-447.03122	1000.0	156000
40	-0.046735447	170.08096	-4.309114	9.671975	18.518415	-19.93926	0.015059158	-71.13555	141.42189	175.62643	-447.03122	1000.0	160000
41	-0.045959838	168.01015	-3.8263679	10.04221	19.734335	-19.93926	0.015062742	-65.26116	144.89243	258.77728	-447.03122	1000.0	164000
42	-0.04604003	166.59012	-3.3826556	10.337093	19.734335	-19.93926	0.015065737	-60.019463	147.50705	258.77728	-447.03122	1000.0	168000
43	-0.04602206	165.02148	-2.9312017	10.639775	20.224327	-19.93926	0.015066873	-54.537594	150.22546	258.77728	-447.03122	1000.0	172000
44	-0.04597554	163.26678	-2.4943964	10.916323	20.89115	-19.93926	0.015071533	-48.97211	153.0462	258.77728	-447.03122	1000.0	176000
45	-0.045262653	161.28333	-2.075355	11.156286	21.185802	-19.93926	0.015089784	-43.83392	155.20782	258.77728	-447.03122	1000.0	180000
46	-0.045260254	160.95753	-1.7000343	11.343972	21.300943	-19.93926	0.015092317	-39.35962	156.47514	258.77728	-447.03122	1000.0	184000
47	-0.04463495	160.31076	-1.2622162	11.639188	22.749203	-21.514463	0.015157082	-34.025185	158.98264	258.77728	-447.03122	1000.0	188000
48	-0.044609386	160.12416	-0.94658595	11.739156	22.749203	-21.514463	0.015154344	-30.15541	159.92828	258.77728	-447.03122	1000.0	192000
49	-0.044667546	158.6842	-0.47882548	12.069086	23.589876	-21.514463	0.015153137	-24.71028	162.77301	278.43613	-447.03122	1000.0	196000
50	-0.04464127	158.65002	-0.13673516	12.205693	23.589876	-21.523178	0.015150982	-20.502447	163.84016	278.43613	-447.03122	1000.0	200000
51	-0.044701204	157.23601	0.16145569	12.430129	23.920685	-24.493586	0.0151490355	-16.726812	165.21921	278.43613	-447.03122	1000.0	204000
52	-0.04476271	157.18959	0.34146765	12.624085	24.97425	-25.713606	0.015149155	-14.502593	166.24405	288.80865	-447.03122	1000.0	208000
53	-0.044149328	156.43672	0.75305235	12.863762	25.545126	-25.713606	0.015203615	-9.906649	168.10497	288.80865	-447.03122	1000.0	212000
54	-0.043534614	156.15031	1.2384229	13.231829	28.704988	-25.713606	0.015201897	-4.2958236	171.64346	379.36572	-447.03122	1000.0	216000
55	-0.043535244	155.99362	1.7307264	13.610351	30.728352	-25.713606	0.015199707	1.2790381	175.04753	379.36572	-447.03122	1000.0	220000
56	-0.043574806	156.37558	1.9898695	14.00179	32.369465	-32.711147	0.01519891	4.6979785	179.14009	444.09915	-447.03122	1000.0	224000
57	-0.043651953	156.5161	2.286289	14.390239	33.55665	-33.783497	0.015196919	8.268826	182.18579	444.09915	-447.03122	1000.0	228000
58	-0.043606594	157.076	2.7917404	14.778284	34.752773	-33.783497	0.015198938	14.211254	186.54852	480.8912	-447.03122	1000.0	232000
59	-0.043570884	156.75893	3.2852447	15.132065	35.087402	-33.783497	0.015198291	19.899721	189.99779	480.8912	-447.03122	1000.0	236000
60	-0.04354402	157.24698	3.6829445	15.336905	35.087402	-33.783497	0.0151951425	24.587786	192.04999	480.8912	-447.03122	1000.0	240000
61	-0.043067064	157.6561	4.1169896	15.588124	35.17616	-33.783497	0.015194119	29.64055	194.52615	480.8912	-447.03122	1000.0	244000
62	-0.043075036	159.19527	4.55009	15.85041	37.03254	-33.783497	0.015192228	34.58202	197.08412	480.8912	-447.03122	1000.0	248000
63	-0.043080207	158.53296	4.9955106	16.116808	37.03254	-33.783497	0.01519423	39.544	199.41559	480.8912	-447.03122	1000.0	252000
64	-0.042618416	158.76065	5.4117637	16.338087	37.03254	-33.783497	0.015191318	44.474365	201.7683	480.8912	-447.03122	1000.0	256000
65	-0.042128358	159.0866	5.8778853	16.64222	38.311478	-33.783497	0.015211049	49.877567	204.85793	480.8912	-447.03122	1000.0	260000
66	-0.04218274	159.10216	6.232943	16.863085	38.311478	-35.52899	0.015209209	54.017597	206.25348	480.8912	-447.03122	1000.0	264000
67	-0.041728467	160.91487	6.6014056	17.025751	38.39519	-35.52899	0.015219498	58.232292	207.83208	480.8912	-447.03122	1000.0	268000
68	-0.041796505	162.116	6.9583974	17.17138	38.62795	-35.52899	0.01521856	62.23055	209.0797	480.8912	-447.03122	1000.0	272000
69	-0.041856788	162.51727	7.200782	17.311964	38.62795	-35.52899	0.015215668	65.24318	209.76758	480.8912	-447.03122	1000.0	276000
70	-0.04189207	162.5839	7.6479125	17.589176	40.970867	-35.52899	0.015215845	70.43616	212.70258	480.8912	-447.03122	1000.0	280000
71	-0.04191018	163.93045	8.068195	17.827866	41.925617	-35.52899	0.0152132725	75.19867	215.04901	497.4455	-447.03122	1000.0	284000
72	-0.041488074	166.10466	8.469526	18.045444	43.950287	-35.52899	0.015212095	79.82723	217.49132	562.98303	-447.03122	1000.0	288000
73	-0.04151528	166.41066	8.846643	18.21509	43.950287	-35.52899	0.015212198	84.00685	219.09052	562.98303	-447.03122	1000.0	292000
74	-0.041588295	166.72464	9.185728	18.39848	44.02451	-37.56613	0.015210547	87.97721	220.42949	562.98303	-447.03122	1000.0	296000
75	-0.04157668	166.46086	9.578212	18.58913	44.310345	-37.56613	0.015211877	92.454025	222.3322	562.98303	-447.03122	1000.0	300000
76	-0.041597817	167.07024	9.981233	18.803612	45.206856	-37.56613	0.015210502	97.050476	224.521	562.98303	-447.03122	1000.0	304000
77	-0.041219153	168.41455	10.329398	18.941416	45.206856	-37.56613	0.015210961	101.15717	226.23584	562.98303	-447.03122	1000.0	308000
78	-0.040884417	169.81265	10.693609	19.114082	46.580215	-37.56613	0.0152091235	105.095474	227.43997	562.98303	-447.03122	1000.0	312000
79	-0.040531974	171.50484	11.049473	19.269997	47.152187	-37.56613	0.015227339	109.1095	228.92238	562.98303	-447.03122	1000.0	316000
80	-0.04059801	172.39532	11.335887	19.335506	47.152187	-37.56613	0.015228475	112.19076	229.28343	562.98303	-447.03122	1000.0	320000
81	-0.040636674	173.50963	11.75388	19.58547	49.594185	-37.56613	0.015226932	116.90571	231.89944	582.44775	-447.03122	1000.0	324000
82	-0.04070205	174.30566	12.180554	19.848843	50.634716	-37.56613	0.015225967	121.65882	234.4649	582.44775	-447.03122	1000.0	328000
83	-0.04079108	175.23955	12.3430605	20.019867	50.634716	-44.645905	0.015224205	123.79525	235.6094	582.44775	-447.03122	1000.0	332000
84	-0.040820505	176.74702	12.721209	20.209496	50.634716	-44.645905	0.015223035	128.0072	237.3395	582.44775	-447.03122	1000.0	336000
85	-0.040849738	177.88591	13.065523	20.353493	51.17943	-44.645905	0.015221731	131.98402	238.94171	582.44775	-447.03122	1000.0	340000
86	-0.040893756	179.29495	13.2777605	20.589119	52.56539	-44.645905	0.015225998	134.4652	240.77763	582.44775	-447.03122	1000.0	344000
87	-0.040952966	180.24301	13.581806	20.677298	52.56539	-44.645905	0.015223829	138.07242	241.85266	582.44775	-447.03122	1000.0	348000
88	-0.041025314	180.71895	13.965804	20.873808	52.56545	-44.645905	0.015224147	142.41147	243.85951	582.44775	-447.03122	1000.0	352000
89	-0.041047387	181.34041	14.313722	21.018974	52.56545	-44.645905	0.015229232	146.17198	245.0681	582.44775	-447.03122	1000.0	356000
90	-0.041099552	181.93457	14.6877985	21.20235	53.67196	-44.645905	0.015231901	150.48619	247.19498	606.3253	-447.03122	1000.0	360000
91	-0.04079441	182.74582	15.059574	21.383852	54.230637	-44.645905	0.015232752	154.67426	249.08707	606.3253	-447.03122	1000.0	364000
92	-0.04048718	182.66776	15.356565	21.459644	54.230637	-44.645905	0.015250533	158.07158	249.8417	606.3253	-447.03122	1000.0	368000
93	-0.04019191	183.57619	15.6978855	21.601234	54.230637	-44.645905	0.015249558	161.96252	251.33522	606.3253	-447.03122	1000.0	372000
94	-0.04020943	184.95308	15.968663	21.871698	57.981888	-44.645905	0.015248193	165.17511	252.93774	639.1694	-447.03122	1000.0	376000
95	-0.04023692	185.9813	16.361609	22.094759	58.279602	-44.645905	0.0152458	169.55775	255.1908	639.1694	-447.03122	1000.0	380000
96	-0.040239215	187.9504	16.703714	22.240332	58.279602	-44.645905	0.015245634	173.40523	256.92712	715.74335	-447.03122	1000.0	384000
97	-0.040236317	190.28345	17.045856	22.392752	58.856297	-44.645905	0.015244306	177.27577	258.57666	715.74335	-447.03122	1000.0	388000
98	-0.039990045	191.65363	17.410698	22.575878	59.89547	-44.645905	0.015243884	181.43523	260.54434	715.74335	-447.03122	1000.0	392000
99	-0.04007913	193.35081	17.760843	22.73917	60.886555	-44.645905	0.0152425915	185.3547	262.1797	715.74335	-447.03122	1000.0	396000
100	-0.040098187	194.90514	18.166409	22.99156	63.29763	-44.645905	0.015240764	189.92368	264.83728	715.74335	-447.03122	1000.0	400000
101	-0.040111627	196.51874	18.509043	23.142906	63.29763	-44.645905	0.015242357	193.88309	266.64215	733.8351	-447.03122	1000.0	404000
102	-0.040162574	197.38419	18.677532	23.342169	63.29763	-44.645905	0.015241215	195.91554	268.16016	733.8351	-447.03122	1000.0	408000
103	-0.04018842	198.55423	19.055286	23.547947	63.792816	-44.645905	0.015240811	200.05252	270.1089	733.8351	-447.03122	1000.0	412000
104	-0.040184453	199.16647	19.425262	23.73823	63.792816	-44.645905	0.015242233	204.03606	271.90695	733.8351	-447.03122	1000.0	416000
105	-0.04020104	200.31114	19.789413	23.92087	63.93051	-44.645905	0.015242599	208.10669	273.88586	746.46747	-447.03122	1000.0	420000
106	-0.039969992	201.72655	20.189844	24.164633	67.11876	-44.645905	0.01524327	212.45782	276.28882	746.46747	-447.03122	1000.0	424000
107	-0.039975435	203.66791	20.580263	24.394798	69.15134	-44.645905	0.015241567	216.73087	278.64804	765.69104	-447.03122	1000.0	428000
108	-0.03994854	205.17737	20.791601	24.613949	69.15134	-46.55836	0.015240278	219.20651	279.80988	788.21655	-447.03122	1000.0	432000
109	-0.039707612	206.4199	21.1914	24.85801	70.40923	-46.55836	0.015250672	223.76111	282.5398	788.21655	-447.03122	1000.0	436000
110	-0.03947024	208.09877	21.49324	24.955528	70.40923	-46.55836	0.015252869	227.2401	283.64923	788.21655	-447.03122	1000.0	440000
111	-0.039442714	209.5085	21.817308	25.084883	70.40923	-46.55836	0.015256452	230.66568	284.83673	788.21655	-447.03122	1000.0	444000
112	-0.039474424	209.93492	22.026129	25.255259	70.40923	-49.109257	0.015254324	233.14027	285.69434	788.21655	-447.03122	1000.0	448000
113	-0.039491992	211.1047	22.396929	25.454655	70.44826	-49.109257	0.015252791	237.30624	287.87662	791.5021	-447.03122	1000.0	452000
114	-0.039507855	211.99106	22.768518	25.65222	70.805115	-49.109257	0.015251879	241.38231	289.8952	791.5021	-447.03122	1000.0	456000
115	-0.0392843	214.05482	23.10646	25.80585	70.805115	-49.109257	0.015257289	244.92928	291.16266	791.5021	-447.03122	1000.0	460000
116	-0.039095737	214.86435	23.481852	26.012287	71.92599	-49.109257	0.015256709	249.0545	293.30023	807.60443	-447.03122	1000.0	464000
117	-0.038866777	216.77934	23.609638	26.289806	72.812775	-49.109257	0.0152550405	250.75517	294.3867	830.6603	-447.03122	1000.0	468000
118	-0.038696118	218.35463	23.997707	26.517206	74.21853	-49.109257	0.015252981	255.0284	296.7768	830.6603	-447.03122	1000.0	472000
119	-0.0387126	219.22482	24.290138	26.605478	74.21853	-49.109257	0.015252324	258.25262	297.652	830.6603	-447.03122	1000.0	476000
120	-0.038718894	220.7043	24.668907	26.819815	74.21853	-49.109257	0.015254942	262.36505	299.86093	846.298	-447.03122	1000.0	480000
121	-0.038516738	221.88483	25.04795	27.032991	74.61151	-49.109257	0.015256724	266.62097	302.23984	846.298	-447.03122	1000.0	484000
122	-0.03853482	223.7615	25.380493	27.176128	74.61151	-49.109257	0.015257952	270.24994	303.663	846.298	-447.03122	1000.0	488000
123	-0.038463555	224.68507	25.68863	27.285397	74.61151	-49.109257	0.015256257	273.59967	304.71234	846.298	-447.03122	1000.0	492000
124	-0.038480382	226.51863	26.032902	27.44928	75.612206	-49.109257	0.015254863	277.4632	306.55444	857.65424	-447.03122	1000.0	496000
125	-0.03827759	227.14954	26.166203	27.559212	75.612206	-49.109257	0.015252946	279.0158	306.7687	857.65424	-447.03122	1000.0	500000
126	-0.03832797	229.11061	26.45424	27.646349	75.612206	-49.109257	0.01525216	282.19855	307.6755	857.65424	-447.03122	1000.0	504000
127	-0.03817075	229.8968	26.551825	27.813845	75.612206	-49.109257	0.015252063	283.39764	308.02625	857.65424	-447.03122	1000.0	508000
128	-0.037968844	232.33278	26.900345	27.98956	78.29314	-49.109257	0.015258292	287.27405	310.01062	894.7837	-447.03122	1000.0	512000
129	-0.037885524	233.50575	27.242214	28.153168	78.29314	-49.109257	0.015257344	291.03046	311.7937	894.7837	-447.03122	1000.0	516000
130	-0.037687726	234.96165	27.585413	28.319334	78.38358	-49.109257	0.015266697	294.84366	313.64725	894.7837	-447.03122	1000.0	520000
131	-0.037462648	236.43813	27.902847	28.450657	78.38358	-49.109257	0.015267505	298.36395	315.07788	894.7837	-447.03122	1000.0	524000
132	-0.037487883	237.31192	28.184124	28.529823	78.38358	-49.109257	0.015266086	301.42892	315.85632	894.7837	-447.03122	1000.0	528000
133	-0.037507493	238.84798	28.501312	28.66234	78.99843	-49.109257	0.015267312	304.89774	317.23773	894.7837	-447.03122	1000.0	532000
134	-0.03750383	241.40361	28.78634	28.75635	79.32965	-49.109257	0.015267402	308.0838	318.20544	894.7837	-447.03122	1000.0	536000
135	-0.037541207	243.81818	29.05799	28.834839	79.88308	-49.109257	0.015269089	311.13077	319.21085	960.07904	-447.03122	1000.0	540000
136	-0.037558038	245.84398	29.387157	28.990438	81.5903	-49.109257	0.015268836	314.78583	320.98746	960.8427	-447.03122	1000.0	544000
137	-0.03758646	246.67781	29.693888	29.11066	81.5903	-49.109257	0.015268634	318.06384	322.11575	960.8427	-447.03122	1000.0	548000
138	-0.037590433	248.43227	30.048912	29.305616	84.25442	-49.109257	0.015269775	321.98712	324.26373	960.8427	-447.03122	1000.0	552000
139	-0.037617594	250.66486	30.349964	29.422014	84.25442	-49.109257	0.01526801	325.2174	325.40405	960.8427	-447.03122	1000.0	556000
140	-0.037649844	252.94498	30.640585	29.5288	84.25442	-49.109257	0.015266684	328.32382	326.40756	960.8427	-447.03122	1000.0	560000
141	-0.03769811	255.34348	30.923422	29.627026	84.25442	-49.109257	0.015266429	331.5322	327.67914	997.3927	-447.03122	1000.0	564000
142	-0.037741866	256.69907	31.181215	29.688505	84.25442	-49.109257	0.015264728	334.39276	328.3889	997.3927	-447.03122	1000.0	568000
143	-0.037783735	258.3311	31.480469	29.8056	84.25442	-49.109257	0.015263689	337.70865	329.64035	997.3927	-447.03122	1000.0	572000
144	-0.0378021	259.8566	31.800615	29.954147	85.43312	-49.109257	0.015266231	341.1283	331.06827	997.3927	-447.03122	1000.0	576000
145	-0.037726652	261.01575	32.091602	30.060965	85.43312	-49.109257	0.015267398	344.2159	332.02454	997.3927	-447.03122	1000.0	580000
146	-0.037748747	261.88217	32.16187	30.24818	85.43312	-49.109257	0.015265814	345.2556	332.70374	997.3927	-447.03122	1000.0	584000
147	-0.037777454	264.7611	32.42272	30.322971	85.43312	-49.109257	0.01526469	348.1416	333.50812	997.3927	-447.03122	1000.0	588000
148	-0.037779864	266.7574	32.7497	30.487232	88.57908	-49.109257	0.015264041	351.76904	335.47534	1040.8676	-447.03122	1000.0	592000
149	-0.03779097	267.91687	33.036484	30.591074	88.57908	-49.109257	0.015264921	354.98602	336.7263	1040.8676	-447.03122	1000.0	596000
150	-0.03779466	269.2173	33.35113	30.735298	88.57908	-49.109257	0.0152636785	358.37784	338.22864	1040.8676	-447.03122	1000.0	600000
151	-0.037822586	270.97733	33.64674	30.852861	88.57908	-49.109257	0.0152633535	361.66214	339.6011	1040.8676	-447.03122	1000.0	604000
152	-0.037877258	272.2695	33.793335	31.037176	88.57908	-50.18879	0.015262826	363.4431	341.29694	1040.8676	-447.03122	1000.0	608000
153	-0.037871532	274.05545	34.113438	31.19358	89.83428	-50.18879	0.015263678	366.87936	342.84717	1040.8676	-447.03122	1000.0	612000
154	-0.037852243	275.7298	34.452732	31.377926	91.832886	-50.18879	0.015263248	370.68222	345.01987	1048.9915	-447.03122	1000.0	616000
155	-0.037881248	277.16388	34.753227	31.50253	91.832886	-50.18879	0.015263194	373.94653	346.29156	1048.9915	-447.03122	1000.0	620000
156	-0.03784465	278.88416	34.99698	31.554731	91.832886	-50.18879	0.015262499	376.56104	346.80716	1048.9915	-447.03122	1000.0	624000
157	-0.037844766	279.8369	35.282543	31.659088	91.832886	-50.18879	0.015264164	379.60526	347.82947	1048.9915	-447.03122	1000.0	628000
158	-0.03786358	282.55963	35.566204	31.767649	91.832886	-50.18879	0.015263669	382.80853	349.07	1048.9915	-447.03122	1000.0	632000
159	-0.037862957	285.1989	35.844887	31.870945	91.832886	-50.18879	0.01526264	385.93387	350.22925	1048.9915	-447.03122	1000.0	636000
160	-0.037879445	286.5733	36.156025	32.0178	92.352425	-50.18879	0.015262149	389.23288	351.63126	1048.9915	-447.03122	1000.0	640000
161	-0.0377532	289.0719	36.4776	32.18324	95.23834	-50.18879	0.015265829	392.8231	353.48047	1048.9915	-447.03122	1000.0	644000
162	-0.03767322	290.22897	36.73001	32.250298	95.23834	-50.18879	0.015264411	395.529	354.17105	1048.9915	-447.03122	1000.0	648000
163	-0.037713654	291.72638	37.002907	32.3458	95.23834	-50.18879	0.015264062	398.55374	355.28857	1048.9915	-447.03122	1000.0	652000
164	-0.03773345	294.34045	37.315945	32.50225	96.58486	-50.18879	0.015263841	402.0878	357.07904	1048.9915	-447.03122	1000.0	656000
165	-0.037593834	296.95718	37.569893	32.58127	96.58486	-50.18879	0.0152643835	404.83475	357.90842	1048.9915	-447.03122	1000.0	660000
166	-0.037435327	298.122	37.67899	32.73406	96.58486	-50.18879	0.01527076	406.157	359.31183	1048.9915	-447.03122	1000.0	664000
167	-0.037258882	299.35236	37.960064	32.843094	96.58486	-50.18879	0.015271348	409.2233	360.42593	1048.9915	-447.03122	1000.0	668000
168	-0.03730075	301.60483	38.231125	32.939167	96.58486	-50.18879	0.015269992	412.2485	361.5875	1080.368	-447.03122	1000.0	672000
169	-0.03731812	303.2071	38.514355	33.052025	96.58486	-50.18879	0.01526852	415.46417	362.9658	1080.368	-447.03122	1000.0	676000
170	-0.037322454	304.81216	38.823948	33.203377	97.40698	-50.18879	0.015267431	418.7469	364.43033	1080.368	-447.03122	1000.0	680000
171	-0.037344325	306.585	39.096203	33.30151	97.40698	-50.18879	0.015268909	421.73398	365.5871	1080.368	-447.03122	1000.0	684000
172	-0.037357796	308.5378	39.367268	33.39919	97.40698	-50.18879	0.0152687915	424.7274	366.73572	1080.368	-447.03122	1000.0	688000
173	-0.037332866	310.78217	39.652317	33.519424	99.133385	-50.18879	0.015270553	427.81485	367.92975	1080.368	-447.03122	1000.0	692000
174	-0.037326995	312.3371	39.937294	33.638756	99.370674	-50.18879	0.015272199	430.8855	369.12674	1080.368	-447.03122	1000.0	696000
175	-0.037289105	313.46487	40.228127	33.76435	99.628426	-50.18879	0.015273058	434.11584	370.54526	1080.368	-447.03122	1000.0	700000
176	-0.037177656	314.33124	40.331512	33.941563	99.628426	-52.113316	0.015275494	435.36435	372.34436	1080.368	-447.03122	1000.0	704000
177	-0.03718104	316.1286	40.625603	34.07504	100.50751	-52.113316	0.01527655	438.5635	373.7364	1080.368	-447.03122	1000.0	708000
178	-0.0370639	317.56787	40.725628	34.20302	100.50751	-54.869484	0.015277009	439.7414	374.9425	1080.368	-447.03122	1000.0	712000
179	-0.037102953	319.07877	40.95485	34.254383	100.50751	-54.869484	0.015278972	442.2349	375.44675	1080.368	-447.03122	1000.0	716000
180	-0.037124444	320.5261	41.221024	34.353092	100.50751	-54.869484	0.015279664	445.13962	376.556	1113.7006	-447.03122	1000.0	720000
181	-0.037130214	322.2267	41.496426	34.462513	100.50751	-54.869484	0.015278914	448.15237	377.7117	1113.7006	-447.03122	1000.0	724000
182	-0.037158024	323.44034	41.7346	34.521423	100.50751	-54.869484	0.015278723	450.80487	378.3789	1113.7006	-447.03122	1000.0	728000
183	-0.03705099	324.77222	41.989777	34.602943	100.50751	-54.869484	0.015279232	453.5153	379.18332	1113.7006	-447.03122	1000.0	732000
184	-0.036921795	325.75195	42.26417	34.710632	100.50751	-54.869484	0.015279978	456.48343	380.3239	1113.7006	-447.03122	1000.0	736000
185	-0.036784973	327.68134	42.54353	34.82682	100.72528	-54.869484	0.015278527	459.60742	381.6646	1113.7006	-447.03122	1000.0	740000
186	-0.036751464	329.4288	42.821636	34.943	102.1206	-54.869484	0.015277781	462.68027	382.94177	1113.7006	-447.03122	1000.0	744000
187	-0.036769055	331.5992	43.05059	35.060932	103.00581	-54.869484	0.01527666	465.27557	383.7925	1121.2653	-447.03122	1000.0	748000
188	-0.036796708	333.39258	43.27978	35.116154	103.00581	-54.869484	0.015277438	467.76263	384.3096	1121.2653	-447.03122	1000.0	752000
189	-0.036813207	334.92203	43.592953	35.28695	104.9117	-54.869484	0.015276556	471.2301	386.31857	1255.7212	-447.03122	1000.0	756000
190	-0.036748145	336.5357	43.843464	35.36776	104.9117	-54.869484	0.015276219	474.04178	387.3513	1255.7212	-447.03122	1000.0	760000
191	-0.036689475	337.74423	44.095318	35.44904	104.9117	-54.869484	0.01527768	476.7737	388.18323	1255.7212	-447.03122	1000.0	764000
192	-0.036611944	339.4929	44.354103	35.54183	104.9117	-54.869484	0.015281219	479.53775	389.12555	1255.7212	-447.03122	1000.0	768000
193	-0.03650563	341.4323	44.622253	35.649773	104.9117	-54.869484	0.015281292	482.4881	390.288	1255.7212	-447.03122	1000.0	772000
194	-0.03638852	343.0742	44.900517	35.772552	105.28234	-54.869484	0.0152812395	485.46445	391.54742	1255.7212	-447.03122	1000.0	776000
195	-0.03627714	344.55426	45.13542	35.835526	105.28234	-54.869484	0.015282988	488.0657	392.25433	1255.7212	-447.03122	1000.0	780000
196	-0.036204375	346.27808	45.3847	35.919327	105.28234	-54.869484	0.01528226	490.809	393.13727	1255.7212	-447.03122	1000.0	784000
197	-0.036184415	348.17838	45.628113	35.997448	105.28234	-54.869484	0.015282779	493.48242	393.93692	1255.7212	-447.03122	1000.0	788000
198	-0.036168396	349.7085	45.89012	36.099133	105.28234	-54.869484	0.015283968	496.231	394.84055	1255.7212	-447.03122	1000.0	792000
199	-0.036167096	351.36353	46.14022	36.18432	105.28234	-54.869484	0.015283812	498.89722	395.65817	1255.7212	-447.03122	1000.0	796000
200	-0.036186896	352.83096	46.379135	36.25513	105.28234	-54.869484	0.015283227	501.54492	396.5044	1255.7212	-447.03122	1000.0	800000
201	-0.03619342	354.47568	46.57625	36.27923	105.28234	-54.869484	0.015283003	503.7102	396.817	1255.7212	-447.03122	1000.0	804000
202	-0.036185093	356.5327	46.86082	36.414753	106.63976	-54.869484	0.015281892	506.88483	398.38757	1255.7212	-447.03122	1000.0	808000
203	-0.036057923	358.492	47.080547	36.466785	106.63976	-54.869484	0.015280687	509.1751	398.7811	1255.7212	-447.03122	1000.0	812000
204	-0.036004603	359.59033	47.12214	36.5593	106.63976	-54.869484	0.015280745	509.73398	398.91745	1255.7212	-447.03122	1000.0	816000
205	-0.035987504	361.56097	47.37756	36.654335	106.63976	-54.869484	0.015279584	512.656	400.16638	1255.7212	-447.03122	1000.0	820000
206	-0.03592502	363.5434	47.627728	36.7434	106.63976	-54.869484	0.015281096	515.41284	401.1946	1255.7212	-447.03122	1000.0	824000
207	-0.03585203	364.56635	47.754436	36.79177	106.63976	-55.09009	0.015281623	516.9253	401.18887	1255.7212	-447.03122	1000.0	828000
208	-0.035836067	365.98392	47.749653	37.01603	107.49537	-60.239643	0.0152803315	517.21533	402.7503	1309.1318	-447.03122	1000.0	832000
209	-0.035733264	368.52325	47.915073	37.141285	107.88768	-60.239643	0.015283083	519.24365	403.4974	1309.1318	-447.03122	1000.0	836000
210	-0.035711817	370.2132	48.158085	37.2251	107.89934	-60.239643	0.015282086	521.8314	404.33737	1309.1318	-447.03122	1000.0	840000
211	-0.03558615	372.07278	48.40234	37.309143	108.28704	-60.239643	0.015282158	524.5044	405.2807	1309.1318	-447.03122	1000.0	844000
212	-0.035565026	374.0622	48.624374	37.369434	108.28704	-60.239643	0.015282045	526.9236	405.9082	1309.1318	-447.03122	1000.0	848000
213	-0.035441115	376.08844	48.846947	37.42767	108.28704	-60.239643	0.0152817955	529.40265	406.61548	1309.1318	-447.03122	1000.0	852000
214	-0.035351973	377.8128	49.07033	37.508953	108.91005	-60.239643	0.015282748	531.9321	407.44568	1309.1318	-447.03122	1000.0	856000
215	-0.03533431	379.42926	49.214394	37.639725	109.31273	-60.239643	0.015283522	533.53705	408.10135	1309.1318	-447.03122	1000.0	860000
216	-0.035315815	381.49683	49.453163	37.721386	109.840805	-60.239643	0.015285271	536.1854	409.09006	1309.1318	-447.03122	1000.0	864000
217	-0.03521771	383.70645	49.69169	37.802578	110.534584	-60.239643	0.015285205	538.8302	410.0917	1309.1318	-447.03122	1000.0	868000
218	-0.035221398	385.46863	49.944237	37.904213	112.686646	-60.239643	0.015285878	541.59314	411.1996	1309.1318	-447.03122	1000.0	872000
219	-0.035133157	386.8752	50.05086	38.065617	112.686646	-60.239643	0.015287208	542.8377	412.5572	1309.1318	-447.03122	1000.0	876000
220	-0.035054237	388.13153	50.088272	38.18294	112.686646	-61.866035	0.015290115	543.41205	412.90292	1309.1318	-447.03122	1000.0	880000
221	-0.035081044	389.70248	50.336304	38.27665	112.686646	-61.866035	0.015289829	546.08386	413.8898	1309.1318	-447.03122	1000.0	884000
222	-0.03504195	391.45926	50.551884	38.329754	112.686646	-61.866035	0.015289446	548.404	414.46368	1309.1318	-447.03122	1000.0	888000
223	-0.034996863	393.0073	50.805607	38.432228	112.686646	-61.866035	0.01528971	551.19037	415.61755	1309.1318	-447.03122	1000.0	892000
224	-0.035016038	395.54733	50.95517	38.527275	112.686646	-61.866035	0.015288821	552.9552	415.90625	1309.1318	-447.03122	1000.0	896000
225	-0.034915026	397.69492	51.194317	38.61314	113.056656	-61.866035	0.0152951935	555.4809	416.7467	1309.1318	-447.03122	1000.0	900000
226	-0.034821298	399.22638	51.41634	38.675797	113.056656	-61.866035	0.015297661	557.9287	417.4512	1309.1318	-447.03122	1000.0	904000
227	-0.034847032	401.29736	51.641273	38.7433	113.6002	-61.866035	0.015297485	560.3759	418.2667	1353.2394	-447.03122	1000.0	908000
228	-0.034867875	402.68042	51.886646	38.83738	114.55162	-61.866035	0.01529699	563.02606	419.28464	1353.2394	-447.03122	1000.0	912000
229	-0.034844793	404.9431	52.15286	38.962917	118.13533	-61.866035	0.015295918	565.9846	420.77774	1358.9025	-447.03122	1000.0	916000
230	-0.034861807	406.3193	52.35591	39.004482	118.13533	-61.866035	0.015295436	568.0358	421.0098	1358.9025	-447.03122	1000.0	920000
231	-0.034774333	408.38882	52.554806	39.086067	118.13533	-61.866035	0.01530042	570.2568	421.49365	1358.9025	-447.03122	1000.0	924000
232	-0.034677945	409.2933	52.776806	39.14978	118.13533	-61.866035	0.01530221	572.6967	422.24136	1358.9025	-447.03122	1000.0	928000
233	-0.034592975	410.22922	52.915073	39.239048	118.13533	-61.866035	0.0153015265	574.2853	422.4482	1358.9025	-447.03122	1000.0	932000
234	-0.03450896	411.66705	53.13906	39.310535	118.13533	-61.866035	0.015307251	576.76697	423.30066	1358.9025	-447.03122	1000.0	936000
235	-0.034414712	413.56177	53.39686	39.427044	119.8895	-61.866035	0.01530766	579.56116	424.57468	1358.9025	-447.03122	1000.0	940000
236	-0.034379408	415.8847	53.61738	39.494213	119.8895	-61.866035	0.015306394	581.94684	425.27878	1358.9025	-447.03122	1000.0	944000
237	-0.03436918	417.1764	53.833015	39.55474	119.8895	-61.866035	0.015309063	584.2624	425.90652	1358.9025	-447.03122	1000.0	948000
238	-0.034378387	418.73398	53.973957	39.646015	119.8895	-61.866035	0.015308575	585.8424	426.1912	1358.9025	-447.03122	1000.0	952000
239	-0.034340266	419.614	54.165062	39.676563	119.8895	-61.866035	0.015307912	587.9036	426.49506	1358.9025	-447.03122	1000.0	956000
240	-0.03436377	421.27084	54.390858	39.751156	119.8895	-61.866035	0.015307081	590.3514	427.3235	1358.9025	-447.03122	1000.0	960000
241	-0.03440934	423.10074	54.61396	39.82258	119.8895	-61.866035	0.015306857	592.7634	428.089	1358.9025	-447.03122	1000.0	964000
242	-0.034372482	424.82077	54.782925	39.972633	121.17101	-61.866035	0.015306963	594.6632	428.97174	1358.9025	-447.03122	1000.0	968000
243	-0.034275215	426.21976	55.025497	40.071285	121.17101	-61.866035	0.015306601	597.2807	430.05106	1358.9025	-447.03122	1000.0	972000
244	-0.034285784	427.76425	55.241024	40.135338	121.17101	-61.866035	0.015305992	599.6772	430.7934	1358.9025	-447.03122	1000.0	976000
245	-0.034193546	429.31134	55.33669	40.243668	121.17101	-61.866035	0.015306465	600.8308	431.46356	1358.9025	-447.03122	1000.0	980000
246	-0.034103427	430.75778	55.546406	40.30046	121.17101	-61.866035	0.01530569	603.13135	432.17926	1358.9025	-447.03122	1000.0	984000
247	-0.034122217	433.0103	55.770515	40.376858	121.17101	-61.866035	0.015305611	605.58295	433.06314	1369.8683	-447.03122	1000.0	988000
248	-0.034104146	434.64114	55.987156	40.444252	122.02072	-61.866035	0.015304387	607.882	433.72476	1369.8683	-447.03122	1000.0	992000
249	-0.03412192	436.4441	56.205044	40.513866	122.02072	-61.866035	0.015304303	610.18823	434.42938	1369.8683	-447.03122	1000.0	996000
250	-0.034134723	437.67142	56.321625	40.62334	122.02072	-61.866035	0.01530319	611.5643	435.09793	1369.8683	-447.03122	1000.0	1000000
