epoch	pi-loss	v-loss	average-v-values	std-v-values	max-v-values	min-v-values	average-episode-return	std-episode-return	max-episode-return	min-episode-return	episode-length	total-env-interacts
1	-0.058064237	434.46356	-4.5857215	0.8006991	-0.104062185	-5.603694	-223.58943	40.884605	-181.27135	-271.17554	1000.0	4000
2	-0.048128992	480.75873	-7.0962996	2.5779228	-0.104062185	-9.703557	-264.86725	68.373665	-181.27135	-417.18372	1000.0	8000
3	-0.05528227	427.77637	-8.553947	3.001386	9.521226	-11.618737	-242.07722	69.43731	-132.35155	-417.18372	1000.0	12000
4	-0.054259177	382.2696	-9.745061	3.3195992	9.521226	-13.37515	-239.72467	63.22469	-132.35155	-417.18372	1000.0	16000
5	-0.043579925	348.29166	-10.649654	3.5143247	11.2132845	-14.442068	-232.76675	63.660404	-132.35155	-417.18372	1000.0	20000
6	-0.037149817	363.11435	-11.750973	4.0474286	11.2132845	-17.29561	-246.99434	75.33961	-132.35155	-426.87103	1000.0	24000
7	-0.03121904	337.0529	-12.616277	4.4093657	16.713606	-18.271288	-243.52245	74.564804	-131.90668	-426.87103	1000.0	28000
8	-0.02776523	316.95422	-12.765387	4.379929	16.713606	-18.271288	-231.57837	78.02632	-81.26586	-426.87103	1000.0	32000
9	-0.02613459	319.39807	-13.484269	4.6253943	16.713606	-19.560078	-236.62831	80.2961	-81.26586	-426.87103	1000.0	36000
10	-0.02575155	313.32056	-14.057573	4.751256	16.713606	-19.797169	-235.25806	78.92673	-81.26586	-426.87103	1000.0	40000
11	-0.028372694	307.21707	-14.695142	4.968689	16.713606	-21.291557	-239.31601	77.71604	-81.26586	-426.87103	1000.0	44000
12	-0.027138615	304.5054	-15.249755	5.149201	16.713606	-22.070385	-240.47247	76.35966	-81.26586	-426.87103	1000.0	48000
13	-0.027811876	311.34735	-15.807277	5.3765364	16.713606	-23.51977	-245.02142	78.03583	-81.26586	-426.87103	1000.0	52000
14	-0.029426932	300.54526	-16.146626	5.4111156	16.713606	-23.51977	-243.94339	75.739876	-81.26586	-426.87103	1000.0	56000
15	-0.031084688	301.58658	-16.111025	5.624439	22.138046	-23.842274	-241.13223	80.5193	-81.26586	-426.87103	1000.0	60000
16	-0.031199243	295.07697	-16.578796	5.766163	22.138046	-24.938448	-243.76793	80.30432	-81.26586	-426.87103	1000.0	64000
17	-0.03199452	286.22128	-16.819687	5.7292686	22.138046	-24.938448	-243.07663	78.55351	-81.26586	-426.87103	1000.0	68000
18	-0.03158481	282.8555	-17.109097	5.741701	22.138046	-25.31189	-243.54802	77.01876	-81.26586	-426.87103	1000.0	72000
19	-0.031043446	279.01346	-17.200495	5.6832557	22.138046	-25.31189	-241.92953	75.62844	-81.26586	-426.87103	1000.0	76000
20	-0.030136526	270.34906	-17.41673	5.7346025	22.138046	-25.826574	-241.58878	75.54762	-81.26586	-426.87103	1000.0	80000
21	-0.02776155	264.27042	-17.34136	5.6765895	22.138046	-25.826574	-238.88405	76.131714	-81.26586	-426.87103	1000.0	84000
22	-0.027046723	255.62173	-17.34699	5.628221	22.138046	-25.826574	-236.77823	76.07864	-81.26586	-426.87103	1000.0	88000
23	-0.027376506	253.3044	-17.472513	5.5918064	22.138046	-25.826574	-236.11943	75.62616	-81.26586	-426.87103	1000.0	92000
24	-0.026878988	251.26094	-17.496647	5.563837	22.138046	-25.98211	-235.01729	75.262	-81.26586	-426.87103	1000.0	96000
25	-0.026187105	249.20189	-17.492283	5.523572	22.138046	-26.123257	-233.45126	75.52605	-81.26586	-426.87103	1000.0	100000
26	-0.02699128	247.7411	-17.288797	5.6349344	22.138046	-26.180431	-229.64369	77.3576	-54.554348	-426.87103	1000.0	104000
27	-0.027295493	248.8026	-17.36265	5.7040195	22.138046	-27.190086	-229.9495	79.008865	-54.554348	-426.87103	1000.0	108000
28	-0.0284806	244.0194	-17.45757	5.6757455	22.138046	-27.190086	-229.50955	77.85112	-54.554348	-426.87103	1000.0	112000
29	-0.03088596	241.6953	-17.69158	5.775498	22.138046	-28.404985	-231.0108	77.7056	-54.554348	-426.87103	1000.0	116000
30	-0.03000061	236.83032	-17.55215	5.7632017	22.138046	-28.404985	-228.24808	78.51732	-54.554348	-426.87103	1000.0	120000
31	-0.0298793	232.89787	-17.561506	5.7187557	22.138046	-28.404985	-226.98065	78.03336	-54.554348	-426.87103	1000.0	124000
32	-0.030439	230.1781	-17.564812	5.6654735	22.138046	-28.404985	-226.07086	77.32144	-54.554348	-426.87103	1000.0	128000
33	-0.029170033	227.42311	-17.594643	5.651166	22.138046	-28.404985	-225.36841	77.40145	-54.554348	-426.87103	1000.0	132000
34	-0.029699879	225.48294	-17.615894	5.609155	22.138046	-28.404985	-224.557	76.45876	-54.554348	-426.87103	1000.0	136000
35	-0.031399243	226.25131	-17.789413	5.6635747	22.138046	-28.960932	-225.45102	75.60594	-54.554348	-426.87103	1000.0	140000
36	-0.031331953	225.04362	-17.879473	5.6683483	22.138046	-28.960932	-225.19914	75.184814	-54.554348	-426.87103	1000.0	144000
37	-0.030017518	222.89833	-17.743277	5.717764	22.138046	-28.960932	-223.17834	75.78139	-54.554348	-426.87103	1000.0	148000
38	-0.030280856	222.02179	-17.845068	5.7464614	22.138046	-29.160639	-223.8459	75.859886	-54.554348	-426.87103	1000.0	152000
39	-0.031154247	219.71469	-17.777666	5.74423	22.138046	-29.160639	-222.26262	76.766266	-54.554348	-426.87103	1000.0	156000
40	-0.031131247	217.56328	-17.688412	5.74284	22.138046	-29.160639	-220.97574	76.45593	-54.554348	-426.87103	1000.0	160000
41	-0.03062494	218.27475	-17.730354	5.7517543	22.138046	-29.200293	-220.84375	76.63609	-54.554348	-426.87103	1000.0	164000
42	-0.031181142	217.66962	-17.635414	5.7841005	22.138046	-29.200293	-219.48914	76.770836	-54.554348	-426.87103	1000.0	168000
43	-0.031054785	217.73378	-17.64626	5.78533	22.138046	-29.298569	-219.07193	76.56711	-54.554348	-426.87103	1000.0	172000
44	-0.031004198	216.5046	-17.668287	5.7934227	22.138046	-29.377811	-218.62506	76.9775	-54.554348	-426.87103	1000.0	176000
45	-0.031817984	214.61328	-17.653603	5.757312	22.138046	-29.377811	-217.90218	76.34455	-54.554348	-426.87103	1000.0	180000
46	-0.032091852	212.56168	-17.617908	5.7392607	22.138046	-29.377811	-216.96832	76.02054	-54.554348	-426.87103	1000.0	184000
47	-0.031524055	210.78699	-17.67946	5.7894564	22.138046	-29.622824	-217.22238	75.95065	-54.554348	-426.87103	1000.0	188000
48	-0.03095032	209.2447	-17.724436	5.780656	22.138046	-29.622824	-216.9683	75.39683	-54.554348	-426.87103	1000.0	192000
49	-0.031501442	206.95006	-17.549648	5.8674483	22.138046	-29.622824	-214.55585	76.66303	-43.755127	-426.87103	1000.0	196000
50	-0.030985268	205.88567	-17.522142	5.843382	22.138046	-29.622824	-213.78468	76.40821	-43.755127	-426.87103	1000.0	200000
