epoch	pi-loss	q-loss	average-q-values	std-q-values	max-q-values	min-q-values	average-episode-return	std-episode-return	max-episode-return	min-episode-return	episode-length	average-test-episode-return	std-test-episode-return	max-test-episode-return	min-test-episode-return	test-episode-length	total-env-interacts
1	-4.3261957	0.34721246	3.2956147	3.5915253	24.00936	-3.868117	-248.39447	16.095552	-233.08786	-275.37897	1000.0	-254.04912	96.422424	-112.582085	-406.33005	1000.0	4000
2	-20.403557	1.5316342	18.511795	17.53276	86.262886	-3.868117	-353.04166	143.88338	-233.08786	-657.9653	1000.0	-337.15005	113.4733	-112.582085	-550.7492	1000.0	8000
3	-32.58457	2.5895572	30.822067	24.661753	129.40947	-3.868117	-383.8324	143.28923	-233.08786	-657.9653	1000.0	-280.73166	165.55545	191.764	-550.7492	1000.0	12000
4	-40.628277	2.6640184	39.013084	29.003057	129.40947	-3.868117	-298.58426	226.73232	221.83093	-657.9653	1000.0	-180.0109	233.51537	261.36362	-550.7492	1000.0	16000
5	-47.221504	2.715103	45.714275	31.953438	129.46901	-3.868117	-212.08647	307.20682	365.65402	-657.9653	1000.0	-59.122337	342.2333	819.1438	-550.7492	1000.0	20000
6	-53.01219	2.7819054	51.573055	34.27315	129.46901	-3.868117	-149.04575	326.38583	485.49152	-657.9653	1000.0	15.5234995	404.14368	903.93225	-550.7492	1000.0	24000
7	-57.809643	2.8905447	56.421726	36.135666	141.30888	-3.868117	-116.585396	349.15488	705.07465	-657.9653	1000.0	90.27102	462.2801	1176.5125	-550.7492	1000.0	28000
8	-61.78136	3.0271745	60.425194	38.053894	159.45462	-3.868117	-25.094719	464.05957	1240.2275	-657.9653	1000.0	193.85942	538.14734	1627.9072	-550.7492	1000.0	32000
9	-65.64253	3.1925724	64.300575	40.60978	175.37584	-3.868117	104.21889	592.71606	1749.5918	-657.9653	1000.0	337.48688	677.84515	2027.3102	-550.7492	1000.0	36000
10	-70.035545	3.4149928	68.692444	44.199566	206.81773	-3.868117	308.51367	832.50616	2314.0715	-657.9653	1000.0	508.23743	824.7202	2399.5068	-550.7492	1000.0	40000
11	-75.37466	3.7352643	74.016914	49.135452	234.36723	-3.868117	476.06644	955.82635	2314.0715	-657.9653	1000.0	638.6142	935.37317	3027.9802	-550.7492	1000.0	44000
12	-81.471634	4.098989	80.09657	54.92373	265.2774	-3.868117	593.3093	1008.25024	2580.7642	-657.9653	1000.0	754.0943	1003.55133	3027.9802	-550.7492	1000.0	48000
13	-87.70617	4.5179963	86.31602	61.0099	286.5173	-3.868117	668.71814	1034.5503	2923.8867	-657.9653	1000.0	886.17285	1095.8455	3053.9634	-550.7492	1000.0	52000
14	-94.265015	4.9314713	92.85849	67.489975	310.0639	-3.868117	826.89075	1148.8809	2989.0222	-657.9653	1000.0	1006.74445	1160.2563	3311.9863	-550.7492	1000.0	56000
15	-101.13029	5.346007	99.70683	74.08157	329.85413	-3.868117	911.9014	1189.5975	2989.0222	-657.9653	1000.0	1103.4458	1212.1823	3321.7356	-550.7492	1000.0	60000
16	-107.955086	5.81079	106.51712	80.451904	346.2787	-3.868117	997.26843	1228.7574	3341.9531	-657.9653	1000.0	1212.775	1257.8173	3372.1194	-550.7492	1000.0	64000
17	-114.967	6.279021	113.51152	86.74381	363.25247	-3.868117	1120.9756	1293.2423	3500.9417	-657.9653	1000.0	1343.5824	1328.0986	3585.7253	-550.7492	1000.0	68000
18	-122.23063	6.734056	120.7516	92.8935	387.3168	-3.868117	1251.4176	1367.2286	3554.6362	-657.9653	1000.0	1443.522	1360.2917	3922.4749	-550.7492	1000.0	72000
19	-129.81158	7.1786485	128.30342	98.81251	401.45776	-3.868117	1364.6129	1415.1239	3554.6362	-657.9653	1000.0	1550.9734	1400.9529	3922.4749	-550.7492	1000.0	76000
20	-137.73021	7.640342	136.18478	104.446594	418.54242	-3.868117	1474.57	1461.197	3768.9282	-657.9653	1000.0	1682.7817	1482.0099	4448.7876	-550.7492	1000.0	80000
21	-145.95033	8.014933	144.36792	109.85742	434.99887	-3.868117	1581.3143	1504.6895	3894.9187	-657.9653	1000.0	1800.305	1538.9731	4448.7876	-550.7492	1000.0	84000
22	-154.32083	8.30566	152.70845	115.100044	445.54364	-3.868117	1692.3441	1555.9979	4166.5347	-657.9653	1000.0	1907.4523	1582.4419	4448.7876	-550.7492	1000.0	88000
23	-162.72574	8.549146	161.08609	120.152214	461.3711	-3.868117	1784.5656	1582.8077	4166.5347	-657.9653	1000.0	1992.105	1602.0325	4542.5947	-550.7492	1000.0	92000
24	-171.06828	8.755142	169.4074	124.95389	476.4393	-3.868117	1874.6416	1608.9639	4200.961	-657.9653	1000.0	2087.8572	1634.4781	4545.73	-550.7492	1000.0	96000
25	-179.21765	8.933917	177.5418	129.45958	485.94727	-3.868117	1964.1786	1636.4484	4265.8384	-657.9653	1000.0	2192.0173	1681.004	4896.6973	-550.7492	1000.0	100000
26	-187.14427	9.113553	185.45396	133.696	497.57135	-3.868117	2033.6785	1644.985	4289.073	-657.9653	1000.0	2281.6653	1708.4963	4896.6973	-550.7492	1000.0	104000
27	-194.86012	9.278014	193.15767	137.68976	511.52692	-3.868117	2123.5596	1678.2153	4595.972	-657.9653	1000.0	2366.9065	1732.5317	4896.6973	-550.7492	1000.0	108000
28	-202.36203	9.458331	200.64789	141.48465	522.4115	-3.868117	2199.0234	1695.5254	4595.972	-657.9653	1000.0	2440.6172	1744.2659	4896.6973	-550.7492	1000.0	112000
29	-209.7086	9.634559	207.98216	145.11406	537.4438	-3.868117	2280.1228	1720.4559	4623.4883	-657.9653	1000.0	2514.3562	1758.5625	5065.548	-550.7492	1000.0	116000
30	-216.92831	9.796942	215.1881	148.59966	550.4634	-3.868117	2355.1985	1739.4723	4794.07	-657.9653	1000.0	2601.1252	1791.11	5274.64	-550.7492	1000.0	120000
31	-224.01448	9.956573	222.26213	151.93552	556.06744	-3.868117	2431.7854	1762.02	4871.5776	-657.9653	1000.0	2682.0225	1816.9541	5274.64	-550.7492	1000.0	124000
32	-230.94373	10.105333	229.1799	155.13847	563.4434	-3.868117	2502.56	1778.6217	4871.5776	-657.9653	1000.0	2761.9648	1843.192	5448.777	-550.7492	1000.0	128000
33	-237.74998	10.248123	235.97672	158.20792	575.0188	-3.868117	2576.046	1800.3035	5083.5337	-657.9653	1000.0	2836.9424	1864.2709	5494.39	-550.7492	1000.0	132000
34	-244.39552	10.382419	242.61238	161.13562	585.80457	-3.868117	2644.9407	1817.4929	5083.5337	-657.9653	1000.0	2910.8022	1885.144	5516.421	-550.7492	1000.0	136000
35	-250.91699	10.512104	249.12373	163.9382	597.73016	-3.868117	2705.67	1826.6118	5083.5337	-657.9653	1000.0	2968.2163	1888.5349	5516.421	-550.7492	1000.0	140000
36	-257.28217	10.628619	255.48134	166.5971	598.65314	-3.868117	2770.9297	1842.129	5265.924	-657.9653	1000.0	3010.433	1893.7568	5516.421	-550.7492	1000.0	144000
37	-263.53348	10.745123	261.72397	169.15051	606.9091	-3.868117	2830.1348	1851.8395	5270.9556	-657.9653	1000.0	3070.3823	1902.41	5516.421	-550.7492	1000.0	148000
38	-269.62653	10.857491	267.80997	171.56566	618.4336	-3.868117	2885.7075	1858.7443	5270.9556	-657.9653	1000.0	3129.7292	1911.7533	5639.488	-550.7492	1000.0	152000
39	-275.6032	10.959393	273.77844	173.8525	623.2997	-3.868117	2943.4114	1868.9923	5270.9556	-657.9653	1000.0	3191.6125	1925.37	5781.475	-550.7492	1000.0	156000
40	-281.44232	11.046029	279.61136	176.00954	626.9862	-3.868117	3000.391	1879.502	5309.2554	-657.9653	1000.0	3252.6882	1939.1469	5825.451	-550.7492	1000.0	160000
41	-287.1265	11.139767	285.29138	178.03355	632.69006	-3.868117	3051.0283	1884.2831	5327.5957	-657.9653	1000.0	3313.4597	1953.7947	6093.372	-550.7492	1000.0	164000
42	-292.6405	11.238419	290.80136	179.9399	642.78485	-3.868117	3105.899	1894.7957	5576.8604	-657.9653	1000.0	3364.7974	1958.5836	6093.372	-550.7492	1000.0	168000
43	-298.04938	11.334211	296.20428	181.7543	646.3013	-3.868117	3160.0217	1905.4136	5730.619	-657.9653	1000.0	3420.5532	1969.1754	6093.372	-550.7492	1000.0	172000
44	-303.35962	11.428393	301.50943	183.50165	652.94086	-3.868117	3214.363	1917.0876	5730.619	-657.9653	1000.0	3476.633	1981.2361	6136.409	-550.7492	1000.0	176000
45	-308.54498	11.50767	306.69238	185.17282	657.6935	-3.868117	3267.232	1927.9253	5780.198	-657.9653	1000.0	3527.8062	1988.4205	6136.409	-550.7492	1000.0	180000
46	-313.61996	11.594211	311.76224	186.78531	669.85767	-3.868117	3321.4282	1941.2258	5832.184	-657.9653	1000.0	3582.581	2000.7977	6191.993	-550.7492	1000.0	184000
47	-318.62708	11.679535	316.76462	188.36127	678.66254	-3.868117	3370.988	1949.6976	5832.184	-657.9653	1000.0	3631.7778	2007.4536	6191.993	-550.7492	1000.0	188000
48	-323.5576	11.760724	321.6906	189.89345	683.7321	-3.868117	3420.1985	1958.7747	5878.432	-657.9653	1000.0	3685.2947	2020.1991	6588.986	-550.7492	1000.0	192000
49	-328.38412	11.849245	326.5137	191.3801	691.3753	-3.868117	3467.297	1965.9694	5878.432	-657.9653	1000.0	3736.7363	2031.1278	6588.986	-550.7492	1000.0	196000
50	-333.14957	11.936695	331.2747	192.83331	692.76715	-3.868117	3513.2932	1972.8286	5935.333	-657.9653	1000.0	3786.2014	2040.495	6588.986	-550.7492	1000.0	200000
51	-337.84314	12.024071	335.96252	194.2332	702.0461	-3.868117	3561.155	1982.5271	6079.2207	-657.9653	1000.0	3831.2563	2045.4762	6588.986	-550.7492	1000.0	204000
52	-342.47287	12.102179	340.58875	195.59239	705.1907	-3.868117	3605.5469	1988.8143	6079.2207	-657.9653	1000.0	3876.6023	2051.5183	6588.986	-550.7492	1000.0	208000
53	-347.0212	12.179371	345.1324	196.90958	708.89355	-3.868117	3648.21	1993.8676	6079.2207	-657.9653	1000.0	3921.812	2058.13	6588.986	-550.7492	1000.0	212000
54	-351.49908	12.258781	349.6074	198.19499	714.6569	-3.868117	3690.422	1999.2577	6133.165	-657.9653	1000.0	3967.015	2065.4578	6588.986	-550.7492	1000.0	216000
55	-355.91354	12.338502	354.01675	199.44682	718.79193	-3.868117	3733.2107	2005.8378	6169.074	-657.9653	1000.0	4013.73	2075.2004	6645.8477	-550.7492	1000.0	220000
56	-360.25964	12.406694	358.35968	200.66457	718.97546	-3.868117	3775.4666	2012.4153	6192.9185	-657.9653	1000.0	4049.8071	2073.9817	6645.8477	-550.7492	1000.0	224000
57	-364.5271	12.479041	362.623	201.84387	726.8443	-3.868117	3817.2852	2019.2288	6355.8896	-657.9653	1000.0	4091.7124	2079.5364	6645.8477	-550.7492	1000.0	228000
58	-368.7501	12.551342	366.84146	203.002	732.4009	-3.868117	3857.2505	2024.6039	6391.819	-657.9653	1000.0	4136.7373	2089.4119	6892.856	-550.7492	1000.0	232000
59	-372.9201	12.625682	371.0076	204.12791	743.1506	-3.868117	3892.732	2026.4097	6391.819	-657.9653	1000.0	4172.9976	2089.9976	6892.856	-550.7492	1000.0	236000
60	-377.02014	12.688369	375.10556	205.21593	746.8305	-3.868117	3930.4597	2030.2882	6391.819	-657.9653	1000.0	4211.2856	2093.397	6892.856	-550.7492	1000.0	240000
61	-381.03427	12.746449	379.11768	206.26776	749.7557	-3.868117	3969.306	2035.9388	6391.819	-657.9653	1000.0	4250.094	2097.8408	6892.856	-550.7492	1000.0	244000
62	-384.98172	12.811478	383.06223	207.29045	755.012	-3.868117	4008.2986	2042.2913	6428.7764	-657.9653	1000.0	4287.628	2103.6067	7129.6333	-550.7492	1000.0	248000
63	-388.87045	12.875756	386.9481	208.28783	758.90063	-3.868117	4047.9487	2049.9497	6611.697	-657.9653	1000.0	4327.5977	2110.5667	7159.581	-550.7492	1000.0	252000
64	-392.70718	12.937779	390.78204	209.26013	762.6605	-3.868117	4085.6829	2055.8333	6611.697	-657.9653	1000.0	4361.632	2111.3955	7159.581	-550.7492	1000.0	256000
65	-396.4901	13.000732	394.56207	210.19727	768.23834	-3.868117	4122.6543	2061.4492	6707.6553	-657.9653	1000.0	4391.3906	2108.6108	7159.581	-550.7492	1000.0	260000
66	-400.22488	13.062172	398.29395	211.1179	771.43555	-3.868117	4157.2783	2064.7808	6707.6553	-657.9653	1000.0	4431.5796	2117.518	7159.581	-550.7492	1000.0	264000
67	-403.9185	13.11652	401.98477	212.01859	777.1513	-3.868117	4191.636	2068.2522	6707.6553	-657.9653	1000.0	4471.0454	2126.056	7307.2227	-550.7492	1000.0	268000
68	-407.55484	13.173013	405.61908	212.90343	777.1513	-3.868117	4224.6655	2070.8628	6744.0127	-657.9653	1000.0	4511.2603	2135.912	7323.4473	-550.7492	1000.0	272000
69	-411.14105	13.239987	409.20178	213.76648	781.59314	-3.868117	4256.378	2072.3882	6744.0127	-657.9653	1000.0	4546.4375	2140.2253	7323.4473	-550.7492	1000.0	276000
70	-414.69702	13.299786	412.75458	214.60663	790.4709	-3.868117	4289.528	2075.9912	6827.819	-657.9653	1000.0	4585.598	2149.688	7531.5337	-550.7492	1000.0	280000
71	-418.1981	13.360497	416.2528	215.42622	794.81354	-3.868117	4318.1587	2075.2324	6827.819	-657.9653	1000.0	4615.8716	2149.6956	7531.5337	-550.7492	1000.0	284000
72	-421.65182	13.420603	419.7051	216.21655	795.08765	-3.868117	4349.1606	2077.317	6827.819	-657.9653	1000.0	4649.7876	2153.8145	7531.5337	-550.7492	1000.0	288000
73	-425.03052	13.474882	423.08313	216.96779	797.3611	-3.868117	4379.73	2079.3293	6827.819	-657.9653	1000.0	4684.498	2159.3914	7531.5337	-550.7492	1000.0	292000
74	-428.35626	13.537968	426.40643	217.69263	800.5245	-3.868117	4411.6187	2083.192	6870.835	-657.9653	1000.0	4713.1714	2158.7273	7531.5337	-550.7492	1000.0	296000
75	-431.64746	13.593656	429.69577	218.39589	802.1291	-3.868117	4441.6084	2085.2869	6870.835	-657.9653	1000.0	4743.051	2159.7385	7531.5337	-550.7492	1000.0	300000
76	-434.88773	13.656525	432.9338	219.07541	806.27637	-3.868117	4469.4346	2085.5789	6870.835	-657.9653	1000.0	4770.6597	2159.0474	7531.5337	-550.7492	1000.0	304000
77	-438.0924	13.70922	436.13635	219.73312	806.27637	-3.868117	4497.253	2086.143	6870.835	-657.9653	1000.0	4801.5938	2161.9744	7531.5337	-550.7492	1000.0	308000
78	-441.25104	13.761765	439.2936	220.36931	807.93134	-3.868117	4522.5703	2084.706	6870.835	-657.9653	1000.0	4827.6777	2160.2612	7531.5337	-550.7492	1000.0	312000
79	-444.357	13.809867	442.398	220.96992	809.85736	-3.868117	4548.607	2084.2366	6870.835	-657.9653	1000.0	4858.352	2163.6108	7531.5337	-550.7492	1000.0	316000
80	-447.4089	13.859626	445.44882	221.54399	811.457	-3.868117	4577.307	2086.8364	6916.8516	-657.9653	1000.0	4886.3184	2164.4092	7531.5337	-550.7492	1000.0	320000
81	-450.41687	13.90259	448.4558	222.09012	813.58136	-3.868117	4603.102	2086.7292	6916.8516	-657.9653	1000.0	4913.7656	2165.1284	7531.5337	-550.7492	1000.0	324000
82	-453.37723	13.948144	451.4155	222.61319	815.8775	-3.868117	4630.07	2088.1538	6924.028	-657.9653	1000.0	4944.135	2169.213	7641.575	-550.7492	1000.0	328000
83	-456.2908	13.989816	454.3282	223.1187	816.5773	-3.868117	4657.552	2090.408	6980.9746	-657.9653	1000.0	4971.4956	2170.347	7641.575	-550.7492	1000.0	332000
84	-459.16806	14.03498	457.2045	223.60461	817.5624	-3.868117	4682.143	2090.024	6980.9746	-657.9653	1000.0	4999.8677	2172.8901	7641.575	-550.7492	1000.0	336000
85	-462.01053	14.076564	460.0458	224.0694	821.97437	-3.868117	4705.815	2089.065	6980.9746	-657.9653	1000.0	5029.127	2176.705	7828.3877	-550.7492	1000.0	340000
86	-464.80997	14.112561	462.84473	224.51302	824.87476	-3.868117	4730.738	2089.6155	7040.6714	-657.9653	1000.0	5056.347	2178.565	7828.3877	-550.7492	1000.0	344000
87	-467.56076	14.150823	465.5959	224.94354	829.8804	-3.868117	4753.7383	2088.5776	7040.6714	-657.9653	1000.0	5084.572	2181.7947	7828.3877	-550.7492	1000.0	348000
88	-470.26395	14.195465	468.29822	225.34995	829.8804	-3.868117	4776.106	2087.2156	7040.6714	-657.9653	1000.0	5111.005	2183.3967	7828.3877	-550.7492	1000.0	352000
89	-472.9374	14.233808	470.9706	225.73315	829.8804	-3.868117	4800.3267	2087.866	7040.6714	-657.9653	1000.0	5137.695	2185.559	7828.3877	-550.7492	1000.0	356000
90	-475.58136	14.264348	473.61404	226.10072	829.8804	-3.868117	4823.851	2088.084	7076.61	-657.9653	1000.0	5164.3877	2187.9788	7841.8877	-550.7492	1000.0	360000
91	-478.18582	14.304686	476.2188	226.45004	833.3989	-3.868117	4845.589	2086.8408	7076.61	-657.9653	1000.0	5189.3677	2188.8452	7841.8877	-550.7492	1000.0	364000
92	-480.74588	14.340522	478.77792	226.78148	835.84894	-3.868117	4867.769	2086.3032	7104.416	-657.9653	1000.0	5212.742	2188.8882	7841.8877	-550.7492	1000.0	368000
93	-483.272	14.377014	481.3041	227.09775	835.84894	-3.868117	4889.08	2085.2224	7108.5283	-657.9653	1000.0	5236.5415	2189.065	7841.8877	-550.7492	1000.0	372000
94	-485.76462	14.4139185	483.79657	227.4058	837.80176	-3.868117	4911.4565	2085.3425	7217.2036	-657.9653	1000.0	5260.2485	2189.4343	7841.8877	-550.7492	1000.0	376000
95	-488.22675	14.449413	486.25858	227.69984	837.80176	-3.868117	4934.2334	2086.0686	7217.2036	-657.9653	1000.0	5284.568	2190.6274	7841.8877	-550.7492	1000.0	380000
96	-490.6521	14.486378	488.68396	227.98325	841.85535	-3.868117	4956.3237	2086.3867	7218.351	-657.9653	1000.0	5307.7236	2190.8906	7841.8877	-550.7492	1000.0	384000
97	-493.0435	14.511848	491.07526	228.25272	841.85535	-3.868117	4977.515	2086.021	7253.033	-657.9653	1000.0	5331.5874	2192.0813	7841.8877	-550.7492	1000.0	388000
98	-495.4027	14.542586	493.4348	228.50172	841.85535	-3.868117	4998.8086	2085.9666	7253.033	-657.9653	1000.0	5356.403	2194.5762	7952.426	-550.7492	1000.0	392000
99	-497.733	14.571896	495.76535	228.7375	852.64325	-3.868117	5020.386	2086.3794	7253.033	-657.9653	1000.0	5379.606	2195.5503	7952.426	-550.7492	1000.0	396000
100	-500.02917	14.600771	498.06158	228.96121	853.22406	-3.868117	5040.086	2085.2283	7253.033	-657.9653	1000.0	5402.9185	2196.8745	7952.426	-550.7492	1000.0	400000
101	-502.3005	14.63117	500.33365	229.1753	857.1632	-3.868117	5059.6626	2084.566	7440.279	-657.9653	1000.0	5424.9497	2197.0754	7952.426	-550.7492	1000.0	404000
102	-504.53085	14.664815	502.56485	229.38528	857.1632	-3.868117	5080.4805	2084.903	7448.0054	-657.9653	1000.0	5448.3525	2198.9421	8015.808	-550.7492	1000.0	408000
103	-506.7297	14.707197	504.764	229.59364	859.7747	-3.868117	5101.2217	2085.3596	7448.0054	-657.9653	1000.0	5471.625	2200.8518	8015.808	-550.7492	1000.0	412000
104	-508.91263	14.742177	506.94693	229.79257	859.9707	-3.868117	5120.9873	2085.0488	7448.0054	-657.9653	1000.0	5492.7104	2200.6902	8015.808	-550.7492	1000.0	416000
105	-511.06924	14.777847	509.10358	229.98279	862.3682	-3.868117	5139.3833	2083.5596	7448.0054	-657.9653	1000.0	5513.477	2200.47	8015.808	-550.7492	1000.0	420000
106	-513.2154	14.813661	511.24954	230.16765	862.3682	-3.868117	5157.591	2082.1165	7448.0054	-657.9653	1000.0	5528.756	2202.3674	8015.808	-550.7492	1000.0	424000
107	-515.3381	14.846459	513.3723	230.34702	863.524	-3.868117	5177.7803	2082.768	7448.0054	-657.9653	1000.0	5550.09	2203.0618	8034.7593	-550.7492	1000.0	428000
108	-517.4403	14.876601	515.47473	230.51834	863.6216	-3.868117	5197.775	2083.4666	7494.9062	-657.9653	1000.0	5572.04	2204.5793	8116.863	-550.7492	1000.0	432000
109	-519.5205	14.906028	517.5553	230.68015	866.2954	-3.868117	5217.4053	2083.9119	7494.9062	-657.9653	1000.0	5592.4297	2204.6782	8116.863	-550.7492	1000.0	436000
110	-521.57874	14.932992	519.61365	230.83716	867.59406	-3.868117	5236.7773	2084.2666	7494.9062	-657.9653	1000.0	5611.54	2203.7488	8116.863	-550.7492	1000.0	440000
111	-523.6163	14.958586	521.6515	230.98792	869.56793	-3.868117	5255.207	2083.858	7494.9062	-657.9653	1000.0	5632.1294	2204.4324	8116.863	-550.7492	1000.0	444000
112	-525.6322	14.984171	523.66736	231.133	874.4157	-3.868117	5274.44	2084.426	7547.476	-657.9653	1000.0	5654.0547	2206.9644	8426.33	-550.7492	1000.0	448000
113	-527.6316	15.007511	525.66675	231.2765	874.4157	-3.868117	5292.2246	2083.729	7547.476	-657.9653	1000.0	5674.7617	2208.143	8447.271	-550.7492	1000.0	452000
114	-529.614	15.030539	527.64966	231.41852	876.4001	-3.868117	5311.1035	2084.303	7680.1914	-657.9653	1000.0	5695.528	2209.5361	8447.271	-550.7492	1000.0	456000
115	-531.5754	15.060225	529.6111	231.55777	876.53705	-3.868117	5328.4224	2083.5107	7680.1914	-657.9653	1000.0	5715.384	2210.134	8447.271	-550.7492	1000.0	460000
116	-533.51874	15.085689	531.5549	231.69987	880.6436	-3.868117	5343.0625	2081.7449	7680.1914	-657.9653	1000.0	5733.3066	2209.0115	8447.271	-550.7492	1000.0	464000
117	-535.43964	15.114001	533.4763	231.8402	880.6436	-3.868117	5361.3887	2082.273	7680.1914	-657.9653	1000.0	5752.598	2209.3853	8447.271	-550.7492	1000.0	468000
118	-537.34015	15.145116	535.37646	231.98032	885.3258	-3.868117	5379.3804	2082.5535	7680.1914	-657.9653	1000.0	5772.175	2210.2021	8447.271	-550.7492	1000.0	472000
119	-539.2331	15.172893	537.26953	232.11806	885.43695	-3.868117	5397.5254	2083.1545	7680.1914	-657.9653	1000.0	5789.5947	2209.133	8447.271	-550.7492	1000.0	476000
120	-541.1119	15.202769	539.1485	232.25323	888.7762	-3.868117	5415.021	2083.2703	7681.7876	-657.9653	1000.0	5807.4316	2208.511	8447.271	-550.7492	1000.0	480000
121	-542.9768	15.232175	541.0135	232.38206	889.8896	-3.868117	5433.198	2084.243	7917.4775	-657.9653	1000.0	5828.6685	2211.6765	8584.275	-550.7492	1000.0	484000
122	-544.8266	15.26327	542.8632	232.50995	895.09686	-3.868117	5449.42	2083.3406	7917.4775	-657.9653	1000.0	5848.181	2213.0635	8584.275	-550.7492	1000.0	488000
123	-546.6573	15.292236	544.6943	232.63744	895.09686	-3.868117	5466.2256	2083.1636	7917.4775	-657.9653	1000.0	5868.1675	2215.1042	8584.275	-550.7492	1000.0	492000
124	-548.4729	15.323256	546.5101	232.76123	896.0294	-7.752815	5483.4395	2083.5962	7917.4775	-657.9653	1000.0	5885.848	2214.885	8584.275	-550.7492	1000.0	496000
125	-550.27405	15.356275	548.3114	232.87749	897.2576	-7.752815	5499.227	2082.6824	7917.4775	-657.9653	1000.0	5899.9487	2217.2698	8584.275	-550.7492	1000.0	500000
126	-552.06067	15.385162	550.0979	232.98656	906.0906	-7.752815	5515.247	2082.1738	7917.4775	-657.9653	1000.0	5918.3228	2218.0276	8584.275	-550.7492	1000.0	504000
127	-553.83875	15.414617	551.87585	233.09511	915.2652	-7.752815	5531.2485	2081.7576	7917.4775	-657.9653	1000.0	5933.3296	2215.76	8584.275	-550.7492	1000.0	508000
128	-555.602	15.440339	553.6393	233.2022	915.2652	-7.752815	5548.5977	2082.9473	7965.2905	-657.9653	1000.0	5952.6284	2217.8052	8604.167	-550.7492	1000.0	512000
129	-557.34894	15.470332	555.38654	233.31007	918.41284	-7.752815	5565.5347	2083.7454	7970.3813	-657.9653	1000.0	5967.9126	2215.9753	8604.167	-550.7492	1000.0	516000
130	-559.0872	15.4979725	557.125	233.41772	918.41284	-16.385794	5580.8525	2083.0798	7970.3813	-657.9653	1000.0	5983.727	2214.7856	8604.167	-550.7492	1000.0	520000
131	-560.8056	15.525972	558.8441	233.52371	918.41284	-16.385794	5596.6963	2083.0347	7970.3813	-657.9653	1000.0	6000.708	2214.8347	8604.167	-550.7492	1000.0	524000
132	-562.4993	15.552777	560.5382	233.6265	919.60004	-16.385794	5611.1646	2081.751	7970.3813	-657.9653	1000.0	6018.0977	2215.4304	8604.167	-550.7492	1000.0	528000
133	-564.1869	15.581559	562.2255	233.73041	923.4322	-16.385794	5626.206	2081.1528	7970.3813	-657.9653	1000.0	6037.284	2218.1255	8792.335	-550.7492	1000.0	532000
134	-565.86896	15.61049	563.90753	233.83034	923.635	-16.385794	5641.7744	2081.141	7970.3813	-657.9653	1000.0	6050.3804	2215.2268	8792.335	-550.7492	1000.0	536000
135	-567.5356	15.635303	565.5742	233.93198	923.635	-16.385794	5657.3037	2081.2249	7970.3813	-657.9653	1000.0	6066.1475	2214.562	8792.335	-550.7492	1000.0	540000
136	-569.19574	15.65815	567.2343	234.02971	924.78406	-16.385794	5672.7144	2081.3538	7970.3813	-657.9653	1000.0	6083.2095	2215.34	8792.335	-550.7492	1000.0	544000
137	-570.8461	15.682713	568.88446	234.1282	928.2451	-16.385794	5687.2812	2080.7185	7970.3813	-657.9653	1000.0	6099.193	2215.1086	8792.335	-550.7492	1000.0	548000
138	-572.49036	15.70772	570.5287	234.22673	929.2733	-16.385794	5702.078	2080.4268	7970.3813	-657.9653	1000.0	6114.9175	2214.8647	8792.335	-550.7492	1000.0	552000
139	-574.1187	15.735945	572.1569	234.32738	932.4037	-16.385794	5716.686	2080.0764	7970.3813	-657.9653	1000.0	6131.8545	2216.036	8792.335	-550.7492	1000.0	556000
140	-575.74207	15.762535	573.7803	234.42886	932.4037	-16.385794	5731.5195	2080.0525	8030.982	-657.9653	1000.0	6145.635	2214.1436	8792.335	-550.7492	1000.0	560000
141	-577.34863	15.793095	575.3873	234.52501	937.9309	-16.385794	5746.264	2080.0212	8030.982	-657.9653	1000.0	6162.569	2215.3718	8792.335	-550.7492	1000.0	564000
142	-578.9406	15.822531	576.97943	234.62328	937.9309	-16.385794	5760.3706	2079.4514	8030.982	-657.9653	1000.0	6177.7705	2214.9778	8792.335	-550.7492	1000.0	568000
143	-580.52264	15.850821	578.5614	234.71584	937.9309	-16.385794	5775.7295	2080.2454	8030.982	-657.9653	1000.0	6193.88	2215.6125	8792.335	-550.7492	1000.0	572000
144	-582.0934	15.8761425	580.132	234.80911	943.1116	-16.385794	5789.919	2080.0386	8095.7773	-657.9653	1000.0	6209.6807	2216.028	8792.335	-550.7492	1000.0	576000
145	-583.64984	15.902785	581.68866	234.90161	943.1116	-16.385794	5803.7827	2079.566	8095.7773	-657.9653	1000.0	6225.062	2216.1106	8792.335	-550.7492	1000.0	580000
146	-585.1943	15.932367	583.23315	234.9964	943.9058	-16.385794	5818.7686	2080.2742	8095.7773	-657.9653	1000.0	6240.2993	2216.1643	8792.335	-550.7492	1000.0	584000
147	-586.7369	15.959857	584.7752	235.08781	948.9131	-16.385794	5832.822	2080.1724	8122.4424	-657.9653	1000.0	6255.099	2215.8745	8792.335	-550.7492	1000.0	588000
148	-588.26935	15.983964	586.3076	235.17677	948.9131	-16.385794	5846.617	2079.8818	8122.4424	-657.9653	1000.0	6270.9097	2216.7214	8921.563	-550.7492	1000.0	592000
149	-589.7898	16.009575	587.8282	235.27074	948.9131	-16.385794	5861.318	2080.6365	8214.3125	-657.9653	1000.0	6286.8223	2217.78	8936.548	-550.7492	1000.0	596000
150	-591.3018	16.038029	589.34045	235.36615	948.9131	-16.385794	5875.2656	2080.6985	8214.3125	-657.9653	1000.0	6300.892	2217.0518	8936.548	-550.7492	1000.0	600000
151	-592.796	16.071068	590.8349	235.46423	951.2575	-16.385794	5888.7705	2080.4062	8214.3125	-657.9653	1000.0	6315.122	2216.6133	8936.548	-550.7492	1000.0	604000
152	-594.28906	16.101372	592.3276	235.56288	951.2575	-16.385794	5901.2896	2079.3535	8214.3125	-657.9653	1000.0	6329.7476	2216.654	8936.548	-550.7492	1000.0	608000
153	-595.77563	16.130306	593.814	235.65727	952.692	-16.385794	5914.336	2078.7874	8214.3125	-657.9653	1000.0	6344.419	2216.8513	8936.548	-550.7492	1000.0	612000
154	-597.2525	16.165205	595.2909	235.7544	955.7926	-16.385794	5928.2437	2079.2905	8416.692	-657.9653	1000.0	6359.1963	2217.205	8936.548	-550.7492	1000.0	616000
155	-598.7205	16.201378	596.7584	235.8509	959.5688	-26.454903	5941.9927	2079.6082	8416.692	-657.9653	1000.0	6373.8105	2217.5208	8936.548	-550.7492	1000.0	620000
156	-600.18414	16.227238	598.22205	235.94847	959.5688	-26.454903	5955.2603	2079.5916	8416.692	-657.9653	1000.0	6384.728	2220.8022	8936.548	-550.7492	1000.0	624000
157	-601.63806	16.25867	599.67554	236.04758	962.75494	-26.454903	5967.8486	2078.9766	8416.692	-657.9653	1000.0	6399.6587	2221.594	8936.548	-550.7492	1000.0	628000
158	-603.08527	16.285942	601.1223	236.14398	963.41876	-26.454903	5980.6675	2078.6206	8416.692	-657.9653	1000.0	6412.667	2220.5845	8936.548	-550.7492	1000.0	632000
159	-604.53314	16.31281	602.56995	236.23885	963.41876	-26.454903	5993.269	2078.172	8416.692	-657.9653	1000.0	6426.568	2220.5054	8936.548	-550.7492	1000.0	636000
160	-605.96686	16.340506	604.0039	236.33354	963.41876	-26.454903	6006.085	2077.9834	8416.692	-657.9653	1000.0	6441.806	2221.9094	9087.579	-550.7492	1000.0	640000
161	-607.387	16.371988	605.4238	236.4296	974.7769	-26.454903	6019.255	2078.2605	8416.692	-657.9653	1000.0	6455.764	2222.099	9140.668	-550.7492	1000.0	644000
162	-608.80566	16.400309	606.84216	236.52457	974.7769	-26.454903	6032.1924	2078.3464	8416.692	-657.9653	1000.0	6468.6196	2221.2405	9140.668	-550.7492	1000.0	648000
163	-610.2162	16.428097	608.2526	236.6209	974.7769	-26.454903	6045.149	2078.5325	8416.692	-657.9653	1000.0	6482.502	2221.4653	9140.668	-550.7492	1000.0	652000
164	-611.6136	16.459991	609.65027	236.71764	978.8885	-26.454903	6056.994	2077.6992	8416.692	-657.9653	1000.0	6492.916	2225.478	9140.668	-550.7492	1000.0	656000
165	-612.99835	16.494688	611.03467	236.81143	978.8885	-26.454903	6070.0356	2078.1663	8416.692	-657.9653	1000.0	6506.49	2225.5298	9140.668	-550.7492	1000.0	660000
166	-614.3752	16.522804	612.4115	236.8999	980.0551	-26.454903	6082.6836	2078.29	8416.692	-657.9653	1000.0	6518.142	2223.8833	9140.668	-550.7492	1000.0	664000
167	-615.74164	16.548529	613.77765	236.98636	980.0551	-26.454903	6095.0103	2078.1602	8416.692	-657.9653	1000.0	6530.0737	2222.6306	9140.668	-550.7492	1000.0	668000
168	-617.0972	16.570478	615.13324	237.07121	985.57184	-26.454903	6106.785	2077.5603	8416.692	-657.9653	1000.0	6543.5244	2222.9106	9140.668	-550.7492	1000.0	672000
169	-618.4496	16.594923	616.48517	237.15515	985.57184	-26.454903	6119.12	2077.5916	8416.692	-657.9653	1000.0	6556.6797	2222.9126	9140.668	-550.7492	1000.0	676000
170	-619.7952	16.622509	617.8308	237.23837	985.57184	-26.454903	6130.0815	2076.381	8416.692	-657.9653	1000.0	6570.703	2223.8945	9237.433	-550.7492	1000.0	680000
171	-621.1299	16.645792	619.16565	237.31633	985.57184	-26.454903	6141.854	2076.1118	8636.716	-657.9653	1000.0	6583.9976	2224.1785	9237.433	-550.7492	1000.0	684000
172	-622.4516	16.669455	620.4874	237.3924	985.57184	-26.454903	6153.2666	2075.45	8636.716	-657.9653	1000.0	6597.1226	2224.3535	9237.433	-550.7492	1000.0	688000
173	-623.7637	16.701397	621.7994	237.47043	987.8356	-26.454903	6152.14	2082.113	8636.716	-657.9653	1000.0	6607.16	2224.8699	9237.433	-550.7492	1000.0	692000
174	-625.0544	16.739182	623.09015	237.55045	990.18787	-26.454903	6164.7847	2082.7786	8636.716	-657.9653	1000.0	6619.5527	2224.5261	9237.433	-550.7492	1000.0	696000
175	-626.3389	16.77398	624.37427	237.62633	990.18787	-26.454903	6176.497	2082.5977	8636.716	-657.9653	1000.0	6632.6035	2224.8618	9237.433	-550.7492	1000.0	700000
176	-627.6199	16.802467	625.65485	237.69676	991.329	-45.81814	6183.3745	2081.221	8636.716	-657.9653	1000.0	6646.4663	2226.1445	9451.527	-550.7492	1000.0	704000
177	-628.89355	16.848614	626.9282	237.76645	991.329	-297.2554	6195.247	2081.331	8636.716	-657.9653	1000.0	6659.287	2226.4197	9451.527	-550.7492	1000.0	708000
178	-630.1615	16.902782	628.1961	237.84207	992.58856	-297.2554	6207.066	2081.4358	8636.716	-657.9653	1000.0	6671.1	2225.7402	9451.527	-550.7492	1000.0	712000
179	-631.42096	16.939062	629.4551	237.919	996.6737	-297.2554	6217.8843	2080.6638	8636.716	-657.9653	1000.0	6684.0527	2226.252	9451.527	-550.7492	1000.0	716000
180	-632.6782	16.968447	630.7123	237.99123	999.77484	-297.2554	6227.3647	2079.125	8636.716	-657.9653	1000.0	6693.7993	2226.95	9451.527	-550.7492	1000.0	720000
181	-633.9235	16.999695	631.95764	238.06795	999.77484	-297.2554	6239.161	2079.4504	8645.163	-657.9653	1000.0	6706.041	2226.8826	9451.527	-550.7492	1000.0	724000
182	-635.1671	17.033398	633.2007	238.14452	1001.2528	-297.2554	6250.039	2078.9702	8645.163	-657.9653	1000.0	6716.605	2225.6084	9451.527	-550.7492	1000.0	728000
183	-636.40344	17.06309	634.437	238.22314	1002.3733	-297.2554	6261.8438	2079.3926	8645.163	-657.9653	1000.0	6729.497	2226.376	9451.527	-550.7492	1000.0	732000
184	-637.63293	17.099974	635.6666	238.30345	1004.61273	-297.2554	6271.8745	2078.271	8645.163	-657.9653	1000.0	6741.465	2226.247	9451.527	-550.7492	1000.0	736000
185	-638.85156	17.140078	636.8853	238.38356	1004.61273	-297.2554	6281.619	2077.387	8645.163	-657.9653	1000.0	6753.237	2225.997	9451.527	-550.7492	1000.0	740000
186	-640.06165	17.182732	638.0952	238.45647	1004.61273	-297.2554	6292.7183	2077.3042	8645.163	-657.9653	1000.0	6764.7827	2225.6643	9451.527	-550.7492	1000.0	744000
187	-641.26215	17.218002	639.29596	238.5286	1004.61273	-297.2554	6303.8735	2077.3723	8711.48	-657.9653	1000.0	6777.7827	2226.802	9451.527	-550.7492	1000.0	748000
188	-642.45496	17.259518	640.48926	238.60153	1005.54803	-297.2554	6314.629	2077.1487	8759.373	-657.9653	1000.0	6790.2017	2227.3713	9451.527	-550.7492	1000.0	752000
189	-643.64185	17.291819	641.6761	238.67581	1006.2149	-297.2554	6324.9683	2076.539	8759.373	-657.9653	1000.0	6796.9546	2230.2368	9477.493	-550.7492	1000.0	756000
190	-644.8216	17.33238	642.8558	238.74626	1009.88556	-297.2554	6334.9756	2075.7773	8759.373	-657.9653	1000.0	6808.438	2229.975	9477.493	-550.7492	1000.0	760000
191	-645.99524	17.375153	644.0291	238.81917	1009.88556	-304.41223	6346.021	2075.9316	8759.373	-657.9653	1000.0	6815.817	2229.0234	9477.493	-550.7492	1000.0	764000
192	-647.1639	17.40708	645.1975	238.89072	1009.88556	-304.41223	6357.0625	2076.151	8759.373	-657.9653	1000.0	6826.482	2228.1147	9477.493	-550.7492	1000.0	768000
193	-648.32996	17.438969	646.3635	238.96274	1009.88556	-304.41223	6367.672	2076.023	8759.373	-657.9653	1000.0	6838.0654	2228.1865	9477.493	-550.7492	1000.0	772000
194	-649.49176	17.477526	647.525	239.03569	1010.9547	-304.41223	6377.8228	2075.4917	8759.373	-657.9653	1000.0	6848.6475	2227.3557	9477.493	-550.7492	1000.0	776000
195	-650.6481	17.512547	648.68115	239.10674	1011.61707	-304.41223	6388.262	2075.3015	8759.373	-657.9653	1000.0	6859.7354	2227.0405	9477.493	-550.7492	1000.0	780000
196	-651.79767	17.546415	649.83075	239.17636	1014.31177	-304.41223	6399.0215	2075.4634	8759.373	-657.9653	1000.0	6870.8604	2226.8108	9477.493	-550.7492	1000.0	784000
197	-652.9399	17.589912	650.9727	239.24445	1014.5468	-304.41223	6408.7183	2074.6555	8759.373	-657.9653	1000.0	6881.74	2226.4187	9477.493	-550.7492	1000.0	788000
198	-654.08264	17.624239	652.1152	239.31511	1019.658	-304.41223	6419.2734	2074.7158	8759.373	-657.9653	1000.0	6892.863	2226.2983	9477.493	-550.7492	1000.0	792000
199	-655.21765	17.660532	653.24994	239.38776	1023.232	-304.41223	6429.2646	2074.2698	8759.373	-657.9653	1000.0	6903.7476	2226.0112	9477.493	-550.7492	1000.0	796000
200	-656.3518	17.692951	654.38354	239.45956	1023.232	-304.41223	6438.811	2073.4885	8759.373	-657.9653	1000.0	6914.776	2225.9429	9477.493	-550.7492	1000.0	800000
201	-657.4832	17.723673	655.51447	239.53297	1023.232	-304.41223	6448.5166	2072.912	8759.373	-657.9653	1000.0	6925.4966	2225.67	9477.493	-550.7492	1000.0	804000
202	-658.607	17.764463	656.6382	239.60329	1023.232	-304.41223	6457.1675	2071.6362	8759.373	-657.9653	1000.0	6930.7495	2227.7388	9477.493	-550.7492	1000.0	808000
203	-659.72424	17.796637	657.75507	239.67014	1023.232	-304.41223	6467.032	2071.2917	8759.373	-657.9653	1000.0	6939.3413	2229.8508	9650.304	-550.7492	1000.0	812000
204	-660.83295	17.825136	658.8635	239.73325	1023.232	-304.41223	6476.5938	2070.7861	8759.373	-657.9653	1000.0	6950.4	2230.0093	9650.304	-550.7492	1000.0	816000
205	-661.9355	17.860739	659.9659	239.79803	1024.2042	-304.41223	6485.48	2069.8892	8940.602	-657.9653	1000.0	6962.4673	2231.249	9650.304	-550.7492	1000.0	820000
206	-663.0288	17.899498	661.0593	239.8632	1026.3612	-304.41223	6495.046	2069.4001	8940.602	-657.9653	1000.0	6973.36	2231.319	9650.304	-550.7492	1000.0	824000
207	-664.1166	17.93704	662.14667	239.93112	1026.3612	-304.41223	6505.3677	2069.7249	8940.602	-657.9653	1000.0	6982.9224	2230.1812	9650.304	-550.7492	1000.0	828000
208	-665.20056	17.975426	663.2302	239.99802	1030.4344	-304.41223	6514.804	2069.2058	8940.602	-657.9653	1000.0	6993.738	2230.4573	9650.304	-550.7492	1000.0	832000
209	-666.283	18.008703	664.31195	240.06435	1030.4344	-304.41223	6524.4424	2068.9573	8940.602	-657.9653	1000.0	7003.877	2229.9802	9650.304	-550.7492	1000.0	836000
210	-667.36194	18.044565	665.3909	240.12746	1030.4344	-304.41223	6533.695	2068.3984	8940.602	-657.9653	1000.0	7014.985	2230.5195	9781.913	-550.7492	1000.0	840000
211	-668.43225	18.082336	666.46136	240.19177	1030.7279	-304.41223	6543.4883	2068.3794	8940.602	-657.9653	1000.0	7025.992	2230.943	9781.913	-550.7492	1000.0	844000
212	-669.4942	18.118612	667.52313	240.2587	1036.6859	-304.41223	6553.327	2068.48	8940.602	-657.9653	1000.0	7036.3125	2231.1785	9781.913	-550.7492	1000.0	848000
213	-670.55096	18.155869	668.5797	240.32751	1038.0626	-304.41223	6563.0615	2068.494	8940.602	-657.9653	1000.0	7044.825	2229.4	9781.913	-550.7492	1000.0	852000
214	-671.6057	18.189281	669.63403	240.39168	1038.0626	-304.41223	6572.63	2068.4033	8940.602	-657.9653	1000.0	7056.261	2230.451	9781.913	-550.7492	1000.0	856000
215	-672.65735	18.219116	670.6854	240.45276	1038.0626	-304.41223	6582.427	2068.5637	8940.602	-657.9653	1000.0	7065.9795	2229.824	9781.913	-550.7492	1000.0	860000
216	-673.70734	18.250303	671.73517	240.51651	1041.5774	-304.41223	6592.3286	2068.9067	9007.193	-657.9653	1000.0	7077.1914	2230.79	9781.913	-550.7492	1000.0	864000
217	-674.75464	18.28364	672.7821	240.583	1041.5774	-304.41223	6602.0186	2069.0515	9007.193	-657.9653	1000.0	7084.3164	2230.4272	9781.913	-550.7492	1000.0	868000
218	-675.7966	18.312136	673.82385	240.65	1044.2753	-304.41223	6610.4463	2068.0535	9007.193	-657.9653	1000.0	7093.912	2229.8237	9781.913	-550.7492	1000.0	872000
219	-676.8316	18.345638	674.859	240.71675	1044.7864	-304.41223	6619.926	2068.17	9152.336	-657.9653	1000.0	7101.151	2227.446	9781.913	-550.7492	1000.0	876000
220	-677.8587	18.38405	675.886	240.78711	1044.7864	-304.41223	6629.662	2068.4988	9152.336	-657.9653	1000.0	7111.529	2227.699	9781.913	-550.7492	1000.0	880000
221	-678.8832	18.421309	676.91003	240.8603	1046.8123	-304.41223	6638.9785	2068.4583	9152.336	-657.9653	1000.0	7122.6064	2228.7893	9932.825	-550.7492	1000.0	884000
222	-679.9074	18.452642	677.9339	240.92885	1047.0736	-304.41223	6648.614	2068.7625	9152.336	-657.9653	1000.0	7132.6655	2228.803	9932.825	-550.7492	1000.0	888000
223	-680.92993	18.480228	678.9559	240.9967	1047.0736	-304.41223	6657.6055	2068.4644	9152.336	-657.9653	1000.0	7142.4365	2228.589	9932.825	-550.7492	1000.0	892000
224	-681.95215	18.511324	679.9778	241.06894	1048.518	-304.41223	6665.7134	2067.414	9152.336	-657.9653	1000.0	7149.358	2226.1433	9932.825	-550.7492	1000.0	896000
225	-682.9681	18.555895	680.9934	241.1389	1056.1241	-304.41223	6675.2524	2067.7546	9152.336	-657.9653	1000.0	7157.6895	2224.7314	9932.825	-550.7492	1000.0	900000
226	-683.9835	18.59511	682.00854	241.20735	1056.1241	-304.41223	6684.572	2067.9602	9152.336	-657.9653	1000.0	7167.0464	2224.376	9932.825	-550.7492	1000.0	904000
227	-684.99194	18.630121	683.01654	241.27682	1056.1241	-304.41223	6693.2544	2067.581	9152.336	-657.9653	1000.0	7177.301	2224.8315	9932.825	-550.7492	1000.0	908000
228	-685.9991	18.664831	684.0231	241.34705	1056.1241	-304.41223	6702.291	2067.5444	9152.336	-657.9653	1000.0	7186.3423	2224.1392	9932.825	-550.7492	1000.0	912000
229	-687.00116	18.693874	685.0247	241.41698	1060.2554	-304.41223	6711.7563	2067.9924	9152.336	-657.9653	1000.0	7195.6113	2223.7224	9932.825	-550.7492	1000.0	916000
230	-688.0019	18.724493	686.0251	241.4863	1073.4296	-304.41223	6720.999	2068.3062	9152.336	-657.9653	1000.0	7204.5537	2223.035	9932.825	-550.7492	1000.0	920000
231	-689.0008	18.754349	687.0237	241.55391	1073.4296	-304.41223	6728.826	2067.258	9152.336	-657.9653	1000.0	7213.467	2222.4175	9932.825	-550.7492	1000.0	924000
232	-689.9975	18.781387	688.0198	241.62343	1073.4296	-304.41223	6737.3486	2066.923	9152.336	-657.9653	1000.0	7219.837	2222.1138	9932.825	-550.7492	1000.0	928000
233	-690.9889	18.808565	689.011	241.69194	1075.2405	-304.41223	6746.5034	2067.253	9166.428	-657.9653	1000.0	7229.1084	2221.9182	9932.825	-550.7492	1000.0	932000
234	-691.9742	18.838394	689.9958	241.75365	1075.2405	-304.41223	6754.9927	2066.9556	9166.428	-657.9653	1000.0	7237.5557	2220.9775	9932.825	-550.7492	1000.0	936000
235	-692.9532	18.860783	690.9745	241.81114	1075.2405	-304.41223	6763.3447	2066.518	9166.428	-657.9653	1000.0	7247.297	2221.2896	9932.825	-550.7492	1000.0	940000
236	-693.9227	18.886852	691.9438	241.86966	1075.2405	-304.41223	6771.6694	2066.0862	9166.428	-657.9653	1000.0	7257.249	2221.8486	9932.825	-550.7492	1000.0	944000
237	-694.8855	18.914007	692.90656	241.92523	1075.2405	-304.41223	6776.5244	2066.1572	9168.257	-657.9653	1000.0	7266.05	2221.6987	9932.825	-550.7492	1000.0	948000
238	-695.8383	18.941301	693.8593	241.97641	1075.2405	-304.41223	6784.339	2065.424	9168.257	-657.9653	1000.0	7275.07	2221.4114	9932.825	-550.7492	1000.0	952000
239	-696.7868	18.971947	694.80743	242.02347	1075.2405	-304.41223	6792.5796	2065.025	9168.257	-657.9653	1000.0	7283.886	2220.958	9932.825	-550.7492	1000.0	956000
240	-697.733	19.001411	695.753	242.07082	1075.2405	-304.41223	6801.098	2064.9377	9168.257	-657.9653	1000.0	7292.1865	2220.0852	9932.825	-550.7492	1000.0	960000
241	-698.67706	19.02776	696.6966	242.1208	1075.2405	-304.41223	6809.789	2065.0503	9168.257	-657.9653	1000.0	7300.7437	2219.5872	9932.825	-550.7492	1000.0	964000
242	-699.61725	19.054482	697.6368	242.17166	1076.4896	-304.41223	6818.3833	2065.1243	9168.257	-657.9653	1000.0	7309.679	2219.3765	9932.825	-550.7492	1000.0	968000
243	-700.5529	19.083097	698.5719	242.21764	1079.3357	-304.41223	6826.964	2065.2454	9197.077	-657.9653	1000.0	7319.3286	2219.8943	9932.825	-550.7492	1000.0	972000
244	-701.48376	19.115599	699.5025	242.26382	1079.3357	-304.41223	6835.0864	2064.9287	9197.077	-657.9653	1000.0	7327.856	2219.354	9932.825	-550.7492	1000.0	976000
245	-702.41077	19.141596	700.4291	242.31166	1079.3357	-304.41223	6843.813	2065.2405	9197.077	-657.9653	1000.0	7337.633	2220.121	9932.825	-550.7492	1000.0	980000
246	-703.33417	19.175596	701.3521	242.36421	1080.1267	-304.41223	6851.9844	2065.0146	9197.077	-657.9653	1000.0	7347.7173	2221.2332	10155.01	-550.7492	1000.0	984000
247	-704.2568	19.212425	702.27454	242.41618	1084.416	-304.41223	6860.3496	2065.0146	9197.077	-657.9653	1000.0	7357.1313	2221.665	10155.01	-550.7492	1000.0	988000
248	-705.1786	19.24041	703.196	242.46767	1084.416	-304.41223	6869.485	2065.8564	9282.522	-657.9653	1000.0	7365.3096	2220.906	10155.01	-550.7492	1000.0	992000
249	-706.0978	19.273201	704.1152	242.52052	1086.031	-304.41223	6876.9824	2065.0928	9282.522	-657.9653	1000.0	7374.1167	2220.8196	10155.01	-550.7492	1000.0	996000
250	-707.01324	19.30006	705.0302	242.57474	1086.031	-304.41223	6883.968	2064.2075	9282.522	-657.9653	1000.0	7383.4946	2221.3196	10155.01	-550.7492	1000.0	1000000
